# Format: McCode with text headers
# URL: http://www.mccode.org
# Creator: McStas 3.1 - Nov. 24, 2021
# Instrument: FullInstrument_v5.instr
# Ncount: 2000000
# Trace: no
# Gravitation: no
# Seed: 1647548415198153
# Directory: /home/kristine/Documents/GitHub/CAMEA_resolution/projekt_gruppe/Original_instrument/v5_14meV_dE1meV/44
# Param: SourceE=14
# Param: DeltaSourceE=1
# Param: guideMonitors=1
# Param: EI=5
# Param: A3=0
# Param: A4=-45
# Param: SAMPLE=0
# Param: RV_mono_Bool=1
# Param: RH_mono_Bool=1
# Param: monoShieldingWidth=0.062
# Param: monoShieldingHeight=0.14
# Param: monoShieldingDistance=0.235
# Param: MonoShielding=1
# Param: Be_filter=1
# Param: sampleHeight=0.01
# Param: sampleRadius=0.005
# Param: samplePosY=0
# Param: simon=0.44
# Date: Thu Mar 17 21:20:20 2022 (1647548420)
# type: array_2d(100, 100)
# Source: PSI_CAMEA (FullInstrument_v5.instr)
# component: kim
# position: 0 0 36.0105
# title: PSD monitor
# Ncount: 2000000
# filename: kristine.dat
# statistics: X0=0.0428464; dX=0.85665; Y0=-0.00416546; dY=1.4126;
# signal: Min=0; Max=477167; Mean=17862.3;
# values: 1.78623e+08 757116 159233
# xvar: X 
# yvar: Y 
# xlabel: X position [cm]
# ylabel: Y position [cm]
# zvar: I
# zlabel: Signal per bin
# xylimits: -7 7 -7 7
# variables: I I_err N
# Data [kim/kristine.dat] I:
0 0 0 0 0 0 0 0 0 0 0 0 0 0 0 0 0 0 0 0 0 0 0 0 0 0 0 0 0 0 0 0 0 0 0 0 0 0 0 0 0 0 0 0 0 0 0 0 0 0 0 0 0 0 0 0 0 0 0 0 0 0 0 0 0 0 0 0 0 0 0 0 0 0 0 0 0 0 0 0 0 0 0 0 0 0 0 0 0 0 0 0 0 0 0 0 0 0 0 0 
0 0 0 0 0 0 0 0 0 0 0 0 0 0 0 0 0 0 0 0 0 0 0 0 0 0 0 0 0 0 0 0 0 0 0 0 0 0 0 0 0 0 0 0 0 0 0 0 0 0 0 0 0 0 0 0 0 0 0 0 0 0 0 0 0 0 0 0 0 0 0 0 0 0 0 0 0 0 0 0 0 0 0 0 0 0 0 0 0 0 0 0 0 0 0 0 0 0 0 0 
0 0 0 0 0 0 0 0 0 0 0 0 0 0 0 0 0 0 0 0 0 0 0 0 0 0 0 0 0 0 0 0 0 0 0 0 0 0 0 0 0 0 0 0 0 0 0 0 0 0 0 0 0 0 0 0 0 0 0 0 0 0 0 0 0 0 0 0 0 0 0 0 0 0 0 0 0 0 0 0 0 0 0 0 0 0 0 0 0 0 0 0 0 0 0 0 0 0 0 0 
0 0 0 0 0 0 0 0 0 0 0 0 0 0 0 0 0 0 0 0 0 0 0 0 0 0 0 0 0 0 0 0 0 0 0 0 0 0 0 0 0 0 0 0 0 0 0 0 0 0 0 0 0 0 0 0 0 0 0 0 0 0 0 0 0 0 0 0 0 0 0 0 0 0 0 0 0 0 0 0 0 0 0 0 0 0 0 0 0 0 0 0 0 0 0 0 0 0 0 0 
0 0 0 0 0 0 0 0 0 0 0 0 0 0 0 0 0 0 0 0 0 0 0 0 0 0 0 0 0 0 0 0 0 0 0 0 0 0 0 0 0 0 0 0 0 0 0 0 0 0 0 0 0 0 0 0 0 0 0 0 0 0 0 0 0 0 0 0 0 0 0 0 0 0 0 0 0 0 0 0 0 0 0 0 0 0 0 0 0 0 0 0 0 0 0 0 0 0 0 0 
0 0 0 0 0 0 0 0 0 0 0 0 0 0 0 0 0 0 0 0 0 0 0 0 0 0 0 0 0 0 0 0 0 0 0 0 0 0 0 0 0 0 0 0 0 0 0 0 0 0 0 0 0 0 0 0 0 0 0 0 0 0 0 0 0 0 0 0 0 0 0 0 0 0 0 0 0 0 0 0 0 0 0 0 0 0 0 0 0 0 0 0 0 0 0 0 0 0 0 0 
0 0 0 0 0 0 0 0 0 0 0 0 0 0 0 0 0 0 0 0 0 0 0 0 0 0 0 0 0 0 0 0 0 0 0 0 0 0 0 0 0 0 0 0 0 0 0 0 0 0 0 0 0 0 0 0 0 0 0 0 0 0 0 0 0 0 0 0 0 0 0 0 0 0 0 0 0 0 0 0 0 0 0 0 0 0 0 0 0 0 0 0 0 0 0 0 0 0 0 0 
0 0 0 0 0 0 0 0 0 0 0 0 0 0 0 0 0 0 0 0 0 0 0 0 0 0 0 0 0 0 0 0 0 0 0 0 0 0 0 0 0 0 0 0 0 0 0 0 0 0 0 0 0 0 0 0 0 0 0 0 0 0 0 0 0 0 0 0 0 0 0 0 0 0 0 0 0 0 0 0 0 0 0 0 0 0 0 0 0 0 0 0 0 0 0 0 0 0 0 0 
0 0 0 0 0 0 0 0 0 0 0 0 0 0 0 0 0 0 0 0 0 0 0 0 0 0 0 0 0 0 0 0 0 0 0 0 0 0 0 0 0 0 0 0 0 0 0 0 0 0 0 0 0 0 0 0 0 0 0 0 0 0 0 0 0 0 0 0 0 0 0 0 0 0 0 0 0 0 0 0 0 0 0 0 0 0 0 0 0 0 0 0 0 0 0 0 0 0 0 0 
0 0 0 0 0 0 0 0 0 0 0 0 0 0 0 0 0 0 0 0 0 0 0 0 0 0 0 0 0 0 0 0 0 0 0 0 0 0 0 0 0 0 0 0 0 0 0 0 0 0 0 0 0 0 0 0 0 0 0 0 0 0 0 0 0 0 0 0 0 0 0 0 0 0 0 0 0 0 0 0 0 0 0 0 0 0 0 0 0 0 0 0 0 0 0 0 0 0 0 0 
0 0 0 0 0 0 0 0 0 0 0 0 0 0 0 0 0 0 0 0 0 0 0 0 0 0 0 0 0 0 0 0 0 0 0 0 0 0 0 0 0 0 0 0 0 0 0 0 0 0 0 0 0 0 0 0 0 0 0 0 0 0 0 0 0 0 0 0 0 0 0 0 0 0 0 0 0 0 0 0 0 0 0 0 0 0 0 0 0 0 0 0 0 0 0 0 0 0 0 0 
0 0 0 0 0 0 0 0 0 0 0 0 0 0 0 0 0 0 0 0 0 0 0 0 0 0 0 0 0 0 0 0 0 0 0 0 0 0 0 0 0 0 0 0 0 0 0 0 0 0 0 0 0 0 0 0 0 0 0 0 0 0 0 0 0 0 0 0 0 0 0 0 0 0 0 0 0 0 0 0 0 0 0 0 0 0 0 0 0 0 0 0 0 0 0 0 0 0 0 0 
0 0 0 0 0 0 0 0 0 0 0 0 0 0 0 0 0 0 0 0 0 0 0 0 0 0 0 0 0 0 0 0 0 0 0 0 0 0 0 0 0 0 0 0 0 0 0 0 0 0 0 0 0 0 0 0 0 0 0 0 0 0 0 0 0 0 0 0 0 0 0 0 0 0 0 0 0 0 0 0 0 0 0 0 0 0 0 0 0 0 0 0 0 0 0 0 0 0 0 0 
0 0 0 0 0 0 0 0 0 0 0 0 0 0 0 0 0 0 0 0 0 0 0 0 0 0 0 0 0 0 0 0 0 0 0 0 0 0 0 0 0 0 0 0 0 0 0 0 0 0 0 0 0 0 0 0 0 0 0 0 0 0 0 0 0 0 0 0 0 0 0 0 0 0 0 0 0 0 0 0 0 0 0 0 0 0 0 0 0 0 0 0 0 0 0 0 0 0 0 0 
0 0 0 0 0 0 0 0 0 0 0 0 0 0 0 0 0 0 0 0 0 0 0 0 0 0 0 0 0 0 0 0 0 0 0 0 0 0 0 0 0 0 0 0 0 0 0 0 0 0 0 0 0 0 0 0 0 0 0 0 0 0 0 0 0 0 0 0 0 0 0 0 0 0 0 0 0 0 0 0 0 0 0 0 0 0 0 0 0 0 0 0 0 0 0 0 0 0 0 0 
0 0 0 0 0 0 0 0 0 0 0 0 0 0 0 0 0 0 0 0 0 0 0 0 0 0 0 0 0 0 0 0 0 0 0 0 0 0 0 0 0 0 0 0 0 0 0 0 0 0 0 0 0 0 0 0 0 0 0 0 0 0 0 0 0 0 0 0 0 0 0 0 0 0 0 0 0 0 0 0 0 0 0 0 0 0 0 0 0 0 0 0 0 0 0 0 0 0 0 0 
0 0 0 0 0 0 0 0 0 0 0 0 0 0 0 0 0 0 0 0 0 0 0 0 0 0 0 0 0 0 0 0 0 0 0 0 0 0 0 0 0 0 0 0 0 0 0 0 0 0 0 0 0 0 0 0 0 0 0 0 0 0 0 0 0 0 0 0 0 0 0 0 0 0 0 0 0 0 0 0 0 0 0 0 0 0 0 0 0 0 0 0 0 0 0 0 0 0 0 0 
0 0 0 0 0 0 0 0 0 0 0 0 0 0 0 0 0 0 0 0 0 0 0 0 0 0 0 0 0 0 0 0 0 0 0 0 0 0 0 0 0 0 0 0 0 0 0 0 0 0 0 0 0 0 0 0 0 0 0 0 0 0 0 0 0 0 0 0 0 0 0 0 0 0 0 0 0 0 0 0 0 0 0 0 0 0 0 0 0 0 0 0 0 0 0 0 0 0 0 0 
0 0 0 0 0 0 0 0 0 0 0 0 0 0 0 0 0 0 0 0 0 0 0 0 0 0 0 0 0 0 0 0 0 0 0 0 0 0 0 0 0 0 0 0 0 0 0 0 0 0 0 0 0 0 0 0 0 0 0 0 0 0 0 0 0 0 0 0 0 0 0 0 0 0 0 0 0 0 0 0 0 0 0 0 0 0 0 0 0 0 0 0 0 0 0 0 0 0 0 0 
0 0 0 0 0 0 0 0 0 0 0 0 0 0 0 0 0 0 0 0 0 0 0 0 0 0 0 0 0 0 0 0 0 0 0 0 0 0 0 0 0 0 0 0 0 0 0 0 0 0 0 0 0 0 0 0 0 0 0 0 0 0 0 0 0 0 0 0 0 0 0 0 0 0 0 0 0 0 0 0 0 0 0 0 0 0 0 0 0 0 0 0 0 0 0 0 0 0 0 0 
0 0 0 0 0 0 0 0 0 0 0 0 0 0 0 0 0 0 0 0 0 0 0 0 0 0 0 0 0 0 0 0 0 0 0 0 0 0 0 0 0 0 0 0 0 0 0 0 0 0 0 0 0 0 0 0 0 0 0 0 0 0 0 0 0 0 0 0 0 0 0 0 0 0 0 0 0 0 0 0 0 0 0 0 0 0 0 0 0 0 0 0 0 0 0 0 0 0 0 0 
0 0 0 0 0 0 0 0 0 0 0 0 0 0 0 0 0 0 0 0 0 0 0 0 0 0 0 0 0 0 0 0 0 0 0 0 0 0 0 0 0 0 0 0 0 0 0 0 0 0 0 0 0 0 0 0 0 0 0 0 0 0 0 0 0 0 0 0 0 0 0 0 0 0 0 0 0 0 0 0 0 0 0 0 0 0 0 0 0 0 0 0 0 0 0 0 0 0 0 0 
0 0 0 0 0 0 0 0 0 0 0 0 0 0 0 0 0 0 0 0 0 0 0 0 0 0 0 0 0 0 0 0 0 0 0 0 0 0 0 0 0 0 0 0 0 0 0 0 0 0 0 0 0 0 0 0 0 0 0 0 0 0 0 0 0 0 0 0 0 0 0 0 0 0 0 0 0 0 0 0 0 0 0 0 0 0 0 0 0 0 0 0 0 0 0 0 0 0 0 0 
0 0 0 0 0 0 0 0 0 0 0 0 0 0 0 0 0 0 0 0 0 0 0 0 0 0 0 0 0 0 0 0 0 0 0 0 0 0 0 0 0 0 0 0 0 0 0 0 0 0 0 0 3.381049138e-18 0 0 0 0 0 0 0 0 0 0 0 0 0 0 0 0 0 0 0 0 0 0 0 0 0 0 0 0 0 0 0 0 0 0 0 0 0 0 0 0 0 0 0 0 0 0 0 
0 0 0 0 0 0 0 0 0 0 0 0 0 0 0 0 0 0 0 0 0 0 0 0 0 0 0 0 0 0 0 0 0 0 0 2.698891076e-15 0 8.216498197e-14 2.002677583e-11 5.843285628e-10 0 5.940719913e-11 3.3359989e-07 1.40803412e-14 8.075439516e-13 1.643005271e-05 1.196324295e-10 6.965167915e-13 1.700203554e-11 2.761351839e-09 1.716551133e-07 8.411717197e-15 1.749072251e-11 1.824238302e-12 7.64665076e-07 2.00357772e-10 5.610027792e-10 2.874894377e-11 6.882068779e-10 9.191462038e-06 4.135596136e-08 6.496115484e-17 6.659507007e-32 4.308418355e-22 3.851575519e-15 0 0 0 0 0 0 0 0 0 0 0 0 0 0 0 0 0 0 0 0 0 0 0 0 0 0 0 0 0 0 0 0 0 0 0 
0 0 0 0 0 0 0 0 0 0 0 0 0 0 0 0 0 0 0 0 0 0 0 0 0 0 0 0 0 0 0 0 0 0 0 0 2.573154363e-13 0.02241862938 2.771709504e-13 0.8187375037 0.003810286345 0.003319874808 0.007304374648 0.0003406977882 0.417135834 0.2248369928 0.5944951392 1.334842618 0.01951170553 0.2501314403 0.3643413234 0.1745342098 0.006399776913 0.2618755421 0.02212132237 0.2216860422 0.7262432463 0.02466813185 3.10741027 0.002220427308 0.01111656988 1.003937244e-08 1.30583178e-07 4.346803385e-05 4.126115782e-06 0 0 0 0 0 0 0 0 0 0 0 0 0 0 0 0 0 0 0 0 0 0 0 0 0 0 0 0 0 0 0 0 0 0 0 
0 0 0 0 0 0 0 0 0 0 0 0 0 0 0 0 0 0 0 0 0 0 0 0 0 0 0 0 0 0 0 0 0 0 0 0 5.307873721e-11 19.11569647 3.231095833 161.3950288 11.18130003 8.00647991 1.390837938 1.282737697 7.037111909 10.33079372 49.50269259 19.38060638 32.54442065 96.7516172 144.1866112 5.456086659 52.96926235 144.1293823 150.2152118 98.27800008 69.85615518 144.1306276 130.7476808 720.5835044 10.17652094 3.832689411 31.31904032 0.008786648593 9.291135732e-06 0 0 0 0 0 0 0 0 0 0 0 0 0 0 0 0 0 0 0 0 0 0 0 0 0 0 0 0 0 0 0 0 0 0 0 
0 0 0 0 0 0 0 0 0 0 0 0 0 0 0 0 0 0 0 0 0 0 0 0 0 0 0 0 0 0 0 0 0 0 0 0 3.806700441e-09 923.7571302 1718.639479 1695.449657 3341.165274 2420.248483 2190.838225 2833.284341 2076.517036 664.2743132 5330.291648 4094.181459 4509.468795 8324.291958 5893.721498 2488.27907 4988.963145 3072.583431 5164.871493 4028.782496 3909.249904 5441.507927 2810.13139 2986.138577 104.6425505 1282.616895 0.002717981011 0.8805943887 0.00249476799 0 0 0 0 0 0 0 0 0 0 0 0 0 0 0 0 0 0 0 0 0 0 0 0 0 0 0 0 0 0 0 0 0 0 0 
0 0 0 0 0 0 0 0 0 0 0 0 0 0 0 0 0 0 0 0 0 0 0 0 0 0 0 0 0 0 0 0 0 0 0 0.001786774871 2535.68336 10605.40725 5931.42095 2269.693187 7524.507362 4061.33383 10462.99547 5426.024042 8246.4047 13975.25209 19470.27577 9241.321391 3586.844634 9815.077032 11334.38309 21236.20598 19941.95508 16657.76413 22443.28388 21227.14192 14628.97948 11048.13448 12845.32956 10852.78798 80.66517672 1.738344693 0.01696171439 1136.346095 31.77855078 0 0 0 0 0 0 0 0 0 0 0 0 0 0 0 0 0 0 0 0 0 0 0 0 0 0 0 0 0 0 0 0 0 0 0 
0 0 0 0 0 0 0 0 0 0 0 0 0 0 0 0 0 0 0 0 0 0 0 0 0 0 0 0 0 0 0 0 0 0 0 1201.293616 9440.169061 12622.13791 19819.52718 18745.74771 16954.63555 15238.56998 11131.71072 15566.63509 27850.80134 19176.74683 25474.63228 51070.48557 30857.90259 32455.68827 33494.40951 44071.16165 40045.21345 48304.05042 51306.79534 47948.25757 35315.26341 40929.13442 17558.74965 23172.57252 8131.851434 3176.281109 443.3113859 25.45363388 478.016239 0 0 0 0 0 0 0 0 0 0 0 0 0 0 0 0 0 0 0 0 0 0 0 0 0 0 0 0 0 0 0 0 0 0 0 
0 0 0 0 0 0 0 0 0 0 0 0 0 0 0 0 0 0 0 0 0 0 0 0 0 0 0 0 0 0 0 0 0 0 0 1.235921662e-06 7206.037336 13045.92884 23812.04201 40689.97326 31164.02966 21065.06708 30199.36755 36594.57785 33436.08744 56566.22638 44019.5791 58607.17957 53269.52725 49113.32862 46433.01874 48964.23912 50981.81204 77656.82382 63396.97549 43653.21028 48884.62035 49731.56941 63369.67559 37731.11781 8663.198638 9457.188102 11.89602484 659.850299 2.805049357 0 0 0 0 0 0 0 0 0 0 0 0 0 0 0 0 0 0 0 0 0 0 0 0 0 0 0 0 0 0 0 0 0 0 0 
0 0 0 0 0 0 0 0 0 0 0 0 0 0 0 0 0 0 0 0 0 0 0 0 0 0 0 0 0 0 0 0 2.803680126e-18 0 1.237428366e-17 0 10209.08125 16481.41217 33322.28674 20781.21392 55574.95528 34066.96208 46499.73015 65141.81133 63405.65706 54457.79726 58852.05818 75988.4048 141359.104 89242.3675 70809.48634 101396.6918 61509.1837 150612.0678 111736.3175 102771.6619 84730.56831 87805.28413 47394.52153 50749.27602 18060.35076 14256.17944 26.18085827 978.8012597 255.5363622 0 0 0 0 0 0 0 0 0 0 0 0 0 0 0 0 0 0 0 0 0 0 0 0 0 0 0 0 0 0 0 0 0 0 0 
0 0 0 0 0 0 0 0 0 0 0 0 0 0 0 0 0 0 0 0 0 0 0 0 0 0 0 0 0 0 0 0 0 0 0 1.419322513e-11 29715.00348 60469.5531 62638.17027 61575.51347 36513.49425 66218.0842 66380.51181 65951.61054 97430.85831 70147.11685 109989.6085 85037.44213 138403.9868 140483.4897 133383.4582 102388.8679 137388.0308 175948.64 168193.4712 123129.5871 126097.7258 105327.6588 65347.42128 51215.58963 33631.9497 21766.84599 4502.951313 932.2208005 1893.709013 0 0 0 0 0 0 0 0 0 0 0 0 0 0 0 0 0 0 0 0 0 0 0 0 0 0 0 0 0 0 0 0 0 0 0 
0 0 0 0 0 0 0 0 0 0 0 0 0 0 0 0 0 0 0 0 0 0 0 0 0 0 0 0 0 0 0 0 0 0 0 0.01038338381 7869.056396 33605.00185 53836.72863 59010.0563 63704.80697 81391.3357 111940.9891 104540.2424 66222.85006 121044.3666 91764.5295 93188.06663 121753.4324 156478.9412 139737.5561 181417.2628 130833.4517 235104.0162 225710.1798 161811.1466 163367.8032 110086.0774 69672.24578 52120.20776 72315.11226 15439.37105 4888.23487 3423.595507 938.8057365 0 0 0 0 0 0 0 0 0 0 0 0 0 0 0 0 0 0 0 0 0 0 0 0 0 0 0 0 0 0 0 0 0 0 0 
0 0 0 0 0 0 0 0 0 0 0 0 0 0 0 0 0 0 0 0 0 0 0 0 0 0 0 0 0 0 0 0 0 0 0 0.0009386635763 23160.63033 58249.66928 64996.58366 90287.86283 92016.90583 78749.692 79159.50566 78457.92887 110376.2444 117712.0037 140187.955 126202.7081 152597.2676 170852.6162 149811.1889 179034.3218 158074.8503 225411.5263 268335.8241 219784.521 166405.7134 142293.9612 89925.43994 98558.99865 65210.47472 29859.6618 2356.726722 727.9488129 1774.235784 0 0 0 0 0 0 0 0 0 0 0 0 0 0 0 0 0 0 0 0 0 0 0 0 0 0 0 0 0 0 0 0 0 0 0 
0 0 0 0 0 0 0 0 0 0 0 0 0 0 0 0 0 0 0 0 0 0 0 0 0 0 0 0 0 0 0 0 0 0 0 2386.592902 22370.6105 49711.33409 71796.88844 81187.29447 85669.33918 98404.19887 102521.3683 106132.616 152452.8595 137248.4354 181328.1137 180770.3219 143791.9661 213322.3912 167886.4282 233385.8175 185578.6591 279348.269 233132.5119 225385.2318 167934.2776 134240.0522 122437.1523 120765.5277 58848.75147 42972.00406 1196.644758 2823.857752 2158.548113 0 0 0 0 0 0 0 0 0 0 0 0 0 0 0 0 0 0 0 0 0 0 0 0 0 0 0 0 0 0 0 0 0 0 0 
0 0 0 0 0 0 0 0 0 0 0 0 0 0 0 0 0 0 0 0 0 0 0 0 0 0 0 0 0 0 0 0 0 0 1.752992142e-17 4035.312268 50554.10001 63083.60861 76167.84241 80608.7212 108146.4362 102496.5182 101820.0326 147863.0908 144747.1047 216303.9615 192647.7151 212419.5321 240589.2352 209639.0783 182544.9662 202688.9157 303447.7939 303458.2855 269251.3349 221820.3244 197335.7736 213164.2763 142678.1094 58442.96196 79820.83831 40969.74889 4819.304274 377.5269222 209.4164013 0 0 0 0 0 0 0 0 0 0 0 0 0 0 0 0 0 0 0 0 0 0 0 0 0 0 0 0 0 0 0 0 0 0 0 
0 0 0 0 0 0 0 0 0 0 0 0 0 0 0 0 0 0 0 0 0 0 0 0 0 0 0 0 0 0 0 0 0 0 0 6349.543416 43277.58892 53095.67709 109335.3451 107745.164 97949.72769 115652.7507 131855.5327 132549.6647 142885.0004 208938.6604 177979.0653 202588.6868 226450.9459 233171.09 251379.6582 251605.1569 260520.8828 283239.3794 307075.5557 303586.626 230078.5384 208984.1066 153544.6695 103081.0487 89697.65942 18184.93715 10357.20445 682.6342801 646.6176655 0 0 0 0 0 0 0 0 0 0 0 0 0 0 0 0 0 0 0 0 0 0 0 0 0 0 0 0 0 0 0 0 0 0 0 
0 0 0 0 0 0 0 0 0 0 0 0 0 0 0 0 0 0 0 0 0 0 0 0 0 0 0 0 0 0 0 0 0 0 0 3920.257361 25530.08088 98244.15592 83106.84362 121056.8648 119433.9968 124043.688 142866.6758 160838.1903 180720.6327 150716.917 235008.681 226937.4026 255819.9346 198943.6646 296382.8058 251329.4901 368574.8105 420212.5281 320509.3661 247155.0195 319118.5702 281886.7158 182536.8884 124693.0057 119042.6693 38751.96321 3696.262938 2697.04781 2609.267098 0 0 0 0 0 0 0 0 0 0 0 0 0 0 0 0 0 0 0 0 0 0 0 0 0 0 0 0 0 0 0 0 0 0 0 
0 0 0 0 0 0 0 0 0 0 0 0 0 0 0 0 0 0 0 0 0 0 0 0 0 0 0 0 0 0 0 0 0 1.78235563e-17 1.781998467e-17 1491.013176 43788.00791 72546.40797 115555.1143 134780.4839 143146.2589 130715.5933 168722.2857 132110.8701 166231.1951 188280.3408 184690.0174 221991.8327 254979.3963 255551.6962 303980.3238 302731.4884 340283.2397 364232.7543 363060.4006 340624.9963 325088.3411 259233.6988 201644.8002 185199.1348 72409.54366 40795.39727 3037.951708 214.0680061 479.8074334 0 0 0 0 0 0 0 0 0 0 0 0 0 0 0 0 0 0 0 0 0 0 0 0 0 0 0 0 0 0 0 0 0 0 0 
0 0 0 0 0 0 0 0 0 0 0 0 0 0 0 0 0 0 0 0 0 0 0 0 0 0 0 0 0 0 0 0 0 2.816582769e-20 5.063280549e-17 3811.855506 63168.28317 107586.5409 137033.4339 159474.9746 140645.8378 146618.3963 195622.5863 200181.6275 182244.4187 236617.6491 267737.9128 259347.2014 281040.164 324857.849 296709.5957 348942.3612 390339.8407 365735.1186 386390.0341 411806.6262 326016.4922 292501.3491 187286.3028 192891.5844 87186.46196 47687.78526 18633.7311 3063.158625 3242.572114 0 0 0 0 0 0 0 0 0 0 0 0 0 0 0 0 0 0 0 0 0 0 0 0 0 0 0 0 0 0 0 0 0 0 0 
0 0 0 0 0 0 0 0 0 0 0 0 0 0 0 0 0 0 0 0 0 0 0 0 0 0 0 0 0 0 0 0 0 0 0 5632.654403 47584.12957 95631.42845 138484.7729 168109.9327 171311.386 164672.2711 187438.6262 203093.4906 232245.2917 262413.4185 237807.6012 278825.026 293748.7135 279125.9207 286596.5308 340994.3198 354946.4403 460104.796 432807.8245 397018.6191 369337.259 270635.7472 223750.5034 186664.7177 90644.63354 55502.48962 9827.578067 2208.00689 1042.288884 0 0 0 0 0 0 0 0 0 0 0 0 0 0 0 0 0 0 0 0 0 0 0 0 0 0 0 0 0 0 0 0 0 0 0 
0 0 0 0 0 0 0 0 0 0 0 0 0 0 0 0 0 0 0 0 0 0 0 0 0 0 0 0 0 0 0 0 0 0 2.441131129e-17 4510.072189 38364.4586 138008.8032 138305.2088 142693.5536 149050.9231 152232.8782 167836.8377 154542.0293 223753.1717 255723.5727 248752.1963 324801.898 340438.1681 314896.877 297621.2398 318040.1597 413414.1479 456203.3967 414513.5635 340521.4708 386375.3494 293993.398 232361.4532 174661.3519 111668.2286 51465.22995 13790.98377 3566.518493 1421.053199 0 0 0 0 0 0 0 0 0 0 0 0 0 0 0 0 0 0 0 0 0 0 0 0 0 0 0 0 0 0 0 0 0 0 0 
0 0 0 0 0 0 0 0 0 0 0 0 0 0 0 0 0 0 0 0 0 0 0 0 0 0 0 0 0 0 0 0 4.795468273e-18 4.143748296e-18 2.535124953e-17 3023.95344 50739.29373 80974.83512 129566.8914 154037.4483 153444.9295 131082.9506 149602.5931 193841.0636 192962.2553 188296.6266 197452.3642 249456.585 264921.8545 257921.7989 227796.8406 329747.8434 330993.6829 409623.6149 430026.9975 370800.5816 330475.1921 280207.6144 184701.6132 163115.1776 100549.6083 34664.83139 14469.95697 1931.66202 769.318004 0 0 0 0 0 0 0 0 0 0 0 0 0 0 0 0 0 0 0 0 0 0 0 0 0 0 0 0 0 0 0 0 0 0 0 
0 0 0 0 0 0 0 0 0 0 0 0 0 0 0 0 0 0 0 0 0 0 0 0 0 0 0 0 0 0 0 0 0 0 0 944.5938215 39489.28645 97774.48517 119672.3474 67240.80339 133218.5258 172144.7864 128939.3781 190564.7173 210934.0726 148298.2907 229498.6499 314882.5027 293778.6215 238249.4852 264495.2917 303293.7819 349871.7093 319936.7233 420423.1312 345006.126 354636.3489 229546.575 183807.6879 206020.8862 97897.99506 35072.76129 4248.124558 4102.486601 1781.950908 0 0 0 0 0 0 0 0 0 0 0 0 0 0 0 0 0 0 0 0 0 0 0 0 0 0 0 0 0 0 0 0 0 0 0 
0 0 0 0 0 0 0 0 0 0 0 0 0 0 0 0 0 0 0 0 0 0 0 0 0 0 0 0 0 0 0 0 0 2.653122366e-25 0 55.73828719 41357.06975 94921.34086 152412.7153 125587.5507 115530.2383 144965.8996 158774.9974 201215.4321 155710.5365 208903.788 172476.6062 259648.0377 291041.93 258145.5773 231792.9968 289895.413 297602.9747 387985.1519 381126.2244 304312.9347 287262.4868 161206.7797 174700.4086 155384.043 92022.49899 24281.62128 5308.879854 3157.371236 1400.843272 0 0 0 0 0 0 0 0 0 0 0 0 0 0 0 0 0 0 0 0 0 0 0 0 0 0 0 0 0 0 0 0 0 0 0 
0 0 0 0 0 0 0 0 0 0 0 0 0 0 0 0 0 0 0 0 0 0 0 0 0 0 0 0 0 0 0 0 0 0 0 350.2536617 35881.2503 88472.72399 120747.7179 118497.1469 132335.2315 129000.5919 129986.9002 212317.5072 171598.0314 155959.0867 226990.982 229939.9072 215714.0743 255128.417 283805.9026 296167.8208 328324.7066 361125.3964 366335.0418 299207.7094 341937.5245 255410.0981 160425.6268 154163.677 85009.23821 36761.02927 10723.10233 5259.253115 2824.24708 0 0 0 0 0 0 0 0 0 0 0 0 0 0 0 0 0 0 0 0 0 0 0 0 0 0 0 0 0 0 0 0 0 0 0 
0 0 0 0 0 0 0 0 0 0 0 0 0 0 0 0 0 0 0 0 0 0 0 0 0 0 0 0 0 0 0 0 0 0 4.835492457e-17 2106.557881 28334.35709 88264.51719 88778.29587 89087.14209 135069.4334 107751.2698 154798.0732 162968.619 185357.1723 190846.5828 234627.7727 186222.3938 258582.1257 245740.4053 270277.0873 275620.8963 315962.9448 360453.7517 412458.4373 327432.7383 230414.7935 217236.9309 179428.1875 157691.4369 99955.51972 35924.28048 5062.997385 4180.236704 399.8774679 0 0 0 0 0 0 0 0 0 0 0 0 0 0 0 0 0 0 0 0 0 0 0 0 0 0 0 0 0 0 0 0 0 0 0 
0 0 0 0 0 0 0 0 0 0 0 0 0 0 0 0 0 0 0 0 0 0 0 0 0 0 0 0 0 0 0 0 0 5.020378082e-19 4.380060983e-17 120.6647514 43632.37504 108549.8442 164095.5627 150044.9246 124373.0848 126606.2771 136667.1389 198020.8641 139110.9032 158594.8271 173646.4101 212921.0408 219828.174 291838.3021 285555.2694 252827.2306 319845.0298 333494.2235 326033.5213 309427.5254 264241.7047 264126.6744 193243.9854 129491.0144 74375.13143 34100.60788 17553.98887 2210.171789 45.63819125 0 0 0 0 0 0 0 0 0 0 0 0 0 0 0 0 0 0 0 0 0 0 0 0 0 0 0 0 0 0 0 0 0 0 0 
0 0 0 0 0 0 0 0 0 0 0 0 0 0 0 0 0 0 0 0 0 0 0 0 0 0 0 0 0 0 0 0 0 0 0 5124.278159 38018.27066 100565.8911 94156.27119 153145.7351 109042.2439 80963.48592 177884.127 165825.649 156364.6876 178349.9544 172699.1915 242399.9985 204451.4478 254569.9833 261559.4332 253995.6131 242478.2077 380918.8269 297047.3201 311060.032 260408.7309 200059.9768 187547.6277 134919.7728 98928.45984 32762.94134 10787.52115 5855.547595 4786.091892 0 0 0 0 0 0 0 0 0 0 0 0 0 0 0 0 0 0 0 0 0 0 0 0 0 0 0 0 0 0 0 0 0 0 0 
0 0 0 0 0 0 0 0 0 0 0 0 0 0 0 0 0 0 0 0 0 0 0 0 0 0 0 0 0 0 0 0 2.505960264e-18 0 0 4069.522824 37207.01902 65327.60705 97704.9706 126393.3969 97798.83416 111842.5042 143625.4061 106532.9225 117497.4915 126539.0402 198019.0238 202460.8168 200379.7304 283576.1645 207956.122 312725.961 317699.8997 316572.3933 368745.5741 320860.2912 227307.3677 219446.7608 168188.2795 108078.0088 77627.51706 30545.60272 12076.961 1803.802367 4114.955214 0 0 0 0 0 0 0 0 0 0 0 0 0 0 0 0 0 0 0 0 0 0 0 0 0 0 0 0 0 0 0 0 0 0 0 
0 0 0 0 0 0 0 0 0 0 0 0 0 0 0 0 0 0 0 0 0 0 0 0 0 0 0 0 0 0 0 0 0 0 1.881141362e-17 711.5097933 55133.21852 42030.8958 128033.1818 103723.2494 105507.9344 134497.8451 133600.9575 156528.3132 203401.1684 209212.4926 201042.7003 216723.4451 252995.6332 275501.3914 257910.1871 294220.5138 281526.9264 361546.7673 338603.3974 336912.5508 261796.3513 221882.1976 198774.5273 112894.4094 74129.26059 51173.71337 2836.735134 2154.564254 2984.33704 0 0 0 0 0 0 0 0 0 0 0 0 0 0 0 0 0 0 0 0 0 0 0 0 0 0 0 0 0 0 0 0 0 0 0 
0 0 0 0 0 0 0 0 0 0 0 0 0 0 0 0 0 0 0 0 0 0 0 0 0 0 0 0 0 0 0 0 0 9.463842693e-18 0 0.1321513726 55071.08852 94777.55323 121654.2916 115186.9408 135993.9931 154681.5842 154666.5045 139238.9445 135834.6815 176810.6247 223801.5577 187289.1876 148609.6321 240888.6021 247752.8889 322035.6986 313768.2743 387893.609 351764.059 325926.4122 219786.0895 225657.8152 197932.5905 119259.5985 79939.11373 39027.14616 7951.39107 6494.278651 1447.246488 0 0 0 0 0 0 0 0 0 0 0 0 0 0 0 0 0 0 0 0 0 0 0 0 0 0 0 0 0 0 0 0 0 0 0 
0 0 0 0 0 0 0 0 0 0 0 0 0 0 0 0 0 0 0 0 0 0 0 0 0 0 0 0 0 0 0 0 0 0 0 768.023536 49260.97109 82169.83241 100311.8417 156565.4872 133629.4445 188861.4036 146375.5045 156721.3284 175538.0002 246102.5131 194158.4276 251262.4083 202720.0329 267264.4004 301639.4362 267285.1924 311339.7976 327083.898 400117.0409 312552.1251 312950.3058 176428.6189 175010.6746 143016.3685 88383.19615 55629.17162 19632.68307 218.6043293 2471.292583 0 0 0 0 0 0 0 0 0 0 0 0 0 0 0 0 0 0 0 0 0 0 0 0 0 0 0 0 0 0 0 0 0 0 0 
0 0 0 0 0 0 0 0 0 0 0 0 0 0 0 0 0 0 0 0 0 0 0 0 0 0 0 0 0 0 0 0 0 9.725544514e-18 8.239804511e-17 2490.675382 31782.44426 94737.32838 98613.0247 121645.4457 133907.8737 114121.9962 141501.5502 143472.7967 237165.1869 178619.1603 226310.4771 297589.7409 243741.1332 285253.4672 282023.7597 337557.8442 322928.7399 362060.033 426800.4171 433213.0658 283485.7796 272460.0403 195169.7756 131252.9006 76337.93734 45718.08777 10203.24494 7033.115034 1032.414381 0 0 0 0 0 0 0 0 0 0 0 0 0 0 0 0 0 0 0 0 0 0 0 0 0 0 0 0 0 0 0 0 0 0 0 
0 0 0 0 0 0 0 0 0 0 0 0 0 0 0 0 0 0 0 0 0 0 0 0 0 0 0 0 0 0 0 0 2.721737497e-18 7.535107002e-18 5.103993717e-17 924.4832954 29119.51668 85691.5914 135367.056 97595.00597 150248.2006 170994.5464 202839.5087 174721.5727 192464.8801 175174.8626 223140.977 208893.3389 221028.2247 277917.9428 272673.1431 264610.041 359789.454 401791.1082 308222.3533 383313.6256 270939.9479 205900.2052 219037.528 151169.0269 118462.006 53347.47529 4375.464509 3116.180382 513.8248794 0 0 0 0 0 0 0 0 0 0 0 0 0 0 0 0 0 0 0 0 0 0 0 0 0 0 0 0 0 0 0 0 0 0 0 
0 0 0 0 0 0 0 0 0 0 0 0 0 0 0 0 0 0 0 0 0 0 0 0 0 0 0 0 0 0 0 0 0 4.363298779e-18 7.338757952e-17 1852.458881 49485.78635 72610.73268 110954.4995 108086.4407 180191.2397 163659.7502 131228.0883 165073.3794 153214.9986 218489.0519 194960.5845 273597.4924 315425.9919 255143.0077 289085.9938 333816.7124 303683.4055 395662.1908 477166.6158 393095.855 319564.2346 242900.2191 194189.7697 155226.3361 75651.02223 43362.49408 7053.228894 7583.31055 211.4066672 0 0 0 0 0 0 0 0 0 0 0 0 0 0 0 0 0 0 0 0 0 0 0 0 0 0 0 0 0 0 0 0 0 0 0 
0 0 0 0 0 0 0 0 0 0 0 0 0 0 0 0 0 0 0 0 0 0 0 0 0 0 0 0 0 0 0 0 0 0 0 5024.953848 56692.15247 133638.6399 110482.2638 154011.047 145969.2179 117939.6408 155868.5725 157044.3763 198647.2108 194092.6713 318701.2812 290832.0747 264501.0988 312184.9984 323654.4904 305232.5883 334636.1965 433710.8663 450468.0859 431246.664 315760.7235 275223.5386 250083.1115 142663.815 85315.90526 31444.4015 3859.744585 4777.812014 2026.45019 0 0 0 0 0 0 0 0 0 0 0 0 0 0 0 0 0 0 0 0 0 0 0 0 0 0 0 0 0 0 0 0 0 0 0 
0 0 0 0 0 0 0 0 0 0 0 0 0 0 0 0 0 0 0 0 0 0 0 0 0 0 0 0 0 0 0 0 0 2.367891062e-18 2.029424595e-17 4650.765937 50899.4967 100314.4285 126360.0564 170571.5927 143166.2454 168700.7207 188832.1115 178100.7116 195873.5326 279250.9286 313172.0742 260951.7523 287983.2505 303888.4473 325763.7217 320312.1897 434622.0405 366892.2045 417081.1794 389337.7973 326124.7779 290175.1984 248254.9543 154145.4385 94911.48723 35924.60571 3378.583294 5509.835447 2995.556977 0 0 0 0 0 0 0 0 0 0 0 0 0 0 0 0 0 0 0 0 0 0 0 0 0 0 0 0 0 0 0 0 0 0 0 
0 0 0 0 0 0 0 0 0 0 0 0 0 0 0 0 0 0 0 0 0 0 0 0 0 0 0 0 0 0 0 0 0 4.595134499e-18 8.507254918e-25 3377.086378 53009.77663 97291.6244 143659.1383 98755.99753 130217.1264 203371.028 136961.5729 236978.9487 167951.7726 185249.3165 231456.8932 254852.1966 274831.189 307725.6343 291547.8027 346472.7808 314005.4609 397833.738 452287.0234 280924.65 299211.6308 261810.9252 219647.5004 148285.8115 97741.73517 52932.89099 15880.83305 592.5492991 309.2489036 0 0 0 0 0 0 0 0 0 0 0 0 0 0 0 0 0 0 0 0 0 0 0 0 0 0 0 0 0 0 0 0 0 0 0 
0 0 0 0 0 0 0 0 0 0 0 0 0 0 0 0 0 0 0 0 0 0 0 0 0 0 0 0 0 0 0 0 0 0 0 1708.982788 73203.40297 104688.0071 139673.5382 79483.23392 146922.6148 168008.6419 175030.0009 217680.733 154492.3668 204216.0712 248683.4464 246358.823 202449.4464 226469.2271 234810.4981 350217.1666 312418.7351 380356.515 357203.6147 352175.3612 295425.1654 277692.8929 124222.5706 130166.7186 108880.4874 50770.59835 8814.851844 1973.738437 2345.4959 0 0 0 0 0 0 0 0 0 0 0 0 0 0 0 0 0 0 0 0 0 0 0 0 0 0 0 0 0 0 0 0 0 0 0 
0 0 0 0 0 0 0 0 0 0 0 0 0 0 0 0 0 0 0 0 0 0 0 0 0 0 0 0 0 0 0 0 0 6.013520259e-23 0 4142.648285 65536.39797 85630.07478 84542.83712 90956.98388 100154.1211 150634.7733 115609.8306 167044.1052 148722.0667 161533.2187 189088.0437 209476.3213 214106.1115 212395.535 263896.117 274795.769 262505.6914 344830.3864 322037.1369 357472.4496 292881.6835 230779.6722 159380.3884 142595.3396 69992.33555 39104.47152 12422.826 4318.803492 2663.916881 0 0 0 0 0 0 0 0 0 0 0 0 0 0 0 0 0 0 0 0 0 0 0 0 0 0 0 0 0 0 0 0 0 0 0 
0 0 0 0 0 0 0 0 0 0 0 0 0 0 0 0 0 0 0 0 0 0 0 0 0 0 0 0 0 0 0 0 0 0 0 0.3400982054 45592.98601 76295.5374 112223.409 86952.99856 117690.3081 124473.3634 132429.23 141840.6728 124145.1301 209298.5853 164175.4578 193761.7444 193036.6936 232730.5678 300664.3719 302759.2669 306275.9247 352555.0584 303681.6947 319405.9705 224838.0373 131113.5242 165576.1492 130706.5083 80286.91557 34564.53832 4933.012387 2708.382515 1199.181592 0 0 0 0 0 0 0 0 0 0 0 0 0 0 0 0 0 0 0 0 0 0 0 0 0 0 0 0 0 0 0 0 0 0 0 
0 0 0 0 0 0 0 0 0 0 0 0 0 0 0 0 0 0 0 0 0 0 0 0 0 0 0 0 0 0 0 0 1.733742873e-19 0 2.963509478e-17 53.05162719 31101.97958 97321.9385 69940.66133 100558.9336 111979.083 91657.19562 147661.2818 162210.9425 129729.729 118380.0263 163773.7596 207595.6234 148628.9135 199210.4157 206773.6802 226556.6367 251870.8317 240279.3415 315031.1549 193190.3449 226906.959 191608.5908 143307.2929 120788.4435 67335.0878 42731.33146 1789.74035 3439.035147 1626.032882 0 0 0 0 0 0 0 0 0 0 0 0 0 0 0 0 0 0 0 0 0 0 0 0 0 0 0 0 0 0 0 0 0 0 0 
0 0 0 0 0 0 0 0 0 0 0 0 0 0 0 0 0 0 0 0 0 0 0 0 0 0 0 0 0 0 0 0 0 0 1.50119498e-17 0.01204996235 41512.29224 40536.92006 72484.87704 117316.0184 110246.4514 120162.9512 101394.1103 113480.8419 119100.4131 139808.9438 142207.277 155918.8974 168791.8317 199759.0086 179545.8654 226164.8721 178189.5391 297323.9996 289883.6813 230705.4755 216306.9011 146395.3471 173100.2549 79212.92413 54284.10177 34689.3858 13440.21087 2970.155106 1885.710432 0 0 0 0 0 0 0 0 0 0 0 0 0 0 0 0 0 0 0 0 0 0 0 0 0 0 0 0 0 0 0 0 0 0 0 
0 0 0 0 0 0 0 0 0 0 0 0 0 0 0 0 0 0 0 0 0 0 0 0 0 0 0 0 0 0 0 0 0 0 0 839.4438049 13598.08613 65100.07903 52238.906 105606.7037 78355.00767 98933.86916 65801.96121 95787.95137 70614.19126 104661.0184 198530.5734 161576.9685 162980.7529 193563.569 174458.8257 160042.6425 173303.2436 224844.8125 240183.7332 146282.5877 164040.2409 177020.5878 159664.1143 93287.36147 55558.2352 11720.53119 3480.76366 3303.175215 824.636265 0 0 0 0 0 0 0 0 0 0 0 0 0 0 0 0 0 0 0 0 0 0 0 0 0 0 0 0 0 0 0 0 0 0 0 
0 0 0 0 0 0 0 0 0 0 0 0 0 0 0 0 0 0 0 0 0 0 0 0 0 0 0 0 0 0 0 0 0 0 0 1399.903171 29069.5174 58373.2875 65041.46002 53531.18071 42364.755 59002.50896 74736.04255 64284.11707 68647.28726 74730.75379 127057.021 152982.3603 158055.3789 160737.7969 153922.8764 148972.0007 167434.835 151119.3936 171029.5734 148830.187 155627.8384 116201.2312 64031.09063 49768.28175 35241.97724 6687.318842 5699.506094 3376.432036 1001.204547 0 0 0 0 0 0 0 0 0 0 0 0 0 0 0 0 0 0 0 0 0 0 0 0 0 0 0 0 0 0 0 0 0 0 0 
0 0 0 0 0 0 0 0 0 0 0 0 0 0 0 0 0 0 0 0 0 0 0 0 0 0 0 0 0 0 0 0 0 0 0 180.5379283 18351.65891 44237.23578 54428.38083 56099.09367 71282.8142 75495.01967 99962.6616 70878.16309 58044.60082 88491.36455 73730.30932 103432.0605 97894.26308 100305.0112 120454.6414 137924.0754 114349.6056 188532.3741 133732.0989 108631.3227 132327.9302 128506.8617 107986.7167 52265.08251 41659.33761 20784.95164 4837.277949 2143.884961 1091.406368 0 0 0 0 0 0 0 0 0 0 0 0 0 0 0 0 0 0 0 0 0 0 0 0 0 0 0 0 0 0 0 0 0 0 0 
0 0 0 0 0 0 0 0 0 0 0 0 0 0 0 0 0 0 0 0 0 0 0 0 0 0 0 0 0 0 0 0 0 0 9.79880823e-18 4279.555632 15235.63299 25013.63757 22978.49317 38991.83031 58219.53428 28826.10779 66632.37336 62075.46592 82584.09527 38491.82876 43747.88953 78090.09271 91389.70383 92556.25107 68933.91348 102062.5338 120454.3542 102597.85 157072.0805 108344.3033 68429.09198 53534.11217 71182.85234 59072.26381 30544.44603 13666.67842 1763.458935 1371.537894 1.050390424 0 0 0 0 0 0 0 0 0 0 0 0 0 0 0 0 0 0 0 0 0 0 0 0 0 0 0 0 0 0 0 0 0 0 0 
0 0 0 0 0 0 0 0 0 0 0 0 0 0 0 0 0 0 0 0 0 0 0 0 0 0 0 0 0 0 0 0 0 0 1.55300414e-17 1570.528363 10655.08416 31976.02768 39405.59163 16174.47496 17830.52348 21684.87472 48027.89608 47988.02023 35811.97751 62266.98542 67980.78995 81405.9093 64243.09798 42918.63687 57749.92083 59038.70778 44740.23753 90885.98373 83029.4938 69527.23755 61102.72026 41011.67159 40075.187 18344.98491 19034.61431 13105.5779 1899.804659 3343.226471 16.38359434 0 0 0 0 0 0 0 0 0 0 0 0 0 0 0 0 0 0 0 0 0 0 0 0 0 0 0 0 0 0 0 0 0 0 0 
0 0 0 0 0 0 0 0 0 0 0 0 0 0 0 0 0 0 0 0 0 0 0 0 0 0 0 0 0 0 0 0 0 0 0 0 2148.973193 14882.12961 14490.62516 18627.7498 15679.38446 18288.0519 20431.66581 27743.32913 17643.85119 12047.0107 26279.0463 43317.8944 31698.10864 36958.97117 42188.41215 34937.64909 45302.77488 54578.18605 57858.69787 30988.44765 39960.90337 44403.25498 12231.00205 22281.44785 17636.6222 10008.60384 2441.352267 18.65705106 388.2268659 0 0 0 0 0 0 0 0 0 0 0 0 0 0 0 0 0 0 0 0 0 0 0 0 0 0 0 0 0 0 0 0 0 0 0 
0 0 0 0 0 0 0 0 0 0 0 0 0 0 0 0 0 0 0 0 0 0 0 0 0 0 0 0 0 0 0 0 0 0 0 0 33.56670975 5160.609673 8042.423751 3231.01966 12557.13391 8350.655597 5650.62098 14196.10928 8499.112036 5670.59776 7072.967 12989.49297 3900.47038 17414.76302 7046.774689 10849.56595 16256.64206 21086.01466 16492.2946 26033.83903 15326.54638 18533.20387 3086.311645 5003.136395 8109.890598 487.9852013 318.9840449 721.1789699 193.5680768 0 0 0 0 0 0 0 0 0 0 0 0 0 0 0 0 0 0 0 0 0 0 0 0 0 0 0 0 0 0 0 0 0 0 0 
0 0 0 0 0 0 0 0 0 0 0 0 0 0 0 0 0 0 0 0 0 0 0 0 0 0 0 0 0 0 0 0 0 0 0 3.949153811e-14 38.62827579 2172.131481 330.8741277 1555.898284 2057.994494 1793.259368 2674.314047 1654.306513 4278.086077 1760.603076 2830.931504 4767.479344 3673.721741 4994.193287 5409.913445 3704.711189 1335.702106 5949.891012 4148.027093 4428.460803 4720.155211 5156.85443 4776.368184 804.277159 1091.624391 72.37969209 9.091050125 0.1965178309 0.0001522277378 0 0 0 0 0 0 0 0 0 0 0 0 0 0 0 0 0 0 0 0 0 0 0 0 0 0 0 0 0 0 0 0 0 0 0 
0 0 0 0 0 0 0 0 0 0 0 0 0 0 0 0 0 0 0 0 0 0 0 0 0 0 0 0 0 0 0 0 0 0 0 1.496552609e-05 0.0009453327308 0.0009849990246 0.000153277182 24.87265583 15.15984166 19.18665696 6.164063779 14.20069192 21.16267049 64.15900068 26.5821069 218.9353922 9.890185849 111.2134504 10.18161713 29.45615742 75.7095686 32.29341628 118.341124 133.3582844 156.1264305 250.8477686 2.553407021 77.3557986 150.3578501 25.17174423 0.002086873167 3.200563671e-09 0.001481632943 0 0 0 0 0 0 0 0 0 0 0 0 0 0 0 0 0 0 0 0 0 0 0 0 0 0 0 0 0 0 0 0 0 0 0 
0 0 0 0 0 0 0 0 0 0 0 0 0 0 0 0 0 0 0 0 0 0 0 0 0 0 0 0 0 0 0 0 0 0 0 0 0.184167708 0 0.07908948458 2.551091057e-06 0.001041658639 0.00838438599 2.956298176e-05 0.002390839069 6.863877185e-05 0.03329025593 1.538533941 0.000293288874 0.02324648638 1.539434598 0.5060999126 0.1157166899 0.2406107074 0.1215357948 0.1070419827 0.001782482148 0.09484177394 0.5599982607 0.0130170003 0.2393727274 0.0004468315121 0.0001306860963 1.780155423e-15 5.671508067e-15 0 0 0 0 0 0 0 0 0 0 0 0 0 0 0 0 0 0 0 0 0 0 0 0 0 0 0 0 0 0 0 0 0 0 0 0 
0 0 0 0 0 0 0 0 0 0 0 0 0 0 0 0 0 0 0 0 0 0 0 0 0 0 0 0 0 0 0 0 0 0 0 3.952148035e-29 1.304531399e-12 0 2.368137581e-06 1.771206748e-06 2.801226189e-12 2.003038656e-11 1.198653535e-12 3.318041705e-14 2.08893388e-06 4.425387477e-12 8.414390368e-14 1.302362679e-13 1.96514152e-10 1.192279038e-07 2.022904377e-07 3.3660704e-12 4.910606535e-11 3.839190594e-11 4.532359211e-06 6.311340651e-10 2.383254724e-09 1.874419833e-05 4.494741435e-09 1.185959561e-10 7.10441408e-13 5.317051802e-12 5.204286432e-16 1.978415495e-18 3.231363159e-14 0 0 0 0 0 0 0 0 0 0 0 0 0 0 0 0 0 0 0 0 0 0 0 0 0 0 0 0 0 0 0 0 0 0 0 
0 0 0 0 0 0 0 0 0 0 0 0 0 0 0 0 0 0 0 0 0 0 0 0 0 0 0 0 0 0 0 0 0 0 0 0 0 0 0 0 0 0 0 0 0 0 0 0 0 0 0 1.111445551e-14 0 0 0 0 0 0 0 0 0 0 0 0 0 0 0 0 0 0 0 0 0 0 0 0 0 0 0 0 0 0 0 0 0 0 0 0 0 0 0 0 0 0 0 0 0 0 0 0 
0 0 0 0 0 0 0 0 0 0 0 0 0 0 0 0 0 0 0 0 0 0 0 0 0 0 0 0 0 0 0 0 0 0 0 0 0 0 0 0 0 0 0 0 0 0 0 0 0 0 0 0 0 0 0 0 0 0 0 0 0 0 0 0 0 0 0 0 0 0 0 0 0 0 0 0 0 0 0 0 0 0 0 0 0 0 0 0 0 0 0 0 0 0 0 0 0 0 0 0 
0 0 0 0 0 0 0 0 0 0 0 0 0 0 0 0 0 0 0 0 0 0 0 0 0 0 0 0 0 0 0 0 0 0 0 0 0 0 0 0 0 0 0 0 0 0 0 0 0 0 0 0 0 0 0 0 0 0 0 0 0 0 0 0 0 0 0 0 0 0 0 0 0 0 0 0 0 0 0 0 0 0 0 0 0 0 0 0 0 0 0 0 0 0 0 0 0 0 0 0 
0 0 0 0 0 0 0 0 0 0 0 0 0 0 0 0 0 0 0 0 0 0 0 0 0 0 0 0 0 0 0 0 0 0 0 0 0 0 0 0 0 0 0 0 0 0 0 0 0 0 0 0 0 0 0 0 0 0 0 0 0 0 0 0 0 0 0 0 0 0 0 0 0 0 0 0 0 0 0 0 0 0 0 0 0 0 0 0 0 0 0 0 0 0 0 0 0 0 0 0 
0 0 0 0 0 0 0 0 0 0 0 0 0 0 0 0 0 0 0 0 0 0 0 0 0 0 0 0 0 0 0 0 0 0 0 0 0 0 0 0 0 0 0 0 0 0 0 0 0 0 0 0 0 0 0 0 0 0 0 0 0 0 0 0 0 0 0 0 0 0 0 0 0 0 0 0 0 0 0 0 0 0 0 0 0 0 0 0 0 0 0 0 0 0 0 0 0 0 0 0 
0 0 0 0 0 0 0 0 0 0 0 0 0 0 0 0 0 0 0 0 0 0 0 0 0 0 0 0 0 0 0 0 0 0 0 0 0 0 0 0 0 0 0 0 0 0 0 0 0 0 0 0 0 0 0 0 0 0 0 0 0 0 0 0 0 0 0 0 0 0 0 0 0 0 0 0 0 0 0 0 0 0 0 0 0 0 0 0 0 0 0 0 0 0 0 0 0 0 0 0 
0 0 0 0 0 0 0 0 0 0 0 0 0 0 0 0 0 0 0 0 0 0 0 0 0 0 0 0 0 0 0 0 0 0 0 0 0 0 0 0 0 0 0 0 0 0 0 0 0 0 0 0 0 0 0 0 0 0 0 0 0 0 0 0 0 0 0 0 0 0 0 0 0 0 0 0 0 0 0 0 0 0 0 0 0 0 0 0 0 0 0 0 0 0 0 0 0 0 0 0 
0 0 0 0 0 0 0 0 0 0 0 0 0 0 0 0 0 0 0 0 0 0 0 0 0 0 0 0 0 0 0 0 0 0 0 0 0 0 0 0 0 0 0 0 0 0 0 0 0 0 0 0 0 0 0 0 0 0 0 0 0 0 0 0 0 0 0 0 0 0 0 0 0 0 0 0 0 0 0 0 0 0 0 0 0 0 0 0 0 0 0 0 0 0 0 0 0 0 0 0 
0 0 0 0 0 0 0 0 0 0 0 0 0 0 0 0 0 0 0 0 0 0 0 0 0 0 0 0 0 0 0 0 0 0 0 0 0 0 0 0 0 0 0 0 0 0 0 0 0 0 0 0 0 0 0 0 0 0 0 0 0 0 0 0 0 0 0 0 0 0 0 0 0 0 0 0 0 0 0 0 0 0 0 0 0 0 0 0 0 0 0 0 0 0 0 0 0 0 0 0 
0 0 0 0 0 0 0 0 0 0 0 0 0 0 0 0 0 0 0 0 0 0 0 0 0 0 0 0 0 0 0 0 0 0 0 0 0 0 0 0 0 0 0 0 0 0 0 0 0 0 0 0 0 0 0 0 0 0 0 0 0 0 0 0 0 0 0 0 0 0 0 0 0 0 0 0 0 0 0 0 0 0 0 0 0 0 0 0 0 0 0 0 0 0 0 0 0 0 0 0 
0 0 0 0 0 0 0 0 0 0 0 0 0 0 0 0 0 0 0 0 0 0 0 0 0 0 0 0 0 0 0 0 0 0 0 0 0 0 0 0 0 0 0 0 0 0 0 0 0 0 0 0 0 0 0 0 0 0 0 0 0 0 0 0 0 0 0 0 0 0 0 0 0 0 0 0 0 0 0 0 0 0 0 0 0 0 0 0 0 0 0 0 0 0 0 0 0 0 0 0 
0 0 0 0 0 0 0 0 0 0 0 0 0 0 0 0 0 0 0 0 0 0 0 0 0 0 0 0 0 0 0 0 0 0 0 0 0 0 0 0 0 0 0 0 0 0 0 0 0 0 0 0 0 0 0 0 0 0 0 0 0 0 0 0 0 0 0 0 0 0 0 0 0 0 0 0 0 0 0 0 0 0 0 0 0 0 0 0 0 0 0 0 0 0 0 0 0 0 0 0 
0 0 0 0 0 0 0 0 0 0 0 0 0 0 0 0 0 0 0 0 0 0 0 0 0 0 0 0 0 0 0 0 0 0 0 0 0 0 0 0 0 0 0 0 0 0 0 0 0 0 0 0 0 0 0 0 0 0 0 0 0 0 0 0 0 0 0 0 0 0 0 0 0 0 0 0 0 0 0 0 0 0 0 0 0 0 0 0 0 0 0 0 0 0 0 0 0 0 0 0 
0 0 0 0 0 0 0 0 0 0 0 0 0 0 0 0 0 0 0 0 0 0 0 0 0 0 0 0 0 0 0 0 0 0 0 0 0 0 0 0 0 0 0 0 0 0 0 0 0 0 0 0 0 0 0 0 0 0 0 0 0 0 0 0 0 0 0 0 0 0 0 0 0 0 0 0 0 0 0 0 0 0 0 0 0 0 0 0 0 0 0 0 0 0 0 0 0 0 0 0 
0 0 0 0 0 0 0 0 0 0 0 0 0 0 0 0 0 0 0 0 0 0 0 0 0 0 0 0 0 0 0 0 0 0 0 0 0 0 0 0 0 0 0 0 0 0 0 0 0 0 0 0 0 0 0 0 0 0 0 0 0 0 0 0 0 0 0 0 0 0 0 0 0 0 0 0 0 0 0 0 0 0 0 0 0 0 0 0 0 0 0 0 0 0 0 0 0 0 0 0 
0 0 0 0 0 0 0 0 0 0 0 0 0 0 0 0 0 0 0 0 0 0 0 0 0 0 0 0 0 0 0 0 0 0 0 0 0 0 0 0 0 0 0 0 0 0 0 0 0 0 0 0 0 0 0 0 0 0 0 0 0 0 0 0 0 0 0 0 0 0 0 0 0 0 0 0 0 0 0 0 0 0 0 0 0 0 0 0 0 0 0 0 0 0 0 0 0 0 0 0 
0 0 0 0 0 0 0 0 0 0 0 0 0 0 0 0 0 0 0 0 0 0 0 0 0 0 0 0 0 0 0 0 0 0 0 0 0 0 0 0 0 0 0 0 0 0 0 0 0 0 0 0 0 0 0 0 0 0 0 0 0 0 0 0 0 0 0 0 0 0 0 0 0 0 0 0 0 0 0 0 0 0 0 0 0 0 0 0 0 0 0 0 0 0 0 0 0 0 0 0 
0 0 0 0 0 0 0 0 0 0 0 0 0 0 0 0 0 0 0 0 0 0 0 0 0 0 0 0 0 0 0 0 0 0 0 0 0 0 0 0 0 0 0 0 0 0 0 0 0 0 0 0 0 0 0 0 0 0 0 0 0 0 0 0 0 0 0 0 0 0 0 0 0 0 0 0 0 0 0 0 0 0 0 0 0 0 0 0 0 0 0 0 0 0 0 0 0 0 0 0 
0 0 0 0 0 0 0 0 0 0 0 0 0 0 0 0 0 0 0 0 0 0 0 0 0 0 0 0 0 0 0 0 0 0 0 0 0 0 0 0 0 0 0 0 0 0 0 0 0 0 0 0 0 0 0 0 0 0 0 0 0 0 0 0 0 0 0 0 0 0 0 0 0 0 0 0 0 0 0 0 0 0 0 0 0 0 0 0 0 0 0 0 0 0 0 0 0 0 0 0 
0 0 0 0 0 0 0 0 0 0 0 0 0 0 0 0 0 0 0 0 0 0 0 0 0 0 0 0 0 0 0 0 0 0 0 0 0 0 0 0 0 0 0 0 0 0 0 0 0 0 0 0 0 0 0 0 0 0 0 0 0 0 0 0 0 0 0 0 0 0 0 0 0 0 0 0 0 0 0 0 0 0 0 0 0 0 0 0 0 0 0 0 0 0 0 0 0 0 0 0 
0 0 0 0 0 0 0 0 0 0 0 0 0 0 0 0 0 0 0 0 0 0 0 0 0 0 0 0 0 0 0 0 0 0 0 0 0 0 0 0 0 0 0 0 0 0 0 0 0 0 0 0 0 0 0 0 0 0 0 0 0 0 0 0 0 0 0 0 0 0 0 0 0 0 0 0 0 0 0 0 0 0 0 0 0 0 0 0 0 0 0 0 0 0 0 0 0 0 0 0 
0 0 0 0 0 0 0 0 0 0 0 0 0 0 0 0 0 0 0 0 0 0 0 0 0 0 0 0 0 0 0 0 0 0 0 0 0 0 0 0 0 0 0 0 0 0 0 0 0 0 0 0 0 0 0 0 0 0 0 0 0 0 0 0 0 0 0 0 0 0 0 0 0 0 0 0 0 0 0 0 0 0 0 0 0 0 0 0 0 0 0 0 0 0 0 0 0 0 0 0 
0 0 0 0 0 0 0 0 0 0 0 0 0 0 0 0 0 0 0 0 0 0 0 0 0 0 0 0 0 0 0 0 0 0 0 0 0 0 0 0 0 0 0 0 0 0 0 0 0 0 0 0 0 0 0 0 0 0 0 0 0 0 0 0 0 0 0 0 0 0 0 0 0 0 0 0 0 0 0 0 0 0 0 0 0 0 0 0 0 0 0 0 0 0 0 0 0 0 0 0 
0 0 0 0 0 0 0 0 0 0 0 0 0 0 0 0 0 0 0 0 0 0 0 0 0 0 0 0 0 0 0 0 0 0 0 0 0 0 0 0 0 0 0 0 0 0 0 0 0 0 0 0 0 0 0 0 0 0 0 0 0 0 0 0 0 0 0 0 0 0 0 0 0 0 0 0 0 0 0 0 0 0 0 0 0 0 0 0 0 0 0 0 0 0 0 0 0 0 0 0 
# Errors [kim/kristine.dat] I_err:
0 0 0 0 0 0 0 0 0 0 0 0 0 0 0 0 0 0 0 0 0 0 0 0 0 0 0 0 0 0 0 0 0 0 0 0 0 0 0 0 0 0 0 0 0 0 0 0 0 0 0 0 0 0 0 0 0 0 0 0 0 0 0 0 0 0 0 0 0 0 0 0 0 0 0 0 0 0 0 0 0 0 0 0 0 0 0 0 0 0 0 0 0 0 0 0 0 0 0 0 
0 0 0 0 0 0 0 0 0 0 0 0 0 0 0 0 0 0 0 0 0 0 0 0 0 0 0 0 0 0 0 0 0 0 0 0 0 0 0 0 0 0 0 0 0 0 0 0 0 0 0 0 0 0 0 0 0 0 0 0 0 0 0 0 0 0 0 0 0 0 0 0 0 0 0 0 0 0 0 0 0 0 0 0 0 0 0 0 0 0 0 0 0 0 0 0 0 0 0 0 
0 0 0 0 0 0 0 0 0 0 0 0 0 0 0 0 0 0 0 0 0 0 0 0 0 0 0 0 0 0 0 0 0 0 0 0 0 0 0 0 0 0 0 0 0 0 0 0 0 0 0 0 0 0 0 0 0 0 0 0 0 0 0 0 0 0 0 0 0 0 0 0 0 0 0 0 0 0 0 0 0 0 0 0 0 0 0 0 0 0 0 0 0 0 0 0 0 0 0 0 
0 0 0 0 0 0 0 0 0 0 0 0 0 0 0 0 0 0 0 0 0 0 0 0 0 0 0 0 0 0 0 0 0 0 0 0 0 0 0 0 0 0 0 0 0 0 0 0 0 0 0 0 0 0 0 0 0 0 0 0 0 0 0 0 0 0 0 0 0 0 0 0 0 0 0 0 0 0 0 0 0 0 0 0 0 0 0 0 0 0 0 0 0 0 0 0 0 0 0 0 
0 0 0 0 0 0 0 0 0 0 0 0 0 0 0 0 0 0 0 0 0 0 0 0 0 0 0 0 0 0 0 0 0 0 0 0 0 0 0 0 0 0 0 0 0 0 0 0 0 0 0 0 0 0 0 0 0 0 0 0 0 0 0 0 0 0 0 0 0 0 0 0 0 0 0 0 0 0 0 0 0 0 0 0 0 0 0 0 0 0 0 0 0 0 0 0 0 0 0 0 
0 0 0 0 0 0 0 0 0 0 0 0 0 0 0 0 0 0 0 0 0 0 0 0 0 0 0 0 0 0 0 0 0 0 0 0 0 0 0 0 0 0 0 0 0 0 0 0 0 0 0 0 0 0 0 0 0 0 0 0 0 0 0 0 0 0 0 0 0 0 0 0 0 0 0 0 0 0 0 0 0 0 0 0 0 0 0 0 0 0 0 0 0 0 0 0 0 0 0 0 
0 0 0 0 0 0 0 0 0 0 0 0 0 0 0 0 0 0 0 0 0 0 0 0 0 0 0 0 0 0 0 0 0 0 0 0 0 0 0 0 0 0 0 0 0 0 0 0 0 0 0 0 0 0 0 0 0 0 0 0 0 0 0 0 0 0 0 0 0 0 0 0 0 0 0 0 0 0 0 0 0 0 0 0 0 0 0 0 0 0 0 0 0 0 0 0 0 0 0 0 
0 0 0 0 0 0 0 0 0 0 0 0 0 0 0 0 0 0 0 0 0 0 0 0 0 0 0 0 0 0 0 0 0 0 0 0 0 0 0 0 0 0 0 0 0 0 0 0 0 0 0 0 0 0 0 0 0 0 0 0 0 0 0 0 0 0 0 0 0 0 0 0 0 0 0 0 0 0 0 0 0 0 0 0 0 0 0 0 0 0 0 0 0 0 0 0 0 0 0 0 
0 0 0 0 0 0 0 0 0 0 0 0 0 0 0 0 0 0 0 0 0 0 0 0 0 0 0 0 0 0 0 0 0 0 0 0 0 0 0 0 0 0 0 0 0 0 0 0 0 0 0 0 0 0 0 0 0 0 0 0 0 0 0 0 0 0 0 0 0 0 0 0 0 0 0 0 0 0 0 0 0 0 0 0 0 0 0 0 0 0 0 0 0 0 0 0 0 0 0 0 
0 0 0 0 0 0 0 0 0 0 0 0 0 0 0 0 0 0 0 0 0 0 0 0 0 0 0 0 0 0 0 0 0 0 0 0 0 0 0 0 0 0 0 0 0 0 0 0 0 0 0 0 0 0 0 0 0 0 0 0 0 0 0 0 0 0 0 0 0 0 0 0 0 0 0 0 0 0 0 0 0 0 0 0 0 0 0 0 0 0 0 0 0 0 0 0 0 0 0 0 
0 0 0 0 0 0 0 0 0 0 0 0 0 0 0 0 0 0 0 0 0 0 0 0 0 0 0 0 0 0 0 0 0 0 0 0 0 0 0 0 0 0 0 0 0 0 0 0 0 0 0 0 0 0 0 0 0 0 0 0 0 0 0 0 0 0 0 0 0 0 0 0 0 0 0 0 0 0 0 0 0 0 0 0 0 0 0 0 0 0 0 0 0 0 0 0 0 0 0 0 
0 0 0 0 0 0 0 0 0 0 0 0 0 0 0 0 0 0 0 0 0 0 0 0 0 0 0 0 0 0 0 0 0 0 0 0 0 0 0 0 0 0 0 0 0 0 0 0 0 0 0 0 0 0 0 0 0 0 0 0 0 0 0 0 0 0 0 0 0 0 0 0 0 0 0 0 0 0 0 0 0 0 0 0 0 0 0 0 0 0 0 0 0 0 0 0 0 0 0 0 
0 0 0 0 0 0 0 0 0 0 0 0 0 0 0 0 0 0 0 0 0 0 0 0 0 0 0 0 0 0 0 0 0 0 0 0 0 0 0 0 0 0 0 0 0 0 0 0 0 0 0 0 0 0 0 0 0 0 0 0 0 0 0 0 0 0 0 0 0 0 0 0 0 0 0 0 0 0 0 0 0 0 0 0 0 0 0 0 0 0 0 0 0 0 0 0 0 0 0 0 
0 0 0 0 0 0 0 0 0 0 0 0 0 0 0 0 0 0 0 0 0 0 0 0 0 0 0 0 0 0 0 0 0 0 0 0 0 0 0 0 0 0 0 0 0 0 0 0 0 0 0 0 0 0 0 0 0 0 0 0 0 0 0 0 0 0 0 0 0 0 0 0 0 0 0 0 0 0 0 0 0 0 0 0 0 0 0 0 0 0 0 0 0 0 0 0 0 0 0 0 
0 0 0 0 0 0 0 0 0 0 0 0 0 0 0 0 0 0 0 0 0 0 0 0 0 0 0 0 0 0 0 0 0 0 0 0 0 0 0 0 0 0 0 0 0 0 0 0 0 0 0 0 0 0 0 0 0 0 0 0 0 0 0 0 0 0 0 0 0 0 0 0 0 0 0 0 0 0 0 0 0 0 0 0 0 0 0 0 0 0 0 0 0 0 0 0 0 0 0 0 
0 0 0 0 0 0 0 0 0 0 0 0 0 0 0 0 0 0 0 0 0 0 0 0 0 0 0 0 0 0 0 0 0 0 0 0 0 0 0 0 0 0 0 0 0 0 0 0 0 0 0 0 0 0 0 0 0 0 0 0 0 0 0 0 0 0 0 0 0 0 0 0 0 0 0 0 0 0 0 0 0 0 0 0 0 0 0 0 0 0 0 0 0 0 0 0 0 0 0 0 
0 0 0 0 0 0 0 0 0 0 0 0 0 0 0 0 0 0 0 0 0 0 0 0 0 0 0 0 0 0 0 0 0 0 0 0 0 0 0 0 0 0 0 0 0 0 0 0 0 0 0 0 0 0 0 0 0 0 0 0 0 0 0 0 0 0 0 0 0 0 0 0 0 0 0 0 0 0 0 0 0 0 0 0 0 0 0 0 0 0 0 0 0 0 0 0 0 0 0 0 
0 0 0 0 0 0 0 0 0 0 0 0 0 0 0 0 0 0 0 0 0 0 0 0 0 0 0 0 0 0 0 0 0 0 0 0 0 0 0 0 0 0 0 0 0 0 0 0 0 0 0 0 0 0 0 0 0 0 0 0 0 0 0 0 0 0 0 0 0 0 0 0 0 0 0 0 0 0 0 0 0 0 0 0 0 0 0 0 0 0 0 0 0 0 0 0 0 0 0 0 
0 0 0 0 0 0 0 0 0 0 0 0 0 0 0 0 0 0 0 0 0 0 0 0 0 0 0 0 0 0 0 0 0 0 0 0 0 0 0 0 0 0 0 0 0 0 0 0 0 0 0 0 0 0 0 0 0 0 0 0 0 0 0 0 0 0 0 0 0 0 0 0 0 0 0 0 0 0 0 0 0 0 0 0 0 0 0 0 0 0 0 0 0 0 0 0 0 0 0 0 
0 0 0 0 0 0 0 0 0 0 0 0 0 0 0 0 0 0 0 0 0 0 0 0 0 0 0 0 0 0 0 0 0 0 0 0 0 0 0 0 0 0 0 0 0 0 0 0 0 0 0 0 0 0 0 0 0 0 0 0 0 0 0 0 0 0 0 0 0 0 0 0 0 0 0 0 0 0 0 0 0 0 0 0 0 0 0 0 0 0 0 0 0 0 0 0 0 0 0 0 
0 0 0 0 0 0 0 0 0 0 0 0 0 0 0 0 0 0 0 0 0 0 0 0 0 0 0 0 0 0 0 0 0 0 0 0 0 0 0 0 0 0 0 0 0 0 0 0 0 0 0 0 0 0 0 0 0 0 0 0 0 0 0 0 0 0 0 0 0 0 0 0 0 0 0 0 0 0 0 0 0 0 0 0 0 0 0 0 0 0 0 0 0 0 0 0 0 0 0 0 
0 0 0 0 0 0 0 0 0 0 0 0 0 0 0 0 0 0 0 0 0 0 0 0 0 0 0 0 0 0 0 0 0 0 0 0 0 0 0 0 0 0 0 0 0 0 0 0 0 0 0 0 0 0 0 0 0 0 0 0 0 0 0 0 0 0 0 0 0 0 0 0 0 0 0 0 0 0 0 0 0 0 0 0 0 0 0 0 0 0 0 0 0 0 0 0 0 0 0 0 
0 0 0 0 0 0 0 0 0 0 0 0 0 0 0 0 0 0 0 0 0 0 0 0 0 0 0 0 0 0 0 0 0 0 0 0 0 0 0 0 0 0 0 0 0 0 0 0 0 0 0 0 0 0 0 0 0 0 0 0 0 0 0 0 0 0 0 0 0 0 0 0 0 0 0 0 0 0 0 0 0 0 0 0 0 0 0 0 0 0 0 0 0 0 0 0 0 0 0 0 
0 0 0 0 0 0 0 0 0 0 0 0 0 0 0 0 0 0 0 0 0 0 0 0 0 0 0 0 0 0 0 0 0 0 0 0 0 0 0 0 0 0 0 0 0 0 0 0 0 0 0 0 3.381049138e-18 0 0 0 0 0 0 0 0 0 0 0 0 0 0 0 0 0 0 0 0 0 0 0 0 0 0 0 0 0 0 0 0 0 0 0 0 0 0 0 0 0 0 0 0 0 0 0 
0 0 0 0 0 0 0 0 0 0 0 0 0 0 0 0 0 0 0 0 0 0 0 0 0 0 0 0 0 0 0 0 0 0 0 3.305412363e-15 0 7.778969106e-14 1.884175987e-11 6.727441969e-10 0 4.918524732e-11 3.559122969e-07 1.625850534e-14 5.838400973e-13 1.742649106e-05 1.260109843e-10 3.162122091e-13 1.277200726e-11 2.127051663e-09 1.79551648e-07 7.612762774e-15 1.502910823e-11 1.787065984e-12 8.549165678e-07 1.207542535e-10 6.071126627e-10 2.403576604e-11 7.538787669e-10 1.061338616e-05 4.775366895e-08 7.193920765e-17 6.659507007e-32 4.308418355e-22 2.870798e-15 0 0 0 0 0 0 0 0 0 0 0 0 0 0 0 0 0 0 0 0 0 0 0 0 0 0 0 0 0 0 0 0 0 0 0 
0 0 0 0 0 0 0 0 0 0 0 0 0 0 0 0 0 0 0 0 0 0 0 0 0 0 0 0 0 0 0 0 0 0 0 0 3.151457604e-13 0.02506371 1.709296044e-13 0.8630200483 0.003907177906 0.002493044638 0.005680326803 0.0002359627196 0.4255929469 0.2325394275 0.6040488322 0.9426692148 0.01657739314 0.2554622752 0.3114932599 0.1728469256 0.005516536799 0.2407549609 0.014725088 0.2270309597 0.5627214014 0.02518711704 3.190348836 0.002335372873 0.0118824726 1.060799942e-08 1.43046641e-07 5.323725152e-05 4.126115782e-06 0 0 0 0 0 0 0 0 0 0 0 0 0 0 0 0 0 0 0 0 0 0 0 0 0 0 0 0 0 0 0 0 0 0 0 
0 0 0 0 0 0 0 0 0 0 0 0 0 0 0 0 0 0 0 0 0 0 0 0 0 0 0 0 0 0 0 0 0 0 0 0 4.675592639e-11 19.86732427 2.685344958 154.7462559 11.50879703 6.116068862 1.142611604 1.052103178 5.032115022 10.61365707 46.11926351 19.19839274 32.77845158 54.34560428 111.2008293 2.775660157 29.56279009 79.72040778 131.7662937 85.26309476 43.07979319 112.1148067 88.89383983 742.9989283 8.923883145 4.010705226 34.30828969 0.01014482364 1.137927081e-05 0 0 0 0 0 0 0 0 0 0 0 0 0 0 0 0 0 0 0 0 0 0 0 0 0 0 0 0 0 0 0 0 0 0 0 
0 0 0 0 0 0 0 0 0 0 0 0 0 0 0 0 0 0 0 0 0 0 0 0 0 0 0 0 0 0 0 0 0 0 0 0 4.662236842e-09 858.5945818 1154.307868 874.5405833 1851.550433 1321.416868 1589.370905 1414.067309 1188.8247 542.6452341 2379.878185 1922.18466 2140.465909 2874.57058 1930.03759 1010.540719 2096.372998 1463.49859 2275.092458 2021.768394 1703.794335 2151.695045 1874.847739 1686.810555 77.74732702 939.7909959 0.001736950092 0.9643773001 0.00249476799 0 0 0 0 0 0 0 0 0 0 0 0 0 0 0 0 0 0 0 0 0 0 0 0 0 0 0 0 0 0 0 0 0 0 0 
0 0 0 0 0 0 0 0 0 0 0 0 0 0 0 0 0 0 0 0 0 0 0 0 0 0 0 0 0 0 0 0 0 0 0 0.001935132662 1332.55809 5048.557045 2372.641976 1621.825552 3296.65617 2451.420608 3770.45695 2839.898773 3905.545201 4849.297278 5240.02526 3201.584626 1671.564904 3671.814696 3995.314893 5775.440484 5495.406121 4871.515054 6214.705874 5656.741469 4023.802012 3843.857772 4261.743031 3981.859479 40.57830392 1.372058308 0.01463760531 1212.36118 31.77855078 0 0 0 0 0 0 0 0 0 0 0 0 0 0 0 0 0 0 0 0 0 0 0 0 0 0 0 0 0 0 0 0 0 0 0 
0 0 0 0 0 0 0 0 0 0 0 0 0 0 0 0 0 0 0 0 0 0 0 0 0 0 0 0 0 0 0 0 0 0 0 1387.125636 5284.751531 5125.016939 7583.459881 6876.296476 6298.284531 5433.007302 4678.541137 5749.469736 8244.982656 6499.625185 8644.835858 11974.15649 8691.257169 8526.997042 7597.241216 9461.509999 9319.63218 9978.409101 12055.95606 11580.48941 10244.89853 9747.143523 6580.091619 6753.06294 3702.760929 1901.673656 457.4687925 18.93233908 549.5347813 0 0 0 0 0 0 0 0 0 0 0 0 0 0 0 0 0 0 0 0 0 0 0 0 0 0 0 0 0 0 0 0 0 0 0 
0 0 0 0 0 0 0 0 0 0 0 0 0 0 0 0 0 0 0 0 0 0 0 0 0 0 0 0 0 0 0 0 0 0 0 1.513688717e-06 3707.469434 6451.377256 7676.279953 11112.00057 9494.094969 6764.399464 9924.022154 9833.469981 9580.166882 13652.61239 10519.92953 12373.11827 12785.85392 11705.62515 10628.80758 10375.05596 12124.19437 14008.69765 13292.15796 10456.31149 12575.58494 12094.50921 14059.29763 11162.1144 5575.370865 4040.31685 12.22920461 463.5613835 2.923818135 0 0 0 0 0 0 0 0 0 0 0 0 0 0 0 0 0 0 0 0 0 0 0 0 0 0 0 0 0 0 0 0 0 0 0 
0 0 0 0 0 0 0 0 0 0 0 0 0 0 0 0 0 0 0 0 0 0 0 0 0 0 0 0 0 0 0 0 2.803680126e-18 0 1.237428366e-17 0 5453.387296 7420.078597 9938.775697 7435.387066 12765.21473 9797.72098 11829.93841 14107.90137 15516.34302 12529.27654 13572.05653 15740.39692 22104.06475 15853.31256 13904.2845 17102.99213 12627.74632 21617.99655 18886.48854 17913.7669 16392.99122 16913.99359 11753.94212 13180.81017 7765.919409 5800.244009 15.98369218 707.585068 312.966849 0 0 0 0 0 0 0 0 0 0 0 0 0 0 0 0 0 0 0 0 0 0 0 0 0 0 0 0 0 0 0 0 0 0 0 
0 0 0 0 0 0 0 0 0 0 0 0 0 0 0 0 0 0 0 0 0 0 0 0 0 0 0 0 0 0 0 0 0 0 0 1.003658225e-11 9806.670532 14931.16716 14705.19028 13762.02198 10141.20971 14074.36049 14172.97391 14645.9743 17985.15518 15800.14439 19021.50621 16592.29927 21884.20752 21795.54842 19926.10393 16608.55441 19971.60188 23870.04254 24159.36433 19864.89368 20410.60925 19293.44678 15167.24597 12982.4294 10820.37841 7414.035287 2835.721607 920.7137437 1860.188196 0 0 0 0 0 0 0 0 0 0 0 0 0 0 0 0 0 0 0 0 0 0 0 0 0 0 0 0 0 0 0 0 0 0 0 
0 0 0 0 0 0 0 0 0 0 0 0 0 0 0 0 0 0 0 0 0 0 0 0 0 0 0 0 0 0 0 0 0 0 0 0.01145442465 4950.438068 10986.21081 12887.27743 12924.45004 13809.43398 15973.78156 18965.21104 18951.49633 15488.53702 20614.67971 17082.24674 16915.99571 19693.89818 22900.48987 21056.68637 23275.27183 19934.04668 27293.46592 28086.31118 24191.56618 23607.67487 19841.55184 15433.63054 13134.94023 15721.3407 6541.485989 2422.918253 2335.843615 678.2763822 0 0 0 0 0 0 0 0 0 0 0 0 0 0 0 0 0 0 0 0 0 0 0 0 0 0 0 0 0 0 0 0 0 0 0 
0 0 0 0 0 0 0 0 0 0 0 0 0 0 0 0 0 0 0 0 0 0 0 0 0 0 0 0 0 0 0 0 0 0 0 0.0007231864197 9270.365645 14779.35708 15203.66127 16875.40333 16786.61526 15966.04121 16560.44941 15805.50487 19603.87938 20386.09067 21957.92122 20373.34885 22697.41439 24689.6237 21438.01807 23141.60652 23071.76144 27227.27155 31144.64761 27996.65976 23919.00775 22890.00525 17720.99882 18739.41975 14368.88068 9603.636644 2000.249487 447.9069623 1803.859002 0 0 0 0 0 0 0 0 0 0 0 0 0 0 0 0 0 0 0 0 0 0 0 0 0 0 0 0 0 0 0 0 0 0 0 
0 0 0 0 0 0 0 0 0 0 0 0 0 0 0 0 0 0 0 0 0 0 0 0 0 0 0 0 0 0 0 0 0 0 0 2537.129399 8705.064431 13530.10263 15904.40904 15388.19996 15703.49032 17553.28256 18769.94269 18822.15188 23077.16171 22000.27803 24280.62878 24016.85099 22491.31757 27397.65044 22427.41108 27035.15028 24316.80143 29790.22287 28584.09229 27915.59469 25321.11763 22349.74074 20740.01478 20726.36016 14171.69406 11770.97935 659.7081234 1921.76798 1752.772372 0 0 0 0 0 0 0 0 0 0 0 0 0 0 0 0 0 0 0 0 0 0 0 0 0 0 0 0 0 0 0 0 0 0 0 
0 0 0 0 0 0 0 0 0 0 0 0 0 0 0 0 0 0 0 0 0 0 0 0 0 0 0 0 0 0 0 0 0 0 1.752992142e-17 3956.920433 13797.31046 15156.46599 15984.65437 15289.94408 18265.55809 18643.80189 18349.68013 22898.88209 22709.17689 27365.4146 25340.66413 27357.0472 28492.40744 26690.07651 22916.13771 24595.04209 30859.24774 31959.44711 31302.57818 28239.6595 26748.3752 27685.58012 22660.31193 13990.75362 17226.82744 11513.60588 3075.398447 282.6002907 161.2648371 0 0 0 0 0 0 0 0 0 0 0 0 0 0 0 0 0 0 0 0 0 0 0 0 0 0 0 0 0 0 0 0 0 0 0 
0 0 0 0 0 0 0 0 0 0 0 0 0 0 0 0 0 0 0 0 0 0 0 0 0 0 0 0 0 0 0 0 0 0 0 3900.174646 12946.32279 13703.40036 19042.2941 18870.41944 17241.41094 19783.69633 21103.40058 21193.94557 22409.46335 27450.66069 24401.0989 26282.65602 28253.87039 27828.00655 27642.57851 28071.70826 29207.88551 30539.33311 33113.75571 33207.86998 28990.46346 27845.7774 23351.47257 18808.40248 18164.6521 7329.024355 4327.918197 460.8249598 683.6049345 0 0 0 0 0 0 0 0 0 0 0 0 0 0 0 0 0 0 0 0 0 0 0 0 0 0 0 0 0 0 0 0 0 0 0 
0 0 0 0 0 0 0 0 0 0 0 0 0 0 0 0 0 0 0 0 0 0 0 0 0 0 0 0 0 0 0 0 0 0 0 4526.718768 8732.513231 18605.98016 16463.2231 19681.13518 19080.3958 20054.30541 22375.30052 24095.35604 25123.39401 22573.89105 28040.84644 27804.79137 29643.79122 25315.01268 30759.36936 26693.9057 34774.54028 37275.88315 33883.83331 29888.5266 34181.7532 31576.93866 25112.16519 21231.20063 19699.77897 9874.823466 2663.304594 1746.221674 1775.5454 0 0 0 0 0 0 0 0 0 0 0 0 0 0 0 0 0 0 0 0 0 0 0 0 0 0 0 0 0 0 0 0 0 0 0 
0 0 0 0 0 0 0 0 0 0 0 0 0 0 0 0 0 0 0 0 0 0 0 0 0 0 0 0 0 0 0 0 0 1.48947877e-17 1.781998467e-17 1519.353661 12399.70128 15970.57956 19680.48336 21207.04191 21374.1536 20312.52449 23950.66192 20712.71934 24105.20696 25860.00368 25335.44039 26508.18282 29968.48941 29687.16913 30241.46149 30561.27587 33386.32864 34927.87859 35313.58166 34867.02286 34456.15629 30677.87306 27454.10097 25579.26582 16527.91954 10645.89114 1822.341959 191.7524019 553.3196112 0 0 0 0 0 0 0 0 0 0 0 0 0 0 0 0 0 0 0 0 0 0 0 0 0 0 0 0 0 0 0 0 0 0 0 
0 0 0 0 0 0 0 0 0 0 0 0 0 0 0 0 0 0 0 0 0 0 0 0 0 0 0 0 0 0 0 0 0 2.816582769e-20 5.063280549e-17 4116.991825 15169.05218 19290.81034 20960.1232 22131.52638 21337.65113 21514.30974 24496.98468 25987.51304 24714.26442 28834.75352 29974.52891 29069.53336 31513.78159 32912.11539 29944.16599 32927.6079 35468.51915 34831.8902 36725.8731 38392.31207 33885.24658 32299.69659 25688.02778 26141.77475 17173.31376 11501.68261 7144.822128 2047.382231 1964.277907 0 0 0 0 0 0 0 0 0 0 0 0 0 0 0 0 0 0 0 0 0 0 0 0 0 0 0 0 0 0 0 0 0 0 0 
0 0 0 0 0 0 0 0 0 0 0 0 0 0 0 0 0 0 0 0 0 0 0 0 0 0 0 0 0 0 0 0 0 0 0 4384.596929 12579.38993 17784.41606 20577.10612 23305.74958 22584.41507 22666.03505 24498.2497 26085.67403 27673.36178 29788.46972 27222.09825 29858.93086 31702.91053 29568.79243 29888.12027 31569.88731 32827.38723 38791.91295 38085.1826 37239.07913 36097.4971 30202.57267 27730.959 25271.34216 16718.2039 13419.07577 4758.474501 1456.189069 722.4017595 0 0 0 0 0 0 0 0 0 0 0 0 0 0 0 0 0 0 0 0 0 0 0 0 0 0 0 0 0 0 0 0 0 0 0 
0 0 0 0 0 0 0 0 0 0 0 0 0 0 0 0 0 0 0 0 0 0 0 0 0 0 0 0 0 0 0 0 0 0 2.441131129e-17 3444.847799 11952.64728 21855.03387 21442.63028 20592.51061 21035.41806 21857.13531 22411.86232 21620.6993 26953.07633 28844.06484 27703.79845 32044.58688 33976.44237 31741.57166 29121.38495 30175.74279 35266.03709 37905.17962 37289.60857 33590.54378 37000.10012 32346.71062 27703.9911 24333.6783 18967.39212 11760.22698 5913.574215 1791.472403 1228.4459 0 0 0 0 0 0 0 0 0 0 0 0 0 0 0 0 0 0 0 0 0 0 0 0 0 0 0 0 0 0 0 0 0 0 0 
0 0 0 0 0 0 0 0 0 0 0 0 0 0 0 0 0 0 0 0 0 0 0 0 0 0 0 0 0 0 0 0 3.405380783e-18 4.143748296e-18 3.104874394e-17 3146.943223 12974.89457 16243.96249 21244.34197 21568.64161 21667.47066 19531.22343 21836.36514 25046.84162 25108.75252 24889.19454 24581.39674 27934.16701 29503.18603 28227.68515 25018.78927 31502.01629 31938.80395 36851.77629 37658.10277 35014.46327 33492.51627 30115.41938 25034.81198 22933.4049 17455.71905 9225.363805 5452.613939 1669.684741 535.1335525 0 0 0 0 0 0 0 0 0 0 0 0 0 0 0 0 0 0 0 0 0 0 0 0 0 0 0 0 0 0 0 0 0 0 0 
0 0 0 0 0 0 0 0 0 0 0 0 0 0 0 0 0 0 0 0 0 0 0 0 0 0 0 0 0 0 0 0 0 0 0 1034.742657 11821.33409 18149.72395 19143.74582 13279.93758 19997.25536 23143.35876 20468.53329 24582.65009 26124.78186 21666.32176 26241.66742 31836.95785 32051.8096 27355.2237 27932.98098 30405.83628 32666.73308 31394.18936 37526.90597 34126.17075 34943.59472 28396.65171 25350.17619 26107.585 17512.83211 9756.635869 2135.684787 2164.916978 1295.484141 0 0 0 0 0 0 0 0 0 0 0 0 0 0 0 0 0 0 0 0 0 0 0 0 0 0 0 0 0 0 0 0 0 0 0 
0 0 0 0 0 0 0 0 0 0 0 0 0 0 0 0 0 0 0 0 0 0 0 0 0 0 0 0 0 0 0 0 0 2.653122366e-25 0 50.24238619 11678.09053 17991.01131 22154.72686 18460.92886 17538.26803 21169.09865 22015.99485 25244.78975 22216.00967 25689.23725 22750.42683 28931.22759 30843.05956 28164.42316 26546.85414 29188.20468 29601.50692 35185.48684 34830.36521 32134.60098 30719.8303 23001.1307 24657.44101 23515.5206 16657.00061 7546.442103 2852.744368 2027.213633 1357.913677 0 0 0 0 0 0 0 0 0 0 0 0 0 0 0 0 0 0 0 0 0 0 0 0 0 0 0 0 0 0 0 0 0 0 0 
0 0 0 0 0 0 0 0 0 0 0 0 0 0 0 0 0 0 0 0 0 0 0 0 0 0 0 0 0 0 0 0 0 0 0 365.4270881 10882.60718 17321.76714 19977.16333 18999.43244 20300.27911 19470.82998 20092.44905 26334.99528 23344.89806 22672.96238 26297.91446 27096.575 26350.58941 28391.32789 29104.29149 29182.21099 31496.89913 33662.69739 34481.39506 31905.47747 33711.13667 28957.64198 23418.93631 22678.83801 17047.82861 10360.00626 4624.03056 2842.307032 1951.12458 0 0 0 0 0 0 0 0 0 0 0 0 0 0 0 0 0 0 0 0 0 0 0 0 0 0 0 0 0 0 0 0 0 0 0 
0 0 0 0 0 0 0 0 0 0 0 0 0 0 0 0 0 0 0 0 0 0 0 0 0 0 0 0 0 0 0 0 0 0 4.835492457e-17 1797.254058 9777.039128 16437.85609 16136.75955 16483.69038 19862.58273 17637.03953 22529.90891 22472.90747 24360.73826 24586.18929 27421.38409 23983.62418 28631.63506 27661.74901 27428.76293 27738.34855 30761.84857 33626.43516 36705.5059 32320.03726 27382.16075 27209.93859 24037.8232 23396.73348 17802.61658 10112.26333 3843.844243 2382.089188 340.990918 0 0 0 0 0 0 0 0 0 0 0 0 0 0 0 0 0 0 0 0 0 0 0 0 0 0 0 0 0 0 0 0 0 0 0 
0 0 0 0 0 0 0 0 0 0 0 0 0 0 0 0 0 0 0 0 0 0 0 0 0 0 0 0 0 0 0 0 0 5.020378082e-19 4.380060983e-17 126.344526 11530.91674 17955.94731 23040.75849 20791.87826 19091.10704 18816.42842 19790.30736 24903.54497 20907.84947 22143.7631 22592.30703 25801.24068 26353.34331 29880.75928 28026.81964 26818.25768 30608.01274 32114.75857 32164.49348 32271.83512 29414.04383 29403.66466 26179.09946 20484.97037 14462.82205 9616.43301 6484.096315 1180.450971 49.75201989 0 0 0 0 0 0 0 0 0 0 0 0 0 0 0 0 0 0 0 0 0 0 0 0 0 0 0 0 0 0 0 0 0 0 0 
0 0 0 0 0 0 0 0 0 0 0 0 0 0 0 0 0 0 0 0 0 0 0 0 0 0 0 0 0 0 0 0 0 0 0 3649.179089 10829.97475 18227.58465 15947.92897 21385.12905 17583.15243 14521.74272 22970.87119 21856.05535 22220.35796 24245.32759 23167.84318 28027.91613 25095.59818 27922.28117 26217.61512 26278.41721 26211.41558 33485.98208 29763.03563 32128.94969 29040.78877 25575.62545 24918.73218 21212.94816 16920.20588 9119.243679 4250.58527 2900.494684 2301.838365 0 0 0 0 0 0 0 0 0 0 0 0 0 0 0 0 0 0 0 0 0 0 0 0 0 0 0 0 0 0 0 0 0 0 0 
0 0 0 0 0 0 0 0 0 0 0 0 0 0 0 0 0 0 0 0 0 0 0 0 0 0 0 0 0 0 0 0 2.505960264e-18 0 0 2480.880173 10830.63646 14241.37691 16650.05575 18776.10751 16710.39871 18587.41764 20198.16443 17369.10656 19002.53177 19137.41778 24833.96203 24658.09182 25443.33299 28957.5661 23460.54666 29957.0345 29860.31238 30697.51977 33252.58165 32773.5988 26718.29981 26654.2452 23132.22504 17594.11701 14455.48345 8954.685769 4606.258535 755.9793852 1893.816059 0 0 0 0 0 0 0 0 0 0 0 0 0 0 0 0 0 0 0 0 0 0 0 0 0 0 0 0 0 0 0 0 0 0 0 
0 0 0 0 0 0 0 0 0 0 0 0 0 0 0 0 0 0 0 0 0 0 0 0 0 0 0 0 0 0 0 0 0 0 1.881141362e-17 754.6461623 13073.83228 11930.80157 19250.93553 17629.08356 17319.04968 19711.14007 20904.51652 22517.74007 25801.16072 26296.16443 25043.93707 24892.19081 28743.7807 29420.33961 26494.71264 28980.95261 28576.8028 33870.4843 32780.70038 33344.68855 29376.96517 27376.20886 25208.64923 18944.51712 15048.51091 11651.7246 2176.757425 1502.643309 2117.453239 0 0 0 0 0 0 0 0 0 0 0 0 0 0 0 0 0 0 0 0 0 0 0 0 0 0 0 0 0 0 0 0 0 0 0 
0 0 0 0 0 0 0 0 0 0 0 0 0 0 0 0 0 0 0 0 0 0 0 0 0 0 0 0 0 0 0 0 0 9.463842693e-18 0 0.1352867052 13468.58976 17366.38873 18608.34561 18636.22421 20691.22082 21644.94174 22140.51415 21074.17599 20705.94691 23241.02301 26969.59617 23769.94872 22051.09421 26571.10222 26582.94828 30712.2967 31006.31563 35149.67145 34396.42208 33169.85957 27505.74597 27443.19917 25943.98029 19135.89596 15626.2306 9212.199173 3380.467028 2985.518987 808.9324515 0 0 0 0 0 0 0 0 0 0 0 0 0 0 0 0 0 0 0 0 0 0 0 0 0 0 0 0 0 0 0 0 0 0 0 
0 0 0 0 0 0 0 0 0 0 0 0 0 0 0 0 0 0 0 0 0 0 0 0 0 0 0 0 0 0 0 0 0 0 0 814.6062065 12936.6117 16172.76199 17143.23402 21920.84303 19936.98876 24405.77654 21405.17343 21700.87985 23517.87477 28619.33727 24600.42202 28211.08807 25771.04124 28987.57327 30082.87764 27449.13384 30233.10021 32089.11905 36952.31398 32118.69353 32729.48602 23808.45395 23846.69341 21838.24563 16998.304 12855.55116 6149.046779 164.2448346 1361.620268 0 0 0 0 0 0 0 0 0 0 0 0 0 0 0 0 0 0 0 0 0 0 0 0 0 0 0 0 0 0 0 0 0 0 0 
0 0 0 0 0 0 0 0 0 0 0 0 0 0 0 0 0 0 0 0 0 0 0 0 0 0 0 0 0 0 0 0 0 7.772663126e-18 8.769882366e-17 2590.212584 9927.55126 17982.50965 16884.54662 19041.08043 19535.49567 18064.87963 20639.30385 20680.76266 28319.9509 24443.76992 26957.29078 30806.46229 28732.749 30168.64366 29089.01595 31365.89682 31762.06741 33910.20541 37613.72008 37418.4539 31426.66685 30510.87389 25001.68315 20917.25721 15686.15555 10861.13509 4960.077354 2869.154995 629.0202873 0 0 0 0 0 0 0 0 0 0 0 0 0 0 0 0 0 0 0 0 0 0 0 0 0 0 0 0 0 0 0 0 0 0 0 
0 0 0 0 0 0 0 0 0 0 0 0 0 0 0 0 0 0 0 0 0 0 0 0 0 0 0 0 0 0 0 0 2.721737497e-18 7.535107002e-18 5.103993717e-17 931.1383115 10057.72733 17002.39665 20101.87005 16759.8133 21471.35709 22905.85011 25203.29835 23844.49937 24807.31173 24226.01497 27165.38536 25198.90753 26850.70529 29782.03328 27123.22292 27224.67818 33265.47538 35746.99475 32614.93691 35679.55134 30518.56937 26085.63078 27369.176 22116.77458 19746.87151 12185.78945 2502.482911 1491.307238 348.2960267 0 0 0 0 0 0 0 0 0 0 0 0 0 0 0 0 0 0 0 0 0 0 0 0 0 0 0 0 0 0 0 0 0 0 0 
0 0 0 0 0 0 0 0 0 0 0 0 0 0 0 0 0 0 0 0 0 0 0 0 0 0 0 0 0 0 0 0 0 4.363298779e-18 5.36803842e-17 2139.035264 12350.79699 15962.01177 18598.84964 17611.87635 23272.60724 22710.20402 20189.34108 22638.92296 22217.99669 27038.39455 24270.27897 29488.54985 31755.76338 27921.95471 29098.07717 31710.62211 30091.98267 35224.6099 39614.61931 36930.04114 32471.19855 28520.02364 25068.85072 23058.41749 15465.24116 11201.91437 3235.172072 2965.59901 141.4022787 0 0 0 0 0 0 0 0 0 0 0 0 0 0 0 0 0 0 0 0 0 0 0 0 0 0 0 0 0 0 0 0 0 0 0 
0 0 0 0 0 0 0 0 0 0 0 0 0 0 0 0 0 0 0 0 0 0 0 0 0 0 0 0 0 0 0 0 0 0 0 3760.007368 13576.3193 22050.68366 18900.88728 21590.31036 20817.77517 19314.72287 22025.77825 22164.79782 25517.39568 25119.44463 32304.17526 30435.2811 29462.03031 31457.08776 30812.965 29131.86943 31134.27073 36934.36466 38960.44053 38443.97697 32697.78815 30282.1232 29041.54994 22190.85547 15413.93867 8640.535096 2914.939693 2520.783658 1982.009972 0 0 0 0 0 0 0 0 0 0 0 0 0 0 0 0 0 0 0 0 0 0 0 0 0 0 0 0 0 0 0 0 0 0 0 
0 0 0 0 0 0 0 0 0 0 0 0 0 0 0 0 0 0 0 0 0 0 0 0 0 0 0 0 0 0 0 0 0 2.90006166e-18 2.485527324e-17 3655.13588 13121.68327 18747.1731 20035.50655 23061.06712 20394.65485 22872.84718 24672.07308 24029.16339 25425.13203 30568.82196 32729.96817 28939.68281 30987.43533 31517.70031 31102.74714 29731.932 36600.63039 34406.05754 37304.50166 36535.70661 33757.48864 31995.61199 29572.46258 23334.18355 16481.71972 10007.57788 2717.043438 2866.035017 1769.320913 0 0 0 0 0 0 0 0 0 0 0 0 0 0 0 0 0 0 0 0 0 0 0 0 0 0 0 0 0 0 0 0 0 0 0 
0 0 0 0 0 0 0 0 0 0 0 0 0 0 0 0 0 0 0 0 0 0 0 0 0 0 0 0 0 0 0 0 0 4.595134499e-18 8.507254918e-25 3524.218435 13802.35064 18619.44718 21825.5321 16528.31872 19970.63797 25537.50943 21686.17085 28218.97613 23863.2679 25258.62278 28070.68832 28748.48219 30725.94931 32148.76506 30421.70396 32010.53298 30937.33715 36146.63127 39560.84281 31911.04502 32868.65649 30198.17157 27562.31864 23211.49109 17336.7039 11950.03008 6139.637108 357.8199326 283.0651254 0 0 0 0 0 0 0 0 0 0 0 0 0 0 0 0 0 0 0 0 0 0 0 0 0 0 0 0 0 0 0 0 0 0 0 
0 0 0 0 0 0 0 0 0 0 0 0 0 0 0 0 0 0 0 0 0 0 0 0 0 0 0 0 0 0 0 0 0 0 0 1784.954417 16200.28798 19645.58252 21708.22871 15779.92928 21978.42547 23419.85259 23737.00818 26918.47019 22468.91083 26901.67395 29184.43313 28707.67059 26596.58926 27801.35105 26770.98717 33632.03969 31212.84541 35707.29667 34775.58931 35547.93778 32682.96146 31603.28603 20346.06538 22551.13254 18594.64068 12577.70581 3815.602605 1604.439358 1742.097477 0 0 0 0 0 0 0 0 0 0 0 0 0 0 0 0 0 0 0 0 0 0 0 0 0 0 0 0 0 0 0 0 0 0 0 
0 0 0 0 0 0 0 0 0 0 0 0 0 0 0 0 0 0 0 0 0 0 0 0 0 0 0 0 0 0 0 0 0 6.013520259e-23 0 3762.366547 15687.66272 16958.38126 15794.72784 17257.64688 17754.69914 22711.5776 19442.79818 23546.22463 22106.95032 24074.5732 25459.47236 26664.5025 27519.67685 26621.88408 29146.25064 29542.32913 28596.46862 33909.15628 33426.31958 35889.50182 32580.29188 28728.07265 23854.97396 22541.52571 14850.32756 11198.2489 4692.724682 2720.072119 1386.842155 0 0 0 0 0 0 0 0 0 0 0 0 0 0 0 0 0 0 0 0 0 0 0 0 0 0 0 0 0 0 0 0 0 0 0 
0 0 0 0 0 0 0 0 0 0 0 0 0 0 0 0 0 0 0 0 0 0 0 0 0 0 0 0 0 0 0 0 0 0 0 0.3725579156 12492.32084 16876.35749 19188.57255 16960.1641 19283.87382 19935.50176 20381.37754 22126.65194 20744.83471 27061.52311 23152.30407 25197.27336 26234.30028 28975.97922 30457.81103 31200.76417 31514.14354 34399.11487 32632.88085 34013.13123 28728.43549 22106.41328 23870.89911 22038.01492 16368.12526 9943.351458 2681.722181 1504.892686 924.9980853 0 0 0 0 0 0 0 0 0 0 0 0 0 0 0 0 0 0 0 0 0 0 0 0 0 0 0 0 0 0 0 0 0 0 0 
0 0 0 0 0 0 0 0 0 0 0 0 0 0 0 0 0 0 0 0 0 0 0 0 0 0 0 0 0 0 0 0 1.733742873e-19 0 2.394112776e-17 39.19736325 10361.71289 18963.58888 15630.94046 17194.97981 18955.28743 16643.39743 22071.48112 23723.12576 21411.14014 19840.68143 23663.16793 26930.84136 22957.50905 26944.38573 25408.7735 27118.36883 29114.6958 28216.15892 33331.9355 25974.20822 28160.52029 26254.43347 22588.52207 20992.08307 14693.14894 11060.28465 1668.628873 1468.637138 1629.288939 0 0 0 0 0 0 0 0 0 0 0 0 0 0 0 0 0 0 0 0 0 0 0 0 0 0 0 0 0 0 0 0 0 0 0 
0 0 0 0 0 0 0 0 0 0 0 0 0 0 0 0 0 0 0 0 0 0 0 0 0 0 0 0 0 0 0 0 0 0 1.50119498e-17 0.01300534461 11806.21249 11700.85818 15657.7497 19911.20988 19052.10502 20447.99225 18641.64819 19022.69627 20231.98297 22395.92192 21397.43556 22719.44557 24086.00161 25796.98078 23439.68857 27325.36946 23159.25847 30989.07163 31692.21465 28384.29071 28355.87215 23322.32593 25342.1876 15063.13964 13471.39149 10423.83766 6316.222109 2026.627891 1509.780289 0 0 0 0 0 0 0 0 0 0 0 0 0 0 0 0 0 0 0 0 0 0 0 0 0 0 0 0 0 0 0 0 0 0 0 
0 0 0 0 0 0 0 0 0 0 0 0 0 0 0 0 0 0 0 0 0 0 0 0 0 0 0 0 0 0 0 0 0 0 0 906.5545729 6500.548125 15183.79501 13252.06248 18322.57853 15518.25416 18269.28932 14910.87766 17758.43764 15434.68351 18579.33191 26128.28119 23420.18622 24187.60361 25244.40377 22456.17431 22532.43553 23003.46686 27264.17323 28579.02845 21545.91555 24423.79537 24540.48396 24998.59616 17775.18381 13901.0653 5839.261626 2120.180586 2218.655619 707.8594372 0 0 0 0 0 0 0 0 0 0 0 0 0 0 0 0 0 0 0 0 0 0 0 0 0 0 0 0 0 0 0 0 0 0 0 
0 0 0 0 0 0 0 0 0 0 0 0 0 0 0 0 0 0 0 0 0 0 0 0 0 0 0 0 0 0 0 0 0 0 0 1616.468921 9452.128966 14613.81563 14375.4792 13424.53615 11666.61813 13616.15562 15900.68891 14316.34815 14595.54713 15839.17812 19548.31094 22148.8886 23355.22024 23891.41601 21184.59053 20307.6531 23013.39988 21981.48996 24070.11038 23149.91936 23725.58575 20013.38061 15156.8604 12184.23752 10338.57655 3812.906407 3599.265832 2006.717837 777.5416466 0 0 0 0 0 0 0 0 0 0 0 0 0 0 0 0 0 0 0 0 0 0 0 0 0 0 0 0 0 0 0 0 0 0 0 
0 0 0 0 0 0 0 0 0 0 0 0 0 0 0 0 0 0 0 0 0 0 0 0 0 0 0 0 0 0 0 0 0 0 0 184.0723258 8025.258223 12236.62459 13201.3701 12867.91928 14701.11835 15970.57766 18811.18305 15114.76528 13272.63646 16676.07167 14526.49246 18470.31395 18283.57106 17007.30541 19224.73852 20683.58201 18667.79357 24375.16959 21101.91912 19313.62676 21406.62373 21677.66506 19518.63384 13412.74302 12089.97917 7582.034151 3358.901895 2212.576511 1182.690865 0 0 0 0 0 0 0 0 0 0 0 0 0 0 0 0 0 0 0 0 0 0 0 0 0 0 0 0 0 0 0 0 0 0 0 
0 0 0 0 0 0 0 0 0 0 0 0 0 0 0 0 0 0 0 0 0 0 0 0 0 0 0 0 0 0 0 0 0 0 9.79880823e-18 4300.610084 7230.161237 8371.580343 8288.354944 10016.0421 13307.61393 8442.441449 14523.26721 14478.87192 16792.13397 10450.99586 10719.14346 15135.48344 17727.02618 16667.20671 13105.21961 16295.25557 19634.28262 16328.90356 22821.80508 18987.55668 14560.32493 12658.00785 15652.73701 14433.28219 8956.629828 5711.647371 1724.278894 1480.098831 0.7459977527 0 0 0 0 0 0 0 0 0 0 0 0 0 0 0 0 0 0 0 0 0 0 0 0 0 0 0 0 0 0 0 0 0 0 0 
0 0 0 0 0 0 0 0 0 0 0 0 0 0 0 0 0 0 0 0 0 0 0 0 0 0 0 0 0 0 0 0 0 0 1.55300414e-17 1755.90399 6028.344218 10613.5743 10697.02262 6245.401588 7414.283628 7487.417786 11649.71357 11869.18754 10495.30476 14151.89974 14053.52775 15187.8548 14222.74153 11321.59253 11771.6861 11390.43131 10292.71356 15434.98733 15991.08483 14103.03931 13831.4271 11500.01694 11190.35125 7266.819147 7417.897092 5561.960208 1296.338422 2099.861921 20.06572314 0 0 0 0 0 0 0 0 0 0 0 0 0 0 0 0 0 0 0 0 0 0 0 0 0 0 0 0 0 0 0 0 0 0 0 
0 0 0 0 0 0 0 0 0 0 0 0 0 0 0 0 0 0 0 0 0 0 0 0 0 0 0 0 0 0 0 0 0 0 0 0 2269.108944 6186.095298 6245.550592 6084.679454 6500.61683 6432.00164 7026.097285 8542.215988 6153.295139 4832.995244 7363.705185 10273.90486 8685.796795 9705.01982 9570.423718 8652.451941 10344.82493 11033.20025 11419.3352 8447.882079 9369.316518 10272.46915 5304.83038 7505.276732 6238.724511 4739.623361 2087.593243 14.7003274 301.0178913 0 0 0 0 0 0 0 0 0 0 0 0 0 0 0 0 0 0 0 0 0 0 0 0 0 0 0 0 0 0 0 0 0 0 0 
0 0 0 0 0 0 0 0 0 0 0 0 0 0 0 0 0 0 0 0 0 0 0 0 0 0 0 0 0 0 0 0 0 0 0 0 27.184469 2352.711674 3975.637704 2359.161534 4491.982113 3386.611311 3295.933712 5846.166511 3585.232365 2590.286303 2699.883513 4250.230342 2033.918088 5391.046112 2367.634048 3785.798395 4268.898573 6049.125828 5601.450495 6425.10959 5068.16847 5269.263976 1640.903999 2225.848278 3378.651014 451.7174912 333.2498919 778.379625 221.0275907 0 0 0 0 0 0 0 0 0 0 0 0 0 0 0 0 0 0 0 0 0 0 0 0 0 0 0 0 0 0 0 0 0 0 0 
0 0 0 0 0 0 0 0 0 0 0 0 0 0 0 0 0 0 0 0 0 0 0 0 0 0 0 0 0 0 0 0 0 0 0 3.949153811e-14 32.0306851 1616.330069 311.1303757 1145.919695 1284.750308 1317.299244 1568.753786 1096.12419 1969.418722 960.6081095 1631.390284 1930.747079 1897.805423 2352.348735 2282.484981 1713.949472 781.0458408 2437.802485 1907.691744 1909.506408 2114.285158 2136.442486 2271.665957 745.8444455 691.8056729 44.20978436 9.063614164 0.2269188603 0.0001522277378 0 0 0 0 0 0 0 0 0 0 0 0 0 0 0 0 0 0 0 0 0 0 0 0 0 0 0 0 0 0 0 0 0 0 0 
0 0 0 0 0 0 0 0 0 0 0 0 0 0 0 0 0 0 0 0 0 0 0 0 0 0 0 0 0 0 0 0 0 0 0 1.832895054e-05 0.001035481702 0.0007398452117 0.0001449519529 20.48092623 11.07469003 18.26741062 4.871257924 10.09003601 13.80165978 48.17073415 19.41226852 137.1432727 9.205725576 76.6179697 4.143199197 14.82869007 37.98633785 18.2481298 81.18821273 83.39113294 108.533906 119.5533802 2.248466502 66.16011847 148.868354 26.01990172 0.001799568441 2.406480434e-09 0.001706391081 0 0 0 0 0 0 0 0 0 0 0 0 0 0 0 0 0 0 0 0 0 0 0 0 0 0 0 0 0 0 0 0 0 0 0 
0 0 0 0 0 0 0 0 0 0 0 0 0 0 0 0 0 0 0 0 0 0 0 0 0 0 0 0 0 0 0 0 0 0 0 0 0.2056021725 0 0.08663805788 2.852192154e-06 0.001137159177 0.008791095066 3.023263438e-05 0.002459338292 5.880630857e-05 0.0335653659 1.488491216 0.0002192730509 0.02337079487 1.518454987 0.2455723099 0.09906230069 0.2270485494 0.09393704208 0.06840687009 0.001535312086 0.06116953658 0.4835078309 0.01356180024 0.2476371579 0.0003286538222 0.0001377530175 2.077308018e-15 6.944932688e-15 0 0 0 0 0 0 0 0 0 0 0 0 0 0 0 0 0 0 0 0 0 0 0 0 0 0 0 0 0 0 0 0 0 0 0 0 
0 0 0 0 0 0 0 0 0 0 0 0 0 0 0 0 0 0 0 0 0 0 0 0 0 0 0 0 0 0 0 0 0 0 0 3.952148035e-29 1.458510426e-12 0 2.593696874e-06 2.045100468e-06 2.172522177e-12 2.130018888e-11 1.383721283e-12 3.318041705e-14 2.3354596e-06 3.702381256e-12 7.177786193e-14 8.668494007e-14 2.056649428e-10 1.236839972e-07 2.097729484e-07 2.317116984e-12 4.897830175e-11 4.220763548e-11 4.807278936e-06 7.051878017e-10 2.186548785e-09 2.053323104e-05 4.514045549e-09 1.369406479e-10 5.426367308e-13 5.317051802e-12 6.373923117e-16 1.978415495e-18 3.231363159e-14 0 0 0 0 0 0 0 0 0 0 0 0 0 0 0 0 0 0 0 0 0 0 0 0 0 0 0 0 0 0 0 0 0 0 0 
0 0 0 0 0 0 0 0 0 0 0 0 0 0 0 0 0 0 0 0 0 0 0 0 0 0 0 0 0 0 0 0 0 0 0 0 0 0 0 0 0 0 0 0 0 0 0 0 0 0 0 1.111445551e-14 0 0 0 0 0 0 0 0 0 0 0 0 0 0 0 0 0 0 0 0 0 0 0 0 0 0 0 0 0 0 0 0 0 0 0 0 0 0 0 0 0 0 0 0 0 0 0 0 
0 0 0 0 0 0 0 0 0 0 0 0 0 0 0 0 0 0 0 0 0 0 0 0 0 0 0 0 0 0 0 0 0 0 0 0 0 0 0 0 0 0 0 0 0 0 0 0 0 0 0 0 0 0 0 0 0 0 0 0 0 0 0 0 0 0 0 0 0 0 0 0 0 0 0 0 0 0 0 0 0 0 0 0 0 0 0 0 0 0 0 0 0 0 0 0 0 0 0 0 
0 0 0 0 0 0 0 0 0 0 0 0 0 0 0 0 0 0 0 0 0 0 0 0 0 0 0 0 0 0 0 0 0 0 0 0 0 0 0 0 0 0 0 0 0 0 0 0 0 0 0 0 0 0 0 0 0 0 0 0 0 0 0 0 0 0 0 0 0 0 0 0 0 0 0 0 0 0 0 0 0 0 0 0 0 0 0 0 0 0 0 0 0 0 0 0 0 0 0 0 
0 0 0 0 0 0 0 0 0 0 0 0 0 0 0 0 0 0 0 0 0 0 0 0 0 0 0 0 0 0 0 0 0 0 0 0 0 0 0 0 0 0 0 0 0 0 0 0 0 0 0 0 0 0 0 0 0 0 0 0 0 0 0 0 0 0 0 0 0 0 0 0 0 0 0 0 0 0 0 0 0 0 0 0 0 0 0 0 0 0 0 0 0 0 0 0 0 0 0 0 
0 0 0 0 0 0 0 0 0 0 0 0 0 0 0 0 0 0 0 0 0 0 0 0 0 0 0 0 0 0 0 0 0 0 0 0 0 0 0 0 0 0 0 0 0 0 0 0 0 0 0 0 0 0 0 0 0 0 0 0 0 0 0 0 0 0 0 0 0 0 0 0 0 0 0 0 0 0 0 0 0 0 0 0 0 0 0 0 0 0 0 0 0 0 0 0 0 0 0 0 
0 0 0 0 0 0 0 0 0 0 0 0 0 0 0 0 0 0 0 0 0 0 0 0 0 0 0 0 0 0 0 0 0 0 0 0 0 0 0 0 0 0 0 0 0 0 0 0 0 0 0 0 0 0 0 0 0 0 0 0 0 0 0 0 0 0 0 0 0 0 0 0 0 0 0 0 0 0 0 0 0 0 0 0 0 0 0 0 0 0 0 0 0 0 0 0 0 0 0 0 
0 0 0 0 0 0 0 0 0 0 0 0 0 0 0 0 0 0 0 0 0 0 0 0 0 0 0 0 0 0 0 0 0 0 0 0 0 0 0 0 0 0 0 0 0 0 0 0 0 0 0 0 0 0 0 0 0 0 0 0 0 0 0 0 0 0 0 0 0 0 0 0 0 0 0 0 0 0 0 0 0 0 0 0 0 0 0 0 0 0 0 0 0 0 0 0 0 0 0 0 
0 0 0 0 0 0 0 0 0 0 0 0 0 0 0 0 0 0 0 0 0 0 0 0 0 0 0 0 0 0 0 0 0 0 0 0 0 0 0 0 0 0 0 0 0 0 0 0 0 0 0 0 0 0 0 0 0 0 0 0 0 0 0 0 0 0 0 0 0 0 0 0 0 0 0 0 0 0 0 0 0 0 0 0 0 0 0 0 0 0 0 0 0 0 0 0 0 0 0 0 
0 0 0 0 0 0 0 0 0 0 0 0 0 0 0 0 0 0 0 0 0 0 0 0 0 0 0 0 0 0 0 0 0 0 0 0 0 0 0 0 0 0 0 0 0 0 0 0 0 0 0 0 0 0 0 0 0 0 0 0 0 0 0 0 0 0 0 0 0 0 0 0 0 0 0 0 0 0 0 0 0 0 0 0 0 0 0 0 0 0 0 0 0 0 0 0 0 0 0 0 
0 0 0 0 0 0 0 0 0 0 0 0 0 0 0 0 0 0 0 0 0 0 0 0 0 0 0 0 0 0 0 0 0 0 0 0 0 0 0 0 0 0 0 0 0 0 0 0 0 0 0 0 0 0 0 0 0 0 0 0 0 0 0 0 0 0 0 0 0 0 0 0 0 0 0 0 0 0 0 0 0 0 0 0 0 0 0 0 0 0 0 0 0 0 0 0 0 0 0 0 
0 0 0 0 0 0 0 0 0 0 0 0 0 0 0 0 0 0 0 0 0 0 0 0 0 0 0 0 0 0 0 0 0 0 0 0 0 0 0 0 0 0 0 0 0 0 0 0 0 0 0 0 0 0 0 0 0 0 0 0 0 0 0 0 0 0 0 0 0 0 0 0 0 0 0 0 0 0 0 0 0 0 0 0 0 0 0 0 0 0 0 0 0 0 0 0 0 0 0 0 
0 0 0 0 0 0 0 0 0 0 0 0 0 0 0 0 0 0 0 0 0 0 0 0 0 0 0 0 0 0 0 0 0 0 0 0 0 0 0 0 0 0 0 0 0 0 0 0 0 0 0 0 0 0 0 0 0 0 0 0 0 0 0 0 0 0 0 0 0 0 0 0 0 0 0 0 0 0 0 0 0 0 0 0 0 0 0 0 0 0 0 0 0 0 0 0 0 0 0 0 
0 0 0 0 0 0 0 0 0 0 0 0 0 0 0 0 0 0 0 0 0 0 0 0 0 0 0 0 0 0 0 0 0 0 0 0 0 0 0 0 0 0 0 0 0 0 0 0 0 0 0 0 0 0 0 0 0 0 0 0 0 0 0 0 0 0 0 0 0 0 0 0 0 0 0 0 0 0 0 0 0 0 0 0 0 0 0 0 0 0 0 0 0 0 0 0 0 0 0 0 
0 0 0 0 0 0 0 0 0 0 0 0 0 0 0 0 0 0 0 0 0 0 0 0 0 0 0 0 0 0 0 0 0 0 0 0 0 0 0 0 0 0 0 0 0 0 0 0 0 0 0 0 0 0 0 0 0 0 0 0 0 0 0 0 0 0 0 0 0 0 0 0 0 0 0 0 0 0 0 0 0 0 0 0 0 0 0 0 0 0 0 0 0 0 0 0 0 0 0 0 
0 0 0 0 0 0 0 0 0 0 0 0 0 0 0 0 0 0 0 0 0 0 0 0 0 0 0 0 0 0 0 0 0 0 0 0 0 0 0 0 0 0 0 0 0 0 0 0 0 0 0 0 0 0 0 0 0 0 0 0 0 0 0 0 0 0 0 0 0 0 0 0 0 0 0 0 0 0 0 0 0 0 0 0 0 0 0 0 0 0 0 0 0 0 0 0 0 0 0 0 
0 0 0 0 0 0 0 0 0 0 0 0 0 0 0 0 0 0 0 0 0 0 0 0 0 0 0 0 0 0 0 0 0 0 0 0 0 0 0 0 0 0 0 0 0 0 0 0 0 0 0 0 0 0 0 0 0 0 0 0 0 0 0 0 0 0 0 0 0 0 0 0 0 0 0 0 0 0 0 0 0 0 0 0 0 0 0 0 0 0 0 0 0 0 0 0 0 0 0 0 
0 0 0 0 0 0 0 0 0 0 0 0 0 0 0 0 0 0 0 0 0 0 0 0 0 0 0 0 0 0 0 0 0 0 0 0 0 0 0 0 0 0 0 0 0 0 0 0 0 0 0 0 0 0 0 0 0 0 0 0 0 0 0 0 0 0 0 0 0 0 0 0 0 0 0 0 0 0 0 0 0 0 0 0 0 0 0 0 0 0 0 0 0 0 0 0 0 0 0 0 
0 0 0 0 0 0 0 0 0 0 0 0 0 0 0 0 0 0 0 0 0 0 0 0 0 0 0 0 0 0 0 0 0 0 0 0 0 0 0 0 0 0 0 0 0 0 0 0 0 0 0 0 0 0 0 0 0 0 0 0 0 0 0 0 0 0 0 0 0 0 0 0 0 0 0 0 0 0 0 0 0 0 0 0 0 0 0 0 0 0 0 0 0 0 0 0 0 0 0 0 
0 0 0 0 0 0 0 0 0 0 0 0 0 0 0 0 0 0 0 0 0 0 0 0 0 0 0 0 0 0 0 0 0 0 0 0 0 0 0 0 0 0 0 0 0 0 0 0 0 0 0 0 0 0 0 0 0 0 0 0 0 0 0 0 0 0 0 0 0 0 0 0 0 0 0 0 0 0 0 0 0 0 0 0 0 0 0 0 0 0 0 0 0 0 0 0 0 0 0 0 
0 0 0 0 0 0 0 0 0 0 0 0 0 0 0 0 0 0 0 0 0 0 0 0 0 0 0 0 0 0 0 0 0 0 0 0 0 0 0 0 0 0 0 0 0 0 0 0 0 0 0 0 0 0 0 0 0 0 0 0 0 0 0 0 0 0 0 0 0 0 0 0 0 0 0 0 0 0 0 0 0 0 0 0 0 0 0 0 0 0 0 0 0 0 0 0 0 0 0 0 
0 0 0 0 0 0 0 0 0 0 0 0 0 0 0 0 0 0 0 0 0 0 0 0 0 0 0 0 0 0 0 0 0 0 0 0 0 0 0 0 0 0 0 0 0 0 0 0 0 0 0 0 0 0 0 0 0 0 0 0 0 0 0 0 0 0 0 0 0 0 0 0 0 0 0 0 0 0 0 0 0 0 0 0 0 0 0 0 0 0 0 0 0 0 0 0 0 0 0 0 
0 0 0 0 0 0 0 0 0 0 0 0 0 0 0 0 0 0 0 0 0 0 0 0 0 0 0 0 0 0 0 0 0 0 0 0 0 0 0 0 0 0 0 0 0 0 0 0 0 0 0 0 0 0 0 0 0 0 0 0 0 0 0 0 0 0 0 0 0 0 0 0 0 0 0 0 0 0 0 0 0 0 0 0 0 0 0 0 0 0 0 0 0 0 0 0 0 0 0 0 
0 0 0 0 0 0 0 0 0 0 0 0 0 0 0 0 0 0 0 0 0 0 0 0 0 0 0 0 0 0 0 0 0 0 0 0 0 0 0 0 0 0 0 0 0 0 0 0 0 0 0 0 0 0 0 0 0 0 0 0 0 0 0 0 0 0 0 0 0 0 0 0 0 0 0 0 0 0 0 0 0 0 0 0 0 0 0 0 0 0 0 0 0 0 0 0 0 0 0 0 
0 0 0 0 0 0 0 0 0 0 0 0 0 0 0 0 0 0 0 0 0 0 0 0 0 0 0 0 0 0 0 0 0 0 0 0 0 0 0 0 0 0 0 0 0 0 0 0 0 0 0 0 0 0 0 0 0 0 0 0 0 0 0 0 0 0 0 0 0 0 0 0 0 0 0 0 0 0 0 0 0 0 0 0 0 0 0 0 0 0 0 0 0 0 0 0 0 0 0 0 
# Events [kim/kristine.dat] N:
0 0 0 0 0 0 0 0 0 0 0 0 0 0 0 0 0 0 0 0 0 0 0 0 0 0 0 0 0 0 0 0 0 0 0 0 0 0 0 0 0 0 0 0 0 0 0 0 0 0 0 0 0 0 0 0 0 0 0 0 0 0 0 0 0 0 0 0 0 0 0 0 0 0 0 0 0 0 0 0 0 0 0 0 0 0 0 0 0 0 0 0 0 0 0 0 0 0 0 0 
0 0 0 0 0 0 0 0 0 0 0 0 0 0 0 0 0 0 0 0 0 0 0 0 0 0 0 0 0 0 0 0 0 0 0 0 0 0 0 0 0 0 0 0 0 0 0 0 0 0 0 0 0 0 0 0 0 0 0 0 0 0 0 0 0 0 0 0 0 0 0 0 0 0 0 0 0 0 0 0 0 0 0 0 0 0 0 0 0 0 0 0 0 0 0 0 0 0 0 0 
0 0 0 0 0 0 0 0 0 0 0 0 0 0 0 0 0 0 0 0 0 0 0 0 0 0 0 0 0 0 0 0 0 0 0 0 0 0 0 0 0 0 0 0 0 0 0 0 0 0 0 0 0 0 0 0 0 0 0 0 0 0 0 0 0 0 0 0 0 0 0 0 0 0 0 0 0 0 0 0 0 0 0 0 0 0 0 0 0 0 0 0 0 0 0 0 0 0 0 0 
0 0 0 0 0 0 0 0 0 0 0 0 0 0 0 0 0 0 0 0 0 0 0 0 0 0 0 0 0 0 0 0 0 0 0 0 0 0 0 0 0 0 0 0 0 0 0 0 0 0 0 0 0 0 0 0 0 0 0 0 0 0 0 0 0 0 0 0 0 0 0 0 0 0 0 0 0 0 0 0 0 0 0 0 0 0 0 0 0 0 0 0 0 0 0 0 0 0 0 0 
0 0 0 0 0 0 0 0 0 0 0 0 0 0 0 0 0 0 0 0 0 0 0 0 0 0 0 0 0 0 0 0 0 0 0 0 0 0 0 0 0 0 0 0 0 0 0 0 0 0 0 0 0 0 0 0 0 0 0 0 0 0 0 0 0 0 0 0 0 0 0 0 0 0 0 0 0 0 0 0 0 0 0 0 0 0 0 0 0 0 0 0 0 0 0 0 0 0 0 0 
0 0 0 0 0 0 0 0 0 0 0 0 0 0 0 0 0 0 0 0 0 0 0 0 0 0 0 0 0 0 0 0 0 0 0 0 0 0 0 0 0 0 0 0 0 0 0 0 0 0 0 0 0 0 0 0 0 0 0 0 0 0 0 0 0 0 0 0 0 0 0 0 0 0 0 0 0 0 0 0 0 0 0 0 0 0 0 0 0 0 0 0 0 0 0 0 0 0 0 0 
0 0 0 0 0 0 0 0 0 0 0 0 0 0 0 0 0 0 0 0 0 0 0 0 0 0 0 0 0 0 0 0 0 0 0 0 0 0 0 0 0 0 0 0 0 0 0 0 0 0 0 0 0 0 0 0 0 0 0 0 0 0 0 0 0 0 0 0 0 0 0 0 0 0 0 0 0 0 0 0 0 0 0 0 0 0 0 0 0 0 0 0 0 0 0 0 0 0 0 0 
0 0 0 0 0 0 0 0 0 0 0 0 0 0 0 0 0 0 0 0 0 0 0 0 0 0 0 0 0 0 0 0 0 0 0 0 0 0 0 0 0 0 0 0 0 0 0 0 0 0 0 0 0 0 0 0 0 0 0 0 0 0 0 0 0 0 0 0 0 0 0 0 0 0 0 0 0 0 0 0 0 0 0 0 0 0 0 0 0 0 0 0 0 0 0 0 0 0 0 0 
0 0 0 0 0 0 0 0 0 0 0 0 0 0 0 0 0 0 0 0 0 0 0 0 0 0 0 0 0 0 0 0 0 0 0 0 0 0 0 0 0 0 0 0 0 0 0 0 0 0 0 0 0 0 0 0 0 0 0 0 0 0 0 0 0 0 0 0 0 0 0 0 0 0 0 0 0 0 0 0 0 0 0 0 0 0 0 0 0 0 0 0 0 0 0 0 0 0 0 0 
0 0 0 0 0 0 0 0 0 0 0 0 0 0 0 0 0 0 0 0 0 0 0 0 0 0 0 0 0 0 0 0 0 0 0 0 0 0 0 0 0 0 0 0 0 0 0 0 0 0 0 0 0 0 0 0 0 0 0 0 0 0 0 0 0 0 0 0 0 0 0 0 0 0 0 0 0 0 0 0 0 0 0 0 0 0 0 0 0 0 0 0 0 0 0 0 0 0 0 0 
0 0 0 0 0 0 0 0 0 0 0 0 0 0 0 0 0 0 0 0 0 0 0 0 0 0 0 0 0 0 0 0 0 0 0 0 0 0 0 0 0 0 0 0 0 0 0 0 0 0 0 0 0 0 0 0 0 0 0 0 0 0 0 0 0 0 0 0 0 0 0 0 0 0 0 0 0 0 0 0 0 0 0 0 0 0 0 0 0 0 0 0 0 0 0 0 0 0 0 0 
0 0 0 0 0 0 0 0 0 0 0 0 0 0 0 0 0 0 0 0 0 0 0 0 0 0 0 0 0 0 0 0 0 0 0 0 0 0 0 0 0 0 0 0 0 0 0 0 0 0 0 0 0 0 0 0 0 0 0 0 0 0 0 0 0 0 0 0 0 0 0 0 0 0 0 0 0 0 0 0 0 0 0 0 0 0 0 0 0 0 0 0 0 0 0 0 0 0 0 0 
0 0 0 0 0 0 0 0 0 0 0 0 0 0 0 0 0 0 0 0 0 0 0 0 0 0 0 0 0 0 0 0 0 0 0 0 0 0 0 0 0 0 0 0 0 0 0 0 0 0 0 0 0 0 0 0 0 0 0 0 0 0 0 0 0 0 0 0 0 0 0 0 0 0 0 0 0 0 0 0 0 0 0 0 0 0 0 0 0 0 0 0 0 0 0 0 0 0 0 0 
0 0 0 0 0 0 0 0 0 0 0 0 0 0 0 0 0 0 0 0 0 0 0 0 0 0 0 0 0 0 0 0 0 0 0 0 0 0 0 0 0 0 0 0 0 0 0 0 0 0 0 0 0 0 0 0 0 0 0 0 0 0 0 0 0 0 0 0 0 0 0 0 0 0 0 0 0 0 0 0 0 0 0 0 0 0 0 0 0 0 0 0 0 0 0 0 0 0 0 0 
0 0 0 0 0 0 0 0 0 0 0 0 0 0 0 0 0 0 0 0 0 0 0 0 0 0 0 0 0 0 0 0 0 0 0 0 0 0 0 0 0 0 0 0 0 0 0 0 0 0 0 0 0 0 0 0 0 0 0 0 0 0 0 0 0 0 0 0 0 0 0 0 0 0 0 0 0 0 0 0 0 0 0 0 0 0 0 0 0 0 0 0 0 0 0 0 0 0 0 0 
0 0 0 0 0 0 0 0 0 0 0 0 0 0 0 0 0 0 0 0 0 0 0 0 0 0 0 0 0 0 0 0 0 0 0 0 0 0 0 0 0 0 0 0 0 0 0 0 0 0 0 0 0 0 0 0 0 0 0 0 0 0 0 0 0 0 0 0 0 0 0 0 0 0 0 0 0 0 0 0 0 0 0 0 0 0 0 0 0 0 0 0 0 0 0 0 0 0 0 0 
0 0 0 0 0 0 0 0 0 0 0 0 0 0 0 0 0 0 0 0 0 0 0 0 0 0 0 0 0 0 0 0 0 0 0 0 0 0 0 0 0 0 0 0 0 0 0 0 0 0 0 0 0 0 0 0 0 0 0 0 0 0 0 0 0 0 0 0 0 0 0 0 0 0 0 0 0 0 0 0 0 0 0 0 0 0 0 0 0 0 0 0 0 0 0 0 0 0 0 0 
0 0 0 0 0 0 0 0 0 0 0 0 0 0 0 0 0 0 0 0 0 0 0 0 0 0 0 0 0 0 0 0 0 0 0 0 0 0 0 0 0 0 0 0 0 0 0 0 0 0 0 0 0 0 0 0 0 0 0 0 0 0 0 0 0 0 0 0 0 0 0 0 0 0 0 0 0 0 0 0 0 0 0 0 0 0 0 0 0 0 0 0 0 0 0 0 0 0 0 0 
0 0 0 0 0 0 0 0 0 0 0 0 0 0 0 0 0 0 0 0 0 0 0 0 0 0 0 0 0 0 0 0 0 0 0 0 0 0 0 0 0 0 0 0 0 0 0 0 0 0 0 0 0 0 0 0 0 0 0 0 0 0 0 0 0 0 0 0 0 0 0 0 0 0 0 0 0 0 0 0 0 0 0 0 0 0 0 0 0 0 0 0 0 0 0 0 0 0 0 0 
0 0 0 0 0 0 0 0 0 0 0 0 0 0 0 0 0 0 0 0 0 0 0 0 0 0 0 0 0 0 0 0 0 0 0 0 0 0 0 0 0 0 0 0 0 0 0 0 0 0 0 0 0 0 0 0 0 0 0 0 0 0 0 0 0 0 0 0 0 0 0 0 0 0 0 0 0 0 0 0 0 0 0 0 0 0 0 0 0 0 0 0 0 0 0 0 0 0 0 0 
0 0 0 0 0 0 0 0 0 0 0 0 0 0 0 0 0 0 0 0 0 0 0 0 0 0 0 0 0 0 0 0 0 0 0 0 0 0 0 0 0 0 0 0 0 0 0 0 0 0 0 0 0 0 0 0 0 0 0 0 0 0 0 0 0 0 0 0 0 0 0 0 0 0 0 0 0 0 0 0 0 0 0 0 0 0 0 0 0 0 0 0 0 0 0 0 0 0 0 0 
0 0 0 0 0 0 0 0 0 0 0 0 0 0 0 0 0 0 0 0 0 0 0 0 0 0 0 0 0 0 0 0 0 0 0 0 0 0 0 0 0 0 0 0 0 0 0 0 0 0 0 0 0 0 0 0 0 0 0 0 0 0 0 0 0 0 0 0 0 0 0 0 0 0 0 0 0 0 0 0 0 0 0 0 0 0 0 0 0 0 0 0 0 0 0 0 0 0 0 0 
0 0 0 0 0 0 0 0 0 0 0 0 0 0 0 0 0 0 0 0 0 0 0 0 0 0 0 0 0 0 0 0 0 0 0 0 0 0 0 0 0 0 0 0 0 0 0 0 0 0 0 0 0 0 0 0 0 0 0 0 0 0 0 0 0 0 0 0 0 0 0 0 0 0 0 0 0 0 0 0 0 0 0 0 0 0 0 0 0 0 0 0 0 0 0 0 0 0 0 0 
0 0 0 0 0 0 0 0 0 0 0 0 0 0 0 0 0 0 0 0 0 0 0 0 0 0 0 0 0 0 0 0 0 0 0 0 0 0 0 0 0 0 0 0 0 0 0 0 0 0 0 0 1 0 0 0 0 0 0 0 0 0 0 0 0 0 0 0 0 0 0 0 0 0 0 0 0 0 0 0 0 0 0 0 0 0 0 0 0 0 0 0 0 0 0 0 0 0 0 0 
0 0 0 0 0 0 0 0 0 0 0 0 0 0 0 0 0 0 0 0 0 0 0 0 0 0 0 0 0 0 0 0 0 0 0 2 0 2 4 3 0 9 7 3 7 8 6 8 6 11 8 3 4 6 4 11 5 8 5 3 3 4 1 1 2 0 0 0 0 0 0 0 0 0 0 0 0 0 0 0 0 0 0 0 0 0 0 0 0 0 0 0 0 0 0 0 0 0 0 0 
0 0 0 0 0 0 0 0 0 0 0 0 0 0 0 0 0 0 0 0 0 0 0 0 0 0 0 0 0 0 0 0 0 0 0 0 2 4 5 9 7 14 15 10 19 13 14 23 21 22 32 30 20 26 26 20 17 14 17 8 7 6 5 2 1 0 0 0 0 0 0 0 0 0 0 0 0 0 0 0 0 0 0 0 0 0 0 0 0 0 0 0 0 0 0 0 0 0 0 0 
0 0 0 0 0 0 0 0 0 0 0 0 0 0 0 0 0 0 0 0 0 0 0 0 0 0 0 0 0 0 0 0 0 0 0 0 4 9 8 13 15 10 11 20 17 17 25 26 33 45 51 37 44 43 27 35 34 29 22 12 17 10 5 3 2 0 0 0 0 0 0 0 0 0 0 0 0 0 0 0 0 0 0 0 0 0 0 0 0 0 0 0 0 0 0 0 0 0 0 0 
0 0 0 0 0 0 0 0 0 0 0 0 0 0 0 0 0 0 0 0 0 0 0 0 0 0 0 0 0 0 0 0 0 0 0 0 2 14 19 18 14 18 18 28 23 25 40 43 51 51 48 53 52 54 46 58 43 41 36 24 25 15 11 5 1 0 0 0 0 0 0 0 0 0 0 0 0 0 0 0 0 0 0 0 0 0 0 0 0 0 0 0 0 0 0 0 0 0 0 0 
0 0 0 0 0 0 0 0 0 0 0 0 0 0 0 0 0 0 0 0 0 0 0 0 0 0 0 0 0 0 0 0 0 0 0 5 11 12 12 13 29 21 30 23 34 35 64 63 60 66 68 68 85 72 65 59 46 49 47 33 21 15 7 7 1 0 0 0 0 0 0 0 0 0 0 0 0 0 0 0 0 0 0 0 0 0 0 0 0 0 0 0 0 0 0 0 0 0 0 0 
0 0 0 0 0 0 0 0 0 0 0 0 0 0 0 0 0 0 0 0 0 0 0 0 0 0 0 0 0 0 0 0 0 0 0 3 9 16 23 23 26 29 22 28 51 46 50 85 88 82 93 85 97 88 74 61 63 71 41 43 32 31 14 7 3 0 0 0 0 0 0 0 0 0 0 0 0 0 0 0 0 0 0 0 0 0 0 0 0 0 0 0 0 0 0 0 0 0 0 0 
0 0 0 0 0 0 0 0 0 0 0 0 0 0 0 0 0 0 0 0 0 0 0 0 0 0 0 0 0 0 0 0 0 0 0 2 10 13 27 24 35 31 33 55 45 58 69 103 75 100 95 103 109 93 80 83 73 67 61 48 41 30 10 8 4 0 0 0 0 0 0 0 0 0 0 0 0 0 0 0 0 0 0 0 0 0 0 0 0 0 0 0 0 0 0 0 0 0 0 0 
0 0 0 0 0 0 0 0 0 0 0 0 0 0 0 0 0 0 0 0 0 0 0 0 0 0 0 0 0 0 0 0 1 0 1 0 11 16 29 38 42 35 48 67 57 62 67 98 115 109 113 114 109 125 100 95 90 81 61 57 39 33 16 11 2 0 0 0 0 0 0 0 0 0 0 0 0 0 0 0 0 0 0 0 0 0 0 0 0 0 0 0 0 0 0 0 0 0 0 0 
0 0 0 0 0 0 0 0 0 0 0 0 0 0 0 0 0 0 0 0 0 0 0 0 0 0 0 0 0 0 0 0 0 0 0 2 18 30 35 43 38 39 53 66 69 73 95 117 134 125 149 133 146 148 134 113 101 97 67 56 38 45 31 14 4 0 0 0 0 0 0 0 0 0 0 0 0 0 0 0 0 0 0 0 0 0 0 0 0 0 0 0 0 0 0 0 0 0 0 0 
0 0 0 0 0 0 0 0 0 0 0 0 0 0 0 0 0 0 0 0 0 0 0 0 0 0 0 0 0 0 0 0 0 0 0 4 7 22 34 42 43 62 66 69 62 83 85 133 140 141 146 174 153 162 126 124 113 85 59 60 68 37 26 13 8 0 0 0 0 0 0 0 0 0 0 0 0 0 0 0 0 0 0 0 0 0 0 0 0 0 0 0 0 0 0 0 0 0 0 0 
0 0 0 0 0 0 0 0 0 0 0 0 0 0 0 0 0 0 0 0 0 0 0 0 0 0 0 0 0 0 0 0 0 0 0 3 18 27 40 44 58 50 52 76 71 79 106 143 148 138 148 171 158 159 151 143 127 107 85 71 68 39 26 19 6 0 0 0 0 0 0 0 0 0 0 0 0 0 0 0 0 0 0 0 0 0 0 0 0 0 0 0 0 0 0 0 0 0 0 0 
0 0 0 0 0 0 0 0 0 0 0 0 0 0 0 0 0 0 0 0 0 0 0 0 0 0 0 0 0 0 0 0 0 0 0 3 14 25 40 51 63 59 66 74 88 94 116 160 146 178 182 188 184 193 159 136 120 114 91 88 71 50 31 21 9 0 0 0 0 0 0 0 0 0 0 0 0 0 0 0 0 0 0 0 0 0 0 0 0 0 0 0 0 0 0 0 0 0 0 0 
0 0 0 0 0 0 0 0 0 0 0 0 0 0 0 0 0 0 0 0 0 0 0 0 0 0 0 0 0 0 0 0 0 0 1 9 27 36 47 51 74 72 65 76 113 133 124 188 205 189 193 200 234 217 162 147 127 131 106 82 76 50 26 16 6 0 0 0 0 0 0 0 0 0 0 0 0 0 0 0 0 0 0 0 0 0 0 0 0 0 0 0 0 0 0 0 0 0 0 0 
0 0 0 0 0 0 0 0 0 0 0 0 0 0 0 0 0 0 0 0 0 0 0 0 0 0 0 0 0 0 0 0 0 0 0 6 27 34 59 49 72 86 70 82 86 137 133 191 197 211 209 222 204 195 173 171 172 144 109 91 69 46 39 14 3 0 0 0 0 0 0 0 0 0 0 0 0 0 0 0 0 0 0 0 0 0 0 0 0 0 0 0 0 0 0 0 0 0 0 0 
0 0 0 0 0 0 0 0 0 0 0 0 0 0 0 0 0 0 0 0 0 0 0 0 0 0 0 0 0 0 0 0 0 0 0 3 18 46 60 66 67 82 79 97 121 128 140 191 239 201 233 236 258 252 187 189 185 175 142 99 103 58 38 19 15 0 0 0 0 0 0 0 0 0 0 0 0 0 0 0 0 0 0 0 0 0 0 0 0 0 0 0 0 0 0 0 0 0 0 0 
0 0 0 0 0 0 0 0 0 0 0 0 0 0 0 0 0 0 0 0 0 0 0 0 0 0 0 0 0 0 0 0 0 2 1 5 24 40 59 62 86 88 103 110 111 130 144 240 227 206 242 253 275 241 232 205 182 172 132 137 91 52 34 19 3 0 0 0 0 0 0 0 0 0 0 0 0 0 0 0 0 0 0 0 0 0 0 0 0 0 0 0 0 0 0 0 0 0 0 0 
0 0 0 0 0 0 0 0 0 0 0 0 0 0 0 0 0 0 0 0 0 0 0 0 0 0 0 0 0 0 0 0 0 1 1 6 31 51 73 89 80 96 119 106 123 148 171 240 237 258 261 287 272 239 247 224 222 189 153 127 99 71 47 29 9 0 0 0 0 0 0 0 0 0 0 0 0 0 0 0 0 0 0 0 0 0 0 0 0 0 0 0 0 0 0 0 0 0 0 0 
0 0 0 0 0 0 0 0 0 0 0 0 0 0 0 0 0 0 0 0 0 0 0 0 0 0 0 0 0 0 0 0 0 0 0 8 25 49 73 85 101 109 104 119 150 173 181 258 269 241 261 297 303 262 265 239 198 199 148 132 114 77 38 17 12 0 0 0 0 0 0 0 0 0 0 0 0 0 0 0 0 0 0 0 0 0 0 0 0 0 0 0 0 0 0 0 0 0 0 0 
0 0 0 0 0 0 0 0 0 0 0 0 0 0 0 0 0 0 0 0 0 0 0 0 0 0 0 0 0 0 0 0 0 0 1 9 23 53 70 87 98 99 107 117 153 161 203 296 289 294 298 304 356 299 258 247 240 202 195 133 121 71 40 33 8 0 0 0 0 0 0 0 0 0 0 0 0 0 0 0 0 0 0 0 0 0 0 0 0 0 0 0 0 0 0 0 0 0 0 0 
0 0 0 0 0 0 0 0 0 0 0 0 0 0 0 0 0 0 0 0 0 0 0 0 0 0 0 0 0 0 0 0 2 1 2 12 29 53 79 95 98 93 130 151 141 165 190 265 318 287 277 317 353 300 295 258 240 220 187 162 135 84 56 27 8 0 0 0 0 0 0 0 0 0 0 0 0 0 0 0 0 0 0 0 0 0 0 0 0 0 0 0 0 0 0 0 0 0 0 0 
0 0 0 0 0 0 0 0 0 0 0 0 0 0 0 0 0 0 0 0 0 0 0 0 0 0 0 0 0 0 0 0 0 0 0 5 24 65 80 63 106 99 96 146 165 149 215 287 287 282 317 329 349 301 301 264 252 204 167 168 110 92 41 28 11 0 0 0 0 0 0 0 0 0 0 0 0 0 0 0 0 0 0 0 0 0 0 0 0 0 0 0 0 0 0 0 0 0 0 0 
0 0 0 0 0 0 0 0 0 0 0 0 0 0 0 0 0 0 0 0 0 0 0 0 0 0 0 0 0 0 0 0 0 1 0 16 29 56 92 106 103 102 127 144 148 167 201 284 295 294 282 326 340 324 272 238 202 193 166 139 116 72 49 30 12 0 0 0 0 0 0 0 0 0 0 0 0 0 0 0 0 0 0 0 0 0 0 0 0 0 0 0 0 0 0 0 0 0 0 0 
0 0 0 0 0 0 0 0 0 0 0 0 0 0 0 0 0 0 0 0 0 0 0 0 0 0 0 0 0 0 0 0 0 0 0 10 31 52 80 75 96 98 117 153 135 148 205 266 280 273 289 328 333 293 286 246 238 226 177 159 107 95 51 34 6 0 0 0 0 0 0 0 0 0 0 0 0 0 0 0 0 0 0 0 0 0 0 0 0 0 0 0 0 0 0 0 0 0 0 0 
0 0 0 0 0 0 0 0 0 0 0 0 0 0 0 0 0 0 0 0 0 0 0 0 0 0 0 0 0 0 0 0 0 0 1 11 25 56 73 70 106 105 98 140 148 178 188 239 291 295 303 305 306 324 268 246 218 198 187 136 133 67 39 31 7 0 0 0 0 0 0 0 0 0 0 0 0 0 0 0 0 0 0 0 0 0 0 0 0 0 0 0 0 0 0 0 0 0 0 0 
0 0 0 0 0 0 0 0 0 0 0 0 0 0 0 0 0 0 0 0 0 0 0 0 0 0 0 0 0 0 0 0 0 1 1 9 32 61 90 95 98 106 126 143 131 157 190 245 299 274 295 323 343 278 269 242 208 217 161 133 108 79 45 35 5 0 0 0 0 0 0 0 0 0 0 0 0 0 0 0 0 0 0 0 0 0 0 0 0 0 0 0 0 0 0 0 0 0 0 0 
0 0 0 0 0 0 0 0 0 0 0 0 0 0 0 0 0 0 0 0 0 0 0 0 0 0 0 0 0 0 0 0 0 0 0 8 37 62 78 101 81 103 120 144 131 149 176 275 288 294 289 297 299 333 245 252 246 206 166 142 114 80 53 32 11 0 0 0 0 0 0 0 0 0 0 0 0 0 0 0 0 0 0 0 0 0 0 0 0 0 0 0 0 0 0 0 0 0 0 0 
0 0 0 0 0 0 0 0 0 0 0 0 0 0 0 0 0 0 0 0 0 0 0 0 0 0 0 0 0 0 0 0 1 0 0 12 37 53 76 104 84 93 113 114 129 135 168 254 262 303 292 303 319 267 291 248 191 178 186 142 113 81 49 35 16 0 0 0 0 0 0 0 0 0 0 0 0 0 0 0 0 0 0 0 0 0 0 0 0 0 0 0 0 0 0 0 0 0 0 0 
0 0 0 0 0 0 0 0 0 0 0 0 0 0 0 0 0 0 0 0 0 0 0 0 0 0 0 0 0 0 0 0 0 0 1 8 32 34 90 74 96 109 125 116 156 177 186 286 280 299 310 312 340 296 256 254 235 211 158 141 96 93 40 23 10 0 0 0 0 0 0 0 0 0 0 0 0 0 0 0 0 0 0 0 0 0 0 0 0 0 0 0 0 0 0 0 0 0 0 0 
0 0 0 0 0 0 0 0 0 0 0 0 0 0 0 0 0 0 0 0 0 0 0 0 0 0 0 0 0 0 0 0 0 1 0 8 33 60 77 78 86 113 110 124 120 162 188 221 250 279 303 342 349 300 272 242 194 194 164 142 130 87 52 35 10 0 0 0 0 0 0 0 0 0 0 0 0 0 0 0 0 0 0 0 0 0 0 0 0 0 0 0 0 0 0 0 0 0 0 0 
0 0 0 0 0 0 0 0 0 0 0 0 0 0 0 0 0 0 0 0 0 0 0 0 0 0 0 0 0 0 0 0 0 0 0 8 38 53 84 92 99 134 97 131 166 174 163 286 277 260 327 310 322 297 273 266 240 168 162 132 118 86 51 32 13 0 0 0 0 0 0 0 0 0 0 0 0 0 0 0 0 0 0 0 0 0 0 0 0 0 0 0 0 0 0 0 0 0 0 0 
0 0 0 0 0 0 0 0 0 0 0 0 0 0 0 0 0 0 0 0 0 0 0 0 0 0 0 0 0 0 0 0 0 2 2 12 24 58 79 91 108 98 122 125 179 144 192 290 276 299 311 333 342 328 295 296 230 245 176 141 129 68 32 40 16 0 0 0 0 0 0 0 0 0 0 0 0 0 0 0 0 0 0 0 0 0 0 0 0 0 0 0 0 0 0 0 0 0 0 0 
0 0 0 0 0 0 0 0 0 0 0 0 0 0 0 0 0 0 0 0 0 0 0 0 0 0 0 0 0 0 0 0 1 1 1 4 25 48 85 81 106 128 143 144 146 168 181 260 295 296 302 323 324 310 266 272 207 201 196 158 134 73 46 30 9 0 0 0 0 0 0 0 0 0 0 0 0 0 0 0 0 0 0 0 0 0 0 0 0 0 0 0 0 0 0 0 0 0 0 0 
0 0 0 0 0 0 0 0 0 0 0 0 0 0 0 0 0 0 0 0 0 0 0 0 0 0 0 0 0 0 0 0 0 1 2 3 33 44 74 82 124 108 110 129 168 172 179 302 294 276 313 314 331 310 294 265 222 202 170 142 107 70 54 27 11 0 0 0 0 0 0 0 0 0 0 0 0 0 0 0 0 0 0 0 0 0 0 0 0 0 0 0 0 0 0 0 0 0 0 0 
0 0 0 0 0 0 0 0 0 0 0 0 0 0 0 0 0 0 0 0 0 0 0 0 0 0 0 0 0 0 0 0 0 0 0 7 32 54 67 91 85 90 105 113 140 158 216 274 249 254 281 305 325 306 292 244 218 201 180 132 112 92 34 31 10 0 0 0 0 0 0 0 0 0 0 0 0 0 0 0 0 0 0 0 0 0 0 0 0 0 0 0 0 0 0 0 0 0 0 0 
0 0 0 0 0 0 0 0 0 0 0 0 0 0 0 0 0 0 0 0 0 0 0 0 0 0 0 0 0 0 0 0 0 2 2 9 26 58 76 93 99 99 123 124 133 160 194 232 255 264 280 295 317 277 255 218 206 175 166 124 123 64 30 19 8 0 0 0 0 0 0 0 0 0 0 0 0 0 0 0 0 0 0 0 0 0 0 0 0 0 0 0 0 0 0 0 0 0 0 0 
0 0 0 0 0 0 0 0 0 0 0 0 0 0 0 0 0 0 0 0 0 0 0 0 0 0 0 0 0 0 0 0 0 1 1 9 23 44 63 60 93 121 85 137 114 136 167 237 235 233 230 276 268 266 249 192 184 173 156 106 103 75 53 29 4 0 0 0 0 0 0 0 0 0 0 0 0 0 0 0 0 0 0 0 0 0 0 0 0 0 0 0 0 0 0 0 0 0 0 0 
0 0 0 0 0 0 0 0 0 0 0 0 0 0 0 0 0 0 0 0 0 0 0 0 0 0 0 0 0 0 0 0 0 0 0 11 32 49 75 55 79 95 104 126 125 145 157 214 218 195 206 269 273 256 210 223 174 176 110 114 100 61 35 26 6 0 0 0 0 0 0 0 0 0 0 0 0 0 0 0 0 0 0 0 0 0 0 0 0 0 0 0 0 0 0 0 0 0 0 0 
0 0 0 0 0 0 0 0 0 0 0 0 0 0 0 0 0 0 0 0 0 0 0 0 0 0 0 0 0 0 0 0 0 1 0 7 30 46 52 65 77 82 80 90 92 124 145 205 194 206 219 216 234 239 196 215 178 149 128 102 81 58 41 32 10 0 0 0 0 0 0 0 0 0 0 0 0 0 0 0 0 0 0 0 0 0 0 0 0 0 0 0 0 0 0 0 0 0 0 0 
0 0 0 0 0 0 0 0 0 0 0 0 0 0 0 0 0 0 0 0 0 0 0 0 0 0 0 0 0 0 0 0 0 0 0 5 20 31 52 60 66 66 84 72 91 121 123 194 194 206 230 220 251 238 204 182 150 123 129 105 83 62 30 26 8 0 0 0 0 0 0 0 0 0 0 0 0 0 0 0 0 0 0 0 0 0 0 0 0 0 0 0 0 0 0 0 0 0 0 0 
0 0 0 0 0 0 0 0 0 0 0 0 0 0 0 0 0 0 0 0 0 0 0 0 0 0 0 0 0 0 0 0 1 0 2 8 23 42 39 64 70 63 81 84 81 94 114 173 156 178 221 209 207 180 179 137 148 130 122 107 78 50 35 32 5 0 0 0 0 0 0 0 0 0 0 0 0 0 0 0 0 0 0 0 0 0 0 0 0 0 0 0 0 0 0 0 0 0 0 0 
0 0 0 0 0 0 0 0 0 0 0 0 0 0 0 0 0 0 0 0 0 0 0 0 0 0 0 0 0 0 0 0 0 0 1 6 19 20 51 55 67 66 60 86 82 91 117 145 167 172 177 195 174 201 182 138 125 109 107 84 50 50 29 22 6 0 0 0 0 0 0 0 0 0 0 0 0 0 0 0 0 0 0 0 0 0 0 0 0 0 0 0 0 0 0 0 0 0 0 0 
0 0 0 0 0 0 0 0 0 0 0 0 0 0 0 0 0 0 0 0 0 0 0 0 0 0 0 0 0 0 0 0 0 0 0 6 11 29 34 60 54 64 58 67 75 88 142 160 144 185 160 159 189 168 153 136 116 121 95 86 60 30 25 20 4 0 0 0 0 0 0 0 0 0 0 0 0 0 0 0 0 0 0 0 0 0 0 0 0 0 0 0 0 0 0 0 0 0 0 0 
0 0 0 0 0 0 0 0 0 0 0 0 0 0 0 0 0 0 0 0 0 0 0 0 0 0 0 0 0 0 0 0 0 0 0 3 23 32 45 28 42 52 53 71 71 79 106 139 147 150 136 164 152 134 135 110 106 88 77 54 54 32 19 19 6 0 0 0 0 0 0 0 0 0 0 0 0 0 0 0 0 0 0 0 0 0 0 0 0 0 0 0 0 0 0 0 0 0 0 0 
0 0 0 0 0 0 0 0 0 0 0 0 0 0 0 0 0 0 0 0 0 0 0 0 0 0 0 0 0 0 0 0 0 0 0 5 12 24 34 39 50 57 66 61 66 72 96 111 121 123 124 152 129 138 118 106 108 98 83 50 52 37 23 13 3 0 0 0 0 0 0 0 0 0 0 0 0 0 0 0 0 0 0 0 0 0 0 0 0 0 0 0 0 0 0 0 0 0 0 0 
0 0 0 0 0 0 0 0 0 0 0 0 0 0 0 0 0 0 0 0 0 0 0 0 0 0 0 0 0 0 0 0 0 0 1 6 11 20 24 37 42 34 51 53 65 52 62 105 107 92 97 141 123 124 124 102 78 75 70 52 42 34 19 6 3 0 0 0 0 0 0 0 0 0 0 0 0 0 0 0 0 0 0 0 0 0 0 0 0 0 0 0 0 0 0 0 0 0 0 0 
0 0 0 0 0 0 0 0 0 0 0 0 0 0 0 0 0 0 0 0 0 0 0 0 0 0 0 0 0 0 0 0 0 0 1 4 15 18 32 21 29 29 47 39 46 56 72 93 83 71 91 96 113 108 81 78 77 69 53 42 38 28 19 14 2 0 0 0 0 0 0 0 0 0 0 0 0 0 0 0 0 0 0 0 0 0 0 0 0 0 0 0 0 0 0 0 0 0 0 0 
0 0 0 0 0 0 0 0 0 0 0 0 0 0 0 0 0 0 0 0 0 0 0 0 0 0 0 0 0 0 0 0 0 0 0 0 7 15 18 31 18 30 26 31 38 37 53 87 79 82 93 72 103 89 76 65 70 75 44 49 35 23 15 12 5 0 0 0 0 0 0 0 0 0 0 0 0 0 0 0 0 0 0 0 0 0 0 0 0 0 0 0 0 0 0 0 0 0 0 0 
0 0 0 0 0 0 0 0 0 0 0 0 0 0 0 0 0 0 0 0 0 0 0 0 0 0 0 0 0 0 0 0 0 0 0 0 3 14 16 9 25 35 24 31 29 36 35 55 61 61 74 68 71 58 54 61 52 42 26 35 27 18 9 6 3 0 0 0 0 0 0 0 0 0 0 0 0 0 0 0 0 0 0 0 0 0 0 0 0 0 0 0 0 0 0 0 0 0 0 0 
0 0 0 0 0 0 0 0 0 0 0 0 0 0 0 0 0 0 0 0 0 0 0 0 0 0 0 0 0 0 0 0 0 0 0 1 6 8 11 15 24 17 24 23 31 21 29 51 54 56 46 64 55 45 49 31 36 40 26 17 20 13 6 3 1 0 0 0 0 0 0 0 0 0 0 0 0 0 0 0 0 0 0 0 0 0 0 0 0 0 0 0 0 0 0 0 0 0 0 0 
0 0 0 0 0 0 0 0 0 0 0 0 0 0 0 0 0 0 0 0 0 0 0 0 0 0 0 0 0 0 0 0 0 0 0 2 5 7 6 12 16 15 11 17 22 15 34 37 37 29 30 51 43 39 34 32 31 29 14 23 13 13 9 5 3 0 0 0 0 0 0 0 0 0 0 0 0 0 0 0 0 0 0 0 0 0 0 0 0 0 0 0 0 0 0 0 0 0 0 0 
0 0 0 0 0 0 0 0 0 0 0 0 0 0 0 0 0 0 0 0 0 0 0 0 0 0 0 0 0 0 0 0 0 0 0 0 4 0 5 4 5 9 12 14 9 19 16 18 24 17 20 25 22 18 29 22 16 16 10 14 9 9 2 2 0 0 0 0 0 0 0 0 0 0 0 0 0 0 0 0 0 0 0 0 0 0 0 0 0 0 0 0 0 0 0 0 0 0 0 0 
0 0 0 0 0 0 0 0 0 0 0 0 0 0 0 0 0 0 0 0 0 0 0 0 0 0 0 0 0 0 0 0 0 0 0 1 4 0 5 3 2 4 3 1 4 4 5 6 10 13 13 12 9 4 8 4 7 5 8 3 4 1 2 1 1 0 0 0 0 0 0 0 0 0 0 0 0 0 0 0 0 0 0 0 0 0 0 0 0 0 0 0 0 0 0 0 0 0 0 0 
0 0 0 0 0 0 0 0 0 0 0 0 0 0 0 0 0 0 0 0 0 0 0 0 0 0 0 0 0 0 0 0 0 0 0 0 0 0 0 0 0 0 0 0 0 0 0 0 0 0 0 1 0 0 0 0 0 0 0 0 0 0 0 0 0 0 0 0 0 0 0 0 0 0 0 0 0 0 0 0 0 0 0 0 0 0 0 0 0 0 0 0 0 0 0 0 0 0 0 0 
0 0 0 0 0 0 0 0 0 0 0 0 0 0 0 0 0 0 0 0 0 0 0 0 0 0 0 0 0 0 0 0 0 0 0 0 0 0 0 0 0 0 0 0 0 0 0 0 0 0 0 0 0 0 0 0 0 0 0 0 0 0 0 0 0 0 0 0 0 0 0 0 0 0 0 0 0 0 0 0 0 0 0 0 0 0 0 0 0 0 0 0 0 0 0 0 0 0 0 0 
0 0 0 0 0 0 0 0 0 0 0 0 0 0 0 0 0 0 0 0 0 0 0 0 0 0 0 0 0 0 0 0 0 0 0 0 0 0 0 0 0 0 0 0 0 0 0 0 0 0 0 0 0 0 0 0 0 0 0 0 0 0 0 0 0 0 0 0 0 0 0 0 0 0 0 0 0 0 0 0 0 0 0 0 0 0 0 0 0 0 0 0 0 0 0 0 0 0 0 0 
0 0 0 0 0 0 0 0 0 0 0 0 0 0 0 0 0 0 0 0 0 0 0 0 0 0 0 0 0 0 0 0 0 0 0 0 0 0 0 0 0 0 0 0 0 0 0 0 0 0 0 0 0 0 0 0 0 0 0 0 0 0 0 0 0 0 0 0 0 0 0 0 0 0 0 0 0 0 0 0 0 0 0 0 0 0 0 0 0 0 0 0 0 0 0 0 0 0 0 0 
0 0 0 0 0 0 0 0 0 0 0 0 0 0 0 0 0 0 0 0 0 0 0 0 0 0 0 0 0 0 0 0 0 0 0 0 0 0 0 0 0 0 0 0 0 0 0 0 0 0 0 0 0 0 0 0 0 0 0 0 0 0 0 0 0 0 0 0 0 0 0 0 0 0 0 0 0 0 0 0 0 0 0 0 0 0 0 0 0 0 0 0 0 0 0 0 0 0 0 0 
0 0 0 0 0 0 0 0 0 0 0 0 0 0 0 0 0 0 0 0 0 0 0 0 0 0 0 0 0 0 0 0 0 0 0 0 0 0 0 0 0 0 0 0 0 0 0 0 0 0 0 0 0 0 0 0 0 0 0 0 0 0 0 0 0 0 0 0 0 0 0 0 0 0 0 0 0 0 0 0 0 0 0 0 0 0 0 0 0 0 0 0 0 0 0 0 0 0 0 0 
0 0 0 0 0 0 0 0 0 0 0 0 0 0 0 0 0 0 0 0 0 0 0 0 0 0 0 0 0 0 0 0 0 0 0 0 0 0 0 0 0 0 0 0 0 0 0 0 0 0 0 0 0 0 0 0 0 0 0 0 0 0 0 0 0 0 0 0 0 0 0 0 0 0 0 0 0 0 0 0 0 0 0 0 0 0 0 0 0 0 0 0 0 0 0 0 0 0 0 0 
0 0 0 0 0 0 0 0 0 0 0 0 0 0 0 0 0 0 0 0 0 0 0 0 0 0 0 0 0 0 0 0 0 0 0 0 0 0 0 0 0 0 0 0 0 0 0 0 0 0 0 0 0 0 0 0 0 0 0 0 0 0 0 0 0 0 0 0 0 0 0 0 0 0 0 0 0 0 0 0 0 0 0 0 0 0 0 0 0 0 0 0 0 0 0 0 0 0 0 0 
0 0 0 0 0 0 0 0 0 0 0 0 0 0 0 0 0 0 0 0 0 0 0 0 0 0 0 0 0 0 0 0 0 0 0 0 0 0 0 0 0 0 0 0 0 0 0 0 0 0 0 0 0 0 0 0 0 0 0 0 0 0 0 0 0 0 0 0 0 0 0 0 0 0 0 0 0 0 0 0 0 0 0 0 0 0 0 0 0 0 0 0 0 0 0 0 0 0 0 0 
0 0 0 0 0 0 0 0 0 0 0 0 0 0 0 0 0 0 0 0 0 0 0 0 0 0 0 0 0 0 0 0 0 0 0 0 0 0 0 0 0 0 0 0 0 0 0 0 0 0 0 0 0 0 0 0 0 0 0 0 0 0 0 0 0 0 0 0 0 0 0 0 0 0 0 0 0 0 0 0 0 0 0 0 0 0 0 0 0 0 0 0 0 0 0 0 0 0 0 0 
0 0 0 0 0 0 0 0 0 0 0 0 0 0 0 0 0 0 0 0 0 0 0 0 0 0 0 0 0 0 0 0 0 0 0 0 0 0 0 0 0 0 0 0 0 0 0 0 0 0 0 0 0 0 0 0 0 0 0 0 0 0 0 0 0 0 0 0 0 0 0 0 0 0 0 0 0 0 0 0 0 0 0 0 0 0 0 0 0 0 0 0 0 0 0 0 0 0 0 0 
0 0 0 0 0 0 0 0 0 0 0 0 0 0 0 0 0 0 0 0 0 0 0 0 0 0 0 0 0 0 0 0 0 0 0 0 0 0 0 0 0 0 0 0 0 0 0 0 0 0 0 0 0 0 0 0 0 0 0 0 0 0 0 0 0 0 0 0 0 0 0 0 0 0 0 0 0 0 0 0 0 0 0 0 0 0 0 0 0 0 0 0 0 0 0 0 0 0 0 0 
0 0 0 0 0 0 0 0 0 0 0 0 0 0 0 0 0 0 0 0 0 0 0 0 0 0 0 0 0 0 0 0 0 0 0 0 0 0 0 0 0 0 0 0 0 0 0 0 0 0 0 0 0 0 0 0 0 0 0 0 0 0 0 0 0 0 0 0 0 0 0 0 0 0 0 0 0 0 0 0 0 0 0 0 0 0 0 0 0 0 0 0 0 0 0 0 0 0 0 0 
0 0 0 0 0 0 0 0 0 0 0 0 0 0 0 0 0 0 0 0 0 0 0 0 0 0 0 0 0 0 0 0 0 0 0 0 0 0 0 0 0 0 0 0 0 0 0 0 0 0 0 0 0 0 0 0 0 0 0 0 0 0 0 0 0 0 0 0 0 0 0 0 0 0 0 0 0 0 0 0 0 0 0 0 0 0 0 0 0 0 0 0 0 0 0 0 0 0 0 0 
0 0 0 0 0 0 0 0 0 0 0 0 0 0 0 0 0 0 0 0 0 0 0 0 0 0 0 0 0 0 0 0 0 0 0 0 0 0 0 0 0 0 0 0 0 0 0 0 0 0 0 0 0 0 0 0 0 0 0 0 0 0 0 0 0 0 0 0 0 0 0 0 0 0 0 0 0 0 0 0 0 0 0 0 0 0 0 0 0 0 0 0 0 0 0 0 0 0 0 0 
0 0 0 0 0 0 0 0 0 0 0 0 0 0 0 0 0 0 0 0 0 0 0 0 0 0 0 0 0 0 0 0 0 0 0 0 0 0 0 0 0 0 0 0 0 0 0 0 0 0 0 0 0 0 0 0 0 0 0 0 0 0 0 0 0 0 0 0 0 0 0 0 0 0 0 0 0 0 0 0 0 0 0 0 0 0 0 0 0 0 0 0 0 0 0 0 0 0 0 0 
0 0 0 0 0 0 0 0 0 0 0 0 0 0 0 0 0 0 0 0 0 0 0 0 0 0 0 0 0 0 0 0 0 0 0 0 0 0 0 0 0 0 0 0 0 0 0 0 0 0 0 0 0 0 0 0 0 0 0 0 0 0 0 0 0 0 0 0 0 0 0 0 0 0 0 0 0 0 0 0 0 0 0 0 0 0 0 0 0 0 0 0 0 0 0 0 0 0 0 0 
0 0 0 0 0 0 0 0 0 0 0 0 0 0 0 0 0 0 0 0 0 0 0 0 0 0 0 0 0 0 0 0 0 0 0 0 0 0 0 0 0 0 0 0 0 0 0 0 0 0 0 0 0 0 0 0 0 0 0 0 0 0 0 0 0 0 0 0 0 0 0 0 0 0 0 0 0 0 0 0 0 0 0 0 0 0 0 0 0 0 0 0 0 0 0 0 0 0 0 0 
0 0 0 0 0 0 0 0 0 0 0 0 0 0 0 0 0 0 0 0 0 0 0 0 0 0 0 0 0 0 0 0 0 0 0 0 0 0 0 0 0 0 0 0 0 0 0 0 0 0 0 0 0 0 0 0 0 0 0 0 0 0 0 0 0 0 0 0 0 0 0 0 0 0 0 0 0 0 0 0 0 0 0 0 0 0 0 0 0 0 0 0 0 0 0 0 0 0 0 0 
0 0 0 0 0 0 0 0 0 0 0 0 0 0 0 0 0 0 0 0 0 0 0 0 0 0 0 0 0 0 0 0 0 0 0 0 0 0 0 0 0 0 0 0 0 0 0 0 0 0 0 0 0 0 0 0 0 0 0 0 0 0 0 0 0 0 0 0 0 0 0 0 0 0 0 0 0 0 0 0 0 0 0 0 0 0 0 0 0 0 0 0 0 0 0 0 0 0 0 0 
0 0 0 0 0 0 0 0 0 0 0 0 0 0 0 0 0 0 0 0 0 0 0 0 0 0 0 0 0 0 0 0 0 0 0 0 0 0 0 0 0 0 0 0 0 0 0 0 0 0 0 0 0 0 0 0 0 0 0 0 0 0 0 0 0 0 0 0 0 0 0 0 0 0 0 0 0 0 0 0 0 0 0 0 0 0 0 0 0 0 0 0 0 0 0 0 0 0 0 0 
0 0 0 0 0 0 0 0 0 0 0 0 0 0 0 0 0 0 0 0 0 0 0 0 0 0 0 0 0 0 0 0 0 0 0 0 0 0 0 0 0 0 0 0 0 0 0 0 0 0 0 0 0 0 0 0 0 0 0 0 0 0 0 0 0 0 0 0 0 0 0 0 0 0 0 0 0 0 0 0 0 0 0 0 0 0 0 0 0 0 0 0 0 0 0 0 0 0 0 0 
0 0 0 0 0 0 0 0 0 0 0 0 0 0 0 0 0 0 0 0 0 0 0 0 0 0 0 0 0 0 0 0 0 0 0 0 0 0 0 0 0 0 0 0 0 0 0 0 0 0 0 0 0 0 0 0 0 0 0 0 0 0 0 0 0 0 0 0 0 0 0 0 0 0 0 0 0 0 0 0 0 0 0 0 0 0 0 0 0 0 0 0 0 0 0 0 0 0 0 0 
0 0 0 0 0 0 0 0 0 0 0 0 0 0 0 0 0 0 0 0 0 0 0 0 0 0 0 0 0 0 0 0 0 0 0 0 0 0 0 0 0 0 0 0 0 0 0 0 0 0 0 0 0 0 0 0 0 0 0 0 0 0 0 0 0 0 0 0 0 0 0 0 0 0 0 0 0 0 0 0 0 0 0 0 0 0 0 0 0 0 0 0 0 0 0 0 0 0 0 0 
