# Format: McCode with text headers
# URL: http://www.mccode.org
# Creator: McStas 3.1 - Nov. 24, 2021
# Instrument: FullInstrument_v5.instr
# Ncount: 2000000
# Trace: no
# Gravitation: no
# Seed: 1647545749519899
# Directory: /home/kristine/Documents/GitHub/CAMEA_resolution/projekt_gruppe/Original_instrument/v5_11meV_dE1meV/37
# Param: SourceE=11
# Param: DeltaSourceE=1
# Param: guideMonitors=1
# Param: EI=5
# Param: A3=0
# Param: A4=-45
# Param: SAMPLE=0
# Param: RV_mono_Bool=1
# Param: RH_mono_Bool=1
# Param: monoShieldingWidth=0.062
# Param: monoShieldingHeight=0.14
# Param: monoShieldingDistance=0.235
# Param: MonoShielding=1
# Param: Be_filter=1
# Param: sampleHeight=0.01
# Param: sampleRadius=0.005
# Param: samplePosY=0
# Param: simon=0.37
# Date: Thu Mar 17 20:35:56 2022 (1647545756)
# type: array_2d(100, 100)
# Source: PSI_CAMEA (FullInstrument_v5.instr)
# component: kim
# position: 0 0 35.9405
# title: PSD monitor
# Ncount: 2000000
# filename: kristine.dat
# statistics: X0=0.0653708; dX=0.841558; Y0=0.0102117; dY=1.43813;
# signal: Min=0; Max=620223; Mean=26628.6;
# values: 2.66286e+08 972196 215421
# xvar: X 
# yvar: Y 
# xlabel: X position [cm]
# ylabel: Y position [cm]
# zvar: I
# zlabel: Signal per bin
# xylimits: -7 7 -7 7
# variables: I I_err N
# Data [kim/kristine.dat] I:
0 0 0 0 0 0 0 0 0 0 0 0 0 0 0 0 0 0 0 0 0 0 0 0 0 0 0 0 0 0 0 0 0 0 0 0 0 0 0 0 0 0 0 0 0 0 0 0 0 0 0 0 0 0 0 0 0 0 0 0 0 0 0 0 0 0 0 0 0 0 0 0 0 0 0 0 0 0 0 0 0 0 0 0 0 0 0 0 0 0 0 0 0 0 0 0 0 0 0 0 
0 0 0 0 0 0 0 0 0 0 0 0 0 0 0 0 0 0 0 0 0 0 0 0 0 0 0 0 0 0 0 0 0 0 0 0 0 0 0 0 0 0 0 0 0 0 0 0 0 0 0 0 0 0 0 0 0 0 0 0 0 0 0 0 0 0 0 0 0 0 0 0 0 0 0 0 0 0 0 0 0 0 0 0 0 0 0 0 0 0 0 0 0 0 0 0 0 0 0 0 
0 0 0 0 0 0 0 0 0 0 0 0 0 0 0 0 0 0 0 0 0 0 0 0 0 0 0 0 0 0 0 0 0 0 0 0 0 0 0 0 0 0 0 0 0 0 0 0 0 0 0 0 0 0 0 0 0 0 0 0 0 0 0 0 0 0 0 0 0 0 0 0 0 0 0 0 0 0 0 0 0 0 0 0 0 0 0 0 0 0 0 0 0 0 0 0 0 0 0 0 
0 0 0 0 0 0 0 0 0 0 0 0 0 0 0 0 0 0 0 0 0 0 0 0 0 0 0 0 0 0 0 0 0 0 0 0 0 0 0 0 0 0 0 0 0 0 0 0 0 0 0 0 0 0 0 0 0 0 0 0 0 0 0 0 0 0 0 0 0 0 0 0 0 0 0 0 0 0 0 0 0 0 0 0 0 0 0 0 0 0 0 0 0 0 0 0 0 0 0 0 
0 0 0 0 0 0 0 0 0 0 0 0 0 0 0 0 0 0 0 0 0 0 0 0 0 0 0 0 0 0 0 0 0 0 0 0 0 0 0 0 0 0 0 0 0 0 0 0 0 0 0 0 0 0 0 0 0 0 0 0 0 0 0 0 0 0 0 0 0 0 0 0 0 0 0 0 0 0 0 0 0 0 0 0 0 0 0 0 0 0 0 0 0 0 0 0 0 0 0 0 
0 0 0 0 0 0 0 0 0 0 0 0 0 0 0 0 0 0 0 0 0 0 0 0 0 0 0 0 0 0 0 0 0 0 0 0 0 0 0 0 0 0 0 0 0 0 0 0 0 0 0 0 0 0 0 0 0 0 0 0 0 0 0 0 0 0 0 0 0 0 0 0 0 0 0 0 0 0 0 0 0 0 0 0 0 0 0 0 0 0 0 0 0 0 0 0 0 0 0 0 
0 0 0 0 0 0 0 0 0 0 0 0 0 0 0 0 0 0 0 0 0 0 0 0 0 0 0 0 0 0 0 0 0 0 0 0 0 0 0 0 0 0 0 0 0 0 0 0 0 0 0 0 0 0 0 0 0 0 0 0 0 0 0 0 0 0 0 0 0 0 0 0 0 0 0 0 0 0 0 0 0 0 0 0 0 0 0 0 0 0 0 0 0 0 0 0 0 0 0 0 
0 0 0 0 0 0 0 0 0 0 0 0 0 0 0 0 0 0 0 0 0 0 0 0 0 0 0 0 0 0 0 0 0 0 0 0 0 0 0 0 0 0 0 0 0 0 0 0 0 0 0 0 0 0 0 0 0 0 0 0 0 0 0 0 0 0 0 0 0 0 0 0 0 0 0 0 0 0 0 0 0 0 0 0 0 0 0 0 0 0 0 0 0 0 0 0 0 0 0 0 
0 0 0 0 0 0 0 0 0 0 0 0 0 0 0 0 0 0 0 0 0 0 0 0 0 0 0 0 0 0 0 0 0 0 0 0 0 0 0 0 0 0 0 0 0 0 0 0 0 0 0 0 0 0 0 0 0 0 0 0 0 0 0 0 0 0 0 0 0 0 0 0 0 0 0 0 0 0 0 0 0 0 0 0 0 0 0 0 0 0 0 0 0 0 0 0 0 0 0 0 
0 0 0 0 0 0 0 0 0 0 0 0 0 0 0 0 0 0 0 0 0 0 0 0 0 0 0 0 0 0 0 0 0 0 0 0 0 0 0 0 0 0 0 0 0 0 0 0 0 0 0 0 0 0 0 0 0 0 0 0 0 0 0 0 0 0 0 0 0 0 0 0 0 0 0 0 0 0 0 0 0 0 0 0 0 0 0 0 0 0 0 0 0 0 0 0 0 0 0 0 
0 0 0 0 0 0 0 0 0 0 0 0 0 0 0 0 0 0 0 0 0 0 0 0 0 0 0 0 0 0 0 0 0 0 0 0 0 0 0 0 0 0 0 0 0 0 0 0 0 0 0 0 0 0 0 0 0 0 0 0 0 0 0 0 0 0 0 0 0 0 0 0 0 0 0 0 0 0 0 0 0 0 0 0 0 0 0 0 0 0 0 0 0 0 0 0 0 0 0 0 
0 0 0 0 0 0 0 0 0 0 0 0 0 0 0 0 0 0 0 0 0 0 0 0 0 0 0 0 0 0 0 0 0 0 0 0 0 0 0 0 0 0 0 0 0 0 0 0 0 0 0 0 0 0 0 0 0 0 0 0 0 0 0 0 0 0 0 0 0 0 0 0 0 0 0 0 0 0 0 0 0 0 0 0 0 0 0 0 0 0 0 0 0 0 0 0 0 0 0 0 
0 0 0 0 0 0 0 0 0 0 0 0 0 0 0 0 0 0 0 0 0 0 0 0 0 0 0 0 0 0 0 0 0 0 0 0 0 0 0 0 0 0 0 0 0 0 0 0 0 0 0 0 0 0 0 0 0 0 0 0 0 0 0 0 0 0 0 0 0 0 0 0 0 0 0 0 0 0 0 0 0 0 0 0 0 0 0 0 0 0 0 0 0 0 0 0 0 0 0 0 
0 0 0 0 0 0 0 0 0 0 0 0 0 0 0 0 0 0 0 0 0 0 0 0 0 0 0 0 0 0 0 0 0 0 0 0 0 0 0 0 0 0 0 0 0 0 0 0 0 0 0 0 0 0 0 0 0 0 0 0 0 0 0 0 0 0 0 0 0 0 0 0 0 0 0 0 0 0 0 0 0 0 0 0 0 0 0 0 0 0 0 0 0 0 0 0 0 0 0 0 
0 0 0 0 0 0 0 0 0 0 0 0 0 0 0 0 0 0 0 0 0 0 0 0 0 0 0 0 0 0 0 0 0 0 0 0 0 0 0 0 0 0 0 0 0 0 0 0 0 0 0 0 0 0 0 0 0 0 0 0 0 0 0 0 0 0 0 0 0 0 0 0 0 0 0 0 0 0 0 0 0 0 0 0 0 0 0 0 0 0 0 0 0 0 0 0 0 0 0 0 
0 0 0 0 0 0 0 0 0 0 0 0 0 0 0 0 0 0 0 0 0 0 0 0 0 0 0 0 0 0 0 0 0 0 0 0 0 0 0 0 0 0 0 0 0 0 0 0 0 0 0 0 0 0 0 0 0 0 0 0 0 0 0 0 0 0 0 0 0 0 0 0 0 0 0 0 0 0 0 0 0 0 0 0 0 0 0 0 0 0 0 0 0 0 0 0 0 0 0 0 
0 0 0 0 0 0 0 0 0 0 0 0 0 0 0 0 0 0 0 0 0 0 0 0 0 0 0 0 0 0 0 0 0 0 0 0 0 0 0 0 0 0 0 0 0 0 0 0 0 0 0 0 0 0 0 0 0 0 0 0 0 0 0 0 0 0 0 0 0 0 0 0 0 0 0 0 0 0 0 0 0 0 0 0 0 0 0 0 0 0 0 0 0 0 0 0 0 0 0 0 
0 0 0 0 0 0 0 0 0 0 0 0 0 0 0 0 0 0 0 0 0 0 0 0 0 0 0 0 0 0 0 0 0 0 0 0 0 0 0 0 0 0 0 0 0 0 0 0 0 0 0 0 0 0 0 0 0 0 0 0 0 0 0 0 0 0 0 0 0 0 0 0 0 0 0 0 0 0 0 0 0 0 0 0 0 0 0 0 0 0 0 0 0 0 0 0 0 0 0 0 
0 0 0 0 0 0 0 0 0 0 0 0 0 0 0 0 0 0 0 0 0 0 0 0 0 0 0 0 0 0 0 0 0 0 0 0 0 0 0 0 0 0 0 0 0 0 0 0 0 0 0 0 0 0 0 0 0 0 0 0 0 0 0 0 0 0 0 0 0 0 0 0 0 0 0 0 0 0 0 0 0 0 0 0 0 0 0 0 0 0 0 0 0 0 0 0 0 0 0 0 
0 0 0 0 0 0 0 0 0 0 0 0 0 0 0 0 0 0 0 0 0 0 0 0 0 0 0 0 0 0 0 0 0 0 0 0 0 0 0 0 0 0 0 0 0 0 0 0 0 0 0 0 0 0 0 0 0 0 0 0 0 0 0 0 0 0 0 0 0 0 0 0 0 0 0 0 0 0 0 0 0 0 0 0 0 0 0 0 0 0 0 0 0 0 0 0 0 0 0 0 
0 0 0 0 0 0 0 0 0 0 0 0 0 0 0 0 0 0 0 0 0 0 0 0 0 0 0 0 0 0 0 0 0 0 0 0 0 0 0 0 0 0 0 0 0 0 0 0 0 0 0 0 0 0 0 0 0 0 0 0 0 0 0 0 0 0 0 0 0 0 0 0 0 0 0 0 0 0 0 0 0 0 0 0 0 0 0 0 0 0 0 0 0 0 0 0 0 0 0 0 
0 0 0 0 0 0 0 0 0 0 0 0 0 0 0 0 0 0 0 0 0 0 0 0 0 0 0 0 0 0 0 0 0 0 0 0 0 0 0 0 0 0 0 0 0 0 0 0 0 0 0 0 0 0 0 0 0 0 0 0 0 0 0 0 0 0 0 0 0 0 0 0 0 0 0 0 0 0 0 0 0 0 0 0 0 0 0 0 0 0 0 0 0 0 0 0 0 0 0 0 
0 0 0 0 0 0 0 0 0 0 0 0 0 0 0 0 0 0 0 0 0 0 0 0 0 0 0 0 0 0 0 0 0 0 0 0 0 0 0 0 0 0 0 0 0 0 0 0 0 0 0 0 0 0 0 0 0 0 0 0 0 0 0 0 0 0 0 0 0 0 0 0 0 0 0 0 0 0 0 0 0 0 0 0 0 0 0 0 0 0 0 0 0 0 0 0 0 0 0 0 
0 0 0 0 0 0 0 0 0 0 0 0 0 0 0 0 0 0 0 0 0 0 0 0 0 0 0 0 0 0 0 0 0 0 0 0 0 0 0 0 0 0 0 0 0 0 0 0 0 0 0 0 0 0 0 0 0 0 0 0 0 0 0 0 0 0 0 0 0 0 0 0 0 0 0 0 0 0 0 0 0 0 0 0 0 0 0 0 0 0 0 0 0 0 0 0 0 0 0 0 
0 0 0 0 0 0 0 0 0 0 0 0 0 0 0 0 0 0 0 0 0 0 0 0 0 0 0 0 0 0 0 0 0 0 0 2.209697099e-23 1.935299833e-24 2.374113662e-08 1.240935899e-10 2.328727273e-10 6.32597709e-12 0 4.264764157e-11 2.632277922e-14 1.405276156e-12 6.145466706e-11 6.252095937e-10 1.789549484e-10 5.928509515e-10 7.456944069e-11 4.139050813e-09 1.253503618e-12 8.547151752e-14 3.144892321e-13 4.532433316e-10 3.27071387e-09 9.091188321e-25 1.88015912e-10 1.187351767e-10 7.955504819e-11 7.525450671e-10 1.395750137e-22 2.73714818e-11 0 0 0 0 0 0 0 0 0 0 0 0 0 0 0 0 0 0 0 0 0 0 0 0 0 0 0 0 0 0 0 0 0 0 0 0 0 
0 0 0 0 0 0 0 0 0 0 0 0 0 0 0 0 0 0 0 0 0 0 0 0 0 0 0 0 0 0 0 0 0 1.488444899e-19 0 2.434649633e-20 9.656152628e-10 1.167733313e-20 0.00085758605 0.008443172422 0.003886258789 1.76957572e-06 5.348663764e-07 0.05111606301 7.408731424e-06 0.007235254336 4.584967861e-05 9.146297133e-05 0.001520325722 0.2623161167 0.0001253791614 0.001287468378 7.48998559e-05 0.07012360751 9.05434959e-06 0.009511784201 0.0001091871446 3.741911649 7.22981361e-06 0.009994689177 5.21385475e-05 6.096629199e-05 0.3572601854 5.46563665e-11 0 1.660762898e-26 0 0 0 0 0 0 0 0 0 0 0 0 0 0 0 0 0 0 0 0 0 0 0 0 0 0 0 0 0 0 0 0 0 0 
0 0 0 0 0 0 0 0 0 0 0 0 0 0 0 0 0 0 0 0 0 0 0 0 0 0 0 0 0 0 0 0 0 2.231048641e-15 2.096433681e-22 2.717510966e-23 1.33834976 0.0005381423329 7.354744801 1398.443715 1.673615074 702.305511 291.2303456 7.220800127 576.2999967 122.5141088 255.1180318 91.1465544 169.1970381 2124.191321 1990.108624 514.7809057 211.8576869 390.0200909 2072.261007 2602.146576 227.6339735 350.3921843 748.5844715 732.319511 499.7418206 2.920947039 1.260410817e-06 51.57547145 2.102841619e-14 6.521282463e-13 0 0 0 0 0 0 0 0 0 0 0 0 0 0 0 0 0 0 0 0 0 0 0 0 0 0 0 0 0 0 0 0 0 0 
0 0 0 0 0 0 0 0 0 0 0 0 0 0 0 0 0 0 0 0 0 0 0 0 0 0 0 0 0 0 0 0 0 3.587397083e-12 3.624207244e-18 3.518758226e-10 905.0159796 3833.829243 3178.500909 7241.979007 4567.468674 5249.769496 1291.547565 9587.245334 10914.84605 9047.076234 11928.97291 10053.66825 6976.860784 12305.67981 4888.10749 16901.44746 8803.578124 14443.96471 9802.029582 13704.84773 8650.918212 8638.826949 9588.039513 5173.468312 1029.102482 869.284997 31.8562239 0.5668909074 6.207568227e-13 0 0 0 0 0 0 0 0 0 0 0 0 0 0 0 0 0 0 0 0 0 0 0 0 0 0 0 0 0 0 0 0 0 0 0 
0 0 0 0 0 0 0 0 0 0 0 0 0 0 0 0 0 0 0 0 0 0 0 0 0 0 0 0 0 0 0 0 0 1.140900052e-20 1.143734035e-10 1.032505667e-14 1180.570328 6887.532855 16197.50269 11181.42232 6576.605618 22738.95957 20218.2501 9130.555402 16130.35123 22835.68364 22138.86647 23273.93616 28256.68984 26437.09432 22860.12482 40283.87745 22554.64507 22300.46529 24917.02451 48409.49728 36064.01232 39615.43541 29696.40017 12969.12037 7326.455027 3805.252843 992.1846709 1375.433243 1.292103528e-10 6.130215026e-18 0 0 0 0 0 0 0 0 0 0 0 0 0 0 0 0 0 0 0 0 0 0 0 0 0 0 0 0 0 0 0 0 0 0 
0 0 0 0 0 0 0 0 0 0 0 0 0 0 0 0 0 0 0 0 0 0 0 0 0 0 0 0 0 0 0 0 0 7.084003515e-12 2.941224398e-10 5.342990235e-10 1564.330354 20014.78574 10675.33135 25902.86112 14905.0086 19709.1562 41192.46285 11150.86868 30501.23365 38272.20136 49096.29104 53675.00803 36360.2745 59200.02863 43775.87963 87270.00375 65597.62824 64494.55525 81221.40934 94735.17915 67707.35865 51365.24225 25903.90152 35295.59657 14412.71698 14681.16262 5676.034749 95.44860069 8.051767922e-10 1.040605266e-12 0 0 0 0 0 0 0 0 0 0 0 0 0 0 0 0 0 0 0 0 0 0 0 0 0 0 0 0 0 0 0 0 0 0 
0 0 0 0 0 0 0 0 0 0 0 0 0 0 0 0 0 0 0 0 0 0 0 0 0 0 0 0 0 0 0 0 0 1.194809293e-10 2.685260153e-11 6.571378298e-12 7918.67787 25352.09878 23254.48741 47702.33375 46569.98514 30165.92307 31784.43991 98060.4443 83998.93205 76808.39638 74108.4013 84482.92815 93315.78809 73414.49786 100113.7843 96254.8299 46340.50119 110870.2144 132033.1568 131057.8609 67350.87415 86667.29954 87322.85565 34621.68748 44016.66024 22094.09294 1388.228475 1752.959876 4.619883496e-10 7.896803525e-12 0 0 0 0 0 0 0 0 0 0 0 0 0 0 0 0 0 0 0 0 0 0 0 0 0 0 0 0 0 0 0 0 0 0 
0 0 0 0 0 0 0 0 0 0 0 0 0 0 0 0 0 0 0 0 0 0 0 0 0 0 0 0 0 0 0 0 0 4.318309747e-12 1.969993992e-10 5.05426918e-10 15278.59944 46011.36964 25610.45139 59594.19146 48361.99858 78274.15918 48863.05794 93395.63917 58828.25114 96831.87506 167740.8402 99623.1767 159290.4386 145685.8372 173968.9789 177532.21 146579.2383 179373.9075 148806.9615 173312.9538 100195.7671 118810.7601 83029.2434 57864.04988 35416.72583 24770.12613 8945.559138 1800.428589 391.9906491 4.179876275e-12 0 0 0 0 0 0 0 0 0 0 0 0 0 0 0 0 0 0 0 0 0 0 0 0 0 0 0 0 0 0 0 0 0 0 
0 0 0 0 0 0 0 0 0 0 0 0 0 0 0 0 0 0 0 0 0 0 0 0 0 0 0 0 0 0 0 0 0 6.370403807e-11 2.667376076e-10 2.451366034e-10 22259.13504 43139.77396 47483.83822 92402.2875 100934.6255 67661.80556 94771.52331 92732.20099 125365.1438 136986.4606 199090.61 146155.4325 168032.259 177282.4485 198386.1516 180784.9544 195704.8813 200662.7972 241192.9512 203254.1964 184099.59 142612.8128 133675.9263 63443.36376 45175.16947 27879.61761 10437.60057 1550.30286 764.4822195 2.042697048e-10 0 0 0 0 0 0 0 0 0 0 0 0 0 0 0 0 0 0 0 0 0 0 0 0 0 0 0 0 0 0 0 0 0 0 
0 0 0 0 0 0 0 0 0 0 0 0 0 0 0 0 0 0 0 0 0 0 0 0 0 0 0 0 0 0 0 0 0 2.500196126e-12 3.729136408e-10 1.801570912e-09 14715.26711 53548.76454 71611.92636 97876.72947 118978.123 108049.4426 101115.7312 108712.7214 130563.6327 206110.979 222697.8898 188996.3678 183303.2104 239358.7073 273316.6455 259854.5324 266820.0526 279169.2823 326912.196 221946.3656 283526.6954 210566.9301 139990.1423 109934.3982 80169.38247 48401.28697 13301.32529 1952.597434 7447.451838 1.18450677e-14 0 0 0 0 0 0 0 0 0 0 0 0 0 0 0 0 0 0 0 0 0 0 0 0 0 0 0 0 0 0 0 0 0 0 
0 0 0 0 0 0 0 0 0 0 0 0 0 0 0 0 0 0 0 0 0 0 0 0 0 0 0 0 0 0 0 0 0 1.158014671e-10 1.795621225e-10 0.02654629078 31992.33652 114926.2156 140901.4588 131437.6009 84543.00455 119881.9476 120691.5337 135561.3048 165093.7247 218737.883 237524.5667 194490.3727 254244.8595 266015.4748 262026.2123 273577.1064 281033.637 320160.76 281086.347 320087.5582 261850.6161 207176.2977 194559.1088 95575.35987 63932.99045 70926.01082 9781.757847 2094.264393 2547.013294 5.910541982e-12 0 0 0 0 0 0 0 0 0 0 0 0 0 0 0 0 0 0 0 0 0 0 0 0 0 0 0 0 0 0 0 0 0 0 
0 0 0 0 0 0 0 0 0 0 0 0 0 0 0 0 0 0 0 0 0 0 0 0 0 0 0 0 0 0 0 0 0 1.885736968e-10 4.634642336e-10 1.201356882e-09 21324.60275 81398.49707 112980.3211 84574.40348 120171.5212 114851.4126 131642.9531 155200.1097 202630.5566 242747.9991 342413.0765 261614.4813 290765.8898 347094.0035 324566.826 313351.7869 319535.4107 282998.1005 410800.3597 421160.8032 349367.131 231564.4366 207810.9494 176889.3391 121989.1714 42006.82103 18639.08832 17239.33279 498.2011165 1.703103252e-10 0 0 0 0 0 0 0 0 0 0 0 0 0 0 0 0 0 0 0 0 0 0 0 0 0 0 0 0 0 0 0 0 0 0 
0 0 0 0 0 0 0 0 0 0 0 0 0 0 0 0 0 0 0 0 0 0 0 0 0 0 0 0 0 0 0 0 0 1.583197747e-10 7.125430949e-10 2.152916644e-09 17741.70943 85775.66529 151695.9927 149951.143 119021.9852 188933.3958 167594.3864 191673.881 224859.3395 246674.7529 324247.4158 255499.7171 232966.609 372390.9607 302743.9492 352638.3665 434416.6055 396432.6895 383029.8257 413174.4125 335085.3082 295009.3199 219984.8739 192432.5497 140093.708 25437.84881 7638.31745 16598.8657 8647.568482 2.185624552e-11 0 0 0 0 0 0 0 0 0 0 0 0 0 0 0 0 0 0 0 0 0 0 0 0 0 0 0 0 0 0 0 0 0 0 
0 0 0 0 0 0 0 0 0 0 0 0 0 0 0 0 0 0 0 0 0 0 0 0 0 0 0 0 0 0 0 0 0 1.257524181e-10 8.156639316e-10 5.764729507e-09 30328.30861 86817.35387 133899.3954 154997.4932 169932.1466 181647.1491 185439.896 252660.4866 208519.4142 313189.2866 351491.2351 281835.4878 285197.3686 375850.6633 380293.5051 362744.9035 406543.0281 500415.6554 488494.2251 444676.7728 336469.9537 295817.689 254913.6386 164707.5487 126801.7207 54371.05891 13125.16458 16275.56717 3466.670333 1.275100372e-10 0 0 0 0 0 0 0 0 0 0 0 0 0 0 0 0 0 0 0 0 0 0 0 0 0 0 0 0 0 0 0 0 0 0 
0 0 0 0 0 0 0 0 0 0 0 0 0 0 0 0 0 0 0 0 0 0 0 0 0 0 0 0 0 0 0 0 0 7.848756873e-11 1.361787646e-09 7.708368506 17198.495 114073.1122 183454.2586 137357.5559 152525.9379 175346.4665 195876.6863 234415.7945 202777.3343 310886.4657 409718.1922 328306.2116 400896.6715 413452.0946 499299.5006 334486.7075 407817.5232 531680.2849 522001.8513 531859.963 487405.4909 377787.7453 294649.1263 217843.2877 100809.9823 41816.19555 25222.09249 20473.88483 3841.537363 1.340007855e-10 0 0 0 0 0 0 0 0 0 0 0 0 0 0 0 0 0 0 0 0 0 0 0 0 0 0 0 0 0 0 0 0 0 0 
0 0 0 0 0 0 0 0 0 0 0 0 0 0 0 0 0 0 0 0 0 0 0 0 0 0 0 0 0 0 0 0 0 4.390397979e-10 2.005891447e-09 0.000810431482 32040.59362 108045.3664 163614.1567 192280.4518 227685.2057 179822.3636 283314.6231 240277.6926 250138.3375 399939.7639 416243.3669 263041.5708 357898.8988 450923.589 525844.3763 426605.0241 475434.7876 532296.2927 583707.8976 509146.8727 448531.243 420018.0037 263416.5452 207018.6547 144409.7637 68809.03328 30589.98129 16424.95202 8.080792072e-09 2.429499677e-11 0 0 0 0 0 0 0 0 0 0 0 0 0 0 0 0 0 0 0 0 0 0 0 0 0 0 0 0 0 0 0 0 0 0 
0 0 0 0 0 0 0 0 0 0 0 0 0 0 0 0 0 0 0 0 0 0 0 0 0 0 0 0 0 0 0 0 0 3.628553164e-10 1.346521481e-09 0.003552116976 33702.44375 150802.5067 192517.5862 166069.357 214676.6547 238643.5942 249659.815 320441.7476 289998.4055 381398.2284 532415.8291 350933.0029 466942.0868 435297.463 549590.7487 436647.9851 608091.9774 529958.2951 538929.0578 468182.3871 531337.301 449485.2764 303951.6147 227958.7169 198712.7422 63014.33265 20966.00646 17173.46597 6075.586539 9.813006967e-11 0 0 0 0 0 0 0 0 0 0 0 0 0 0 0 0 0 0 0 0 0 0 0 0 0 0 0 0 0 0 0 0 0 0 
0 0 0 0 0 0 0 0 0 0 0 0 0 0 0 0 0 0 0 0 0 0 0 0 0 0 0 0 0 0 0 0 0 1.774421443e-10 1.094836678e-09 1.773938676e-09 15526.74096 115377.751 195668.9522 224544.5523 205629.905 217254.0938 239829.1435 238903.3057 281478.5054 399659.4509 455365.4999 330916.1203 451061.9969 504243.4393 458267.9412 476846.4512 552465.187 552269.4242 560572.0456 561240.2407 515683.3098 355937.3112 345172.0533 207854.8525 174061.2051 80095.64562 20230.28719 3238.188803 5942.675321 3.388740607e-10 0 0 0 0 0 0 0 0 0 0 0 0 0 0 0 0 0 0 0 0 0 0 0 0 0 0 0 0 0 0 0 0 0 0 
0 0 0 0 0 0 0 0 0 0 0 0 0 0 0 0 0 0 0 0 0 0 0 0 0 0 0 0 0 0 0 0 0 1.437937886e-10 9.444853071e-10 0.6065386777 49216.32067 94061.94715 147729.6941 187269.9816 177636.9177 264098.7907 209253.2961 302122.6106 292500.8155 338956.2359 470772.2956 391216.3666 375758.3241 417082.2998 503878.6661 455697.0169 400026.8506 528081.0758 545616.6222 576157.8053 450405.7225 440506.3825 366739.7274 223501.6258 121099.9387 72890.00965 11744.46813 12983.08387 279.8101339 1.391071117e-10 0 0 0 0 0 0 0 0 0 0 0 0 0 0 0 0 0 0 0 0 0 0 0 0 0 0 0 0 0 0 0 0 0 0 
0 0 0 0 0 0 0 0 0 0 0 0 0 0 0 0 0 0 0 0 0 0 0 0 0 0 0 0 0 0 0 0 0 3.674055451e-10 1.386961542e-09 7.85940317e-05 33703.15359 110469.7121 164737.8351 174784.3456 242267.5595 179967.543 217905.4581 232628.818 277220.5927 328004.6742 434041.8893 272980.4124 437920.511 503793.8301 459310.6887 463968.2957 340352.9961 568324.5803 560873.2671 590750.6267 404948.2517 315445.4335 291795.9994 188386.9857 144193.4266 48418.19207 10341.51853 16349.02785 712.7305966 9.574387108e-12 0 0 0 0 0 0 0 0 0 0 0 0 0 0 0 0 0 0 0 0 0 0 0 0 0 0 0 0 0 0 0 0 0 0 
0 0 0 0 0 0 0 0 0 0 0 0 0 0 0 0 0 0 0 0 0 0 0 0 0 0 0 0 0 0 0 0 0 5.27024983e-10 5.312815236e-10 2.051941575e-09 44741.27427 112773.2663 153894.7396 178908.7257 179338.7769 175284.805 233115.9275 208859.0653 288238.7075 315985.9717 431058.5287 271679.9339 355630.2831 451780.7114 467860.7403 452525.2923 412338.8047 519934.3891 503393.8796 613462.2105 372579.0907 359005.1602 231509.3527 250355.4577 123216.4856 59993.52256 37554.0746 11182.68367 4.65548896e-09 3.55118669e-10 0 0 0 0 0 0 0 0 0 0 0 0 0 0 0 0 0 0 0 0 0 0 0 0 0 0 0 0 0 0 0 0 0 0 
0 0 0 0 0 0 0 0 0 0 0 0 0 0 0 0 0 0 0 0 0 0 0 0 0 0 0 0 0 0 0 0 0 2.173595019e-10 1.171431154e-09 1.356852733 31359.56431 99367.5052 150257.12 195687.1916 189678.6415 248404.8816 193705.1541 194654.817 278055.9267 335789.7638 337382.3753 383149.593 282246.463 406674.5889 431593.0509 460584.7569 463656.4636 450030.6726 559221.4424 436121.4873 449169.2209 382730.0114 293491.5185 202483.077 152216.6317 52991.34246 22472.76306 11597.71521 0.002891582684 2.347797821e-10 0 0 0 0 0 0 0 0 0 0 0 0 0 0 0 0 0 0 0 0 0 0 0 0 0 0 0 0 0 0 0 0 0 0 
0 0 0 0 0 0 0 0 0 0 0 0 0 0 0 0 0 0 0 0 0 0 0 0 0 0 0 0 0 0 0 0 0 3.794483897e-10 6.577952716e-10 0.0547984451 36342.74654 89271.46164 125553.346 162807.3324 180301.2726 153852.3466 194375.9214 205999.1624 238508.4913 331563.1722 396790.0987 311853.4724 345923.0274 453750.0897 484613.1766 406521.9099 488635.168 464735.48 449795.6301 512866.3736 398877.8504 303994.5524 319065.9653 198129.4972 145690.9267 68740.53735 12772.35907 17764.15427 200.7267113 1.36607423e-10 0 0 0 0 0 0 0 0 0 0 0 0 0 0 0 0 0 0 0 0 0 0 0 0 0 0 0 0 0 0 0 0 0 0 
0 0 0 0 0 0 0 0 0 0 0 0 0 0 0 0 0 0 0 0 0 0 0 0 0 0 0 0 0 0 0 0 0 4.059176211e-10 1.026261393e-09 0.0007490276787 22821.75314 114757.1385 201469.9913 110814.0137 155269.9108 177346.2767 191864.1925 177359.5514 217655.4865 375681.1755 441382.9445 307271.2445 417954.8423 358955.4949 417543.0572 427433.4294 443169.5729 444913.0991 455911.2909 465385.5379 414233.7046 381147.307 215299.7018 231327.3257 158132.0193 76134.01812 23050.25577 6754.693286 485.1153367 9.701832042e-12 0 0 0 0 0 0 0 0 0 0 0 0 0 0 0 0 0 0 0 0 0 0 0 0 0 0 0 0 0 0 0 0 0 0 
0 0 0 0 0 0 0 0 0 0 0 0 0 0 0 0 0 0 0 0 0 0 0 0 0 0 0 0 0 0 0 0 0 3.104200977e-11 9.453504937e-10 0.02260981844 36556.98047 84857.1178 155779.6629 157669.3291 192131.0632 185562.334 196971.1394 188991.9158 198315.2783 280295.9018 364870.4238 333984.041 311109.5764 319087.1196 345034.5444 383296.9285 419610.1004 418009.1444 534834.1697 456941.5131 364490.6326 296213.7624 262068.0245 197682.6549 100618.7319 54363.28844 25865.60451 12218.36961 10607.68601 4.265621896e-10 0 0 0 0 0 0 0 0 0 0 0 0 0 0 0 0 0 0 0 0 0 0 0 0 0 0 0 0 0 0 0 0 0 0 
0 0 0 0 0 0 0 0 0 0 0 0 0 0 0 0 0 0 0 0 0 0 0 0 0 0 0 0 0 0 0 0 0 1.979548169e-10 5.403502122e-10 0.001535237529 22343.15217 109750.3444 137981.0201 165419.5536 179202.7863 192754.3367 225158.645 216327.6868 204312.6192 313787.853 376114.1417 326825.9692 317075.9846 352670.0674 499420.4587 427346.2095 421137.6415 498910.6626 495448.1336 438343.9065 392176.3018 329722.2225 270640.4458 186343.9348 121679.6347 59476.19292 12155.93045 18178.5179 5.843055208e-09 5.861794047e-10 0 0 0 0 0 0 0 0 0 0 0 0 0 0 0 0 0 0 0 0 0 0 0 0 0 0 0 0 0 0 0 0 0 0 
0 0 0 0 0 0 0 0 0 0 0 0 0 0 0 0 0 0 0 0 0 0 0 0 0 0 0 0 0 0 0 0 0 2.379144751e-10 6.226477533e-10 0.04345190543 36470.28206 104221.3683 185937.0577 149971.9563 188561.7899 164384.5079 192396.9506 215441.1209 239943.9941 335451.5525 420200.2344 280240.2223 303248.8584 400023.1865 454370.2535 365846.6867 382387.3027 411588.9637 525389.9299 498985.58 366113.1593 336231.6195 283671.9777 166324.9117 172768.4647 82626.18466 20871.38022 17828.13281 9852.684165 1.802603439e-11 0 0 0 0 0 0 0 0 0 0 0 0 0 0 0 0 0 0 0 0 0 0 0 0 0 0 0 0 0 0 0 0 0 0 
0 0 0 0 0 0 0 0 0 0 0 0 0 0 0 0 0 0 0 0 0 0 0 0 0 0 0 0 0 0 0 0 0 2.181042081e-10 8.285230052e-10 0.7540109114 15279.50585 39516.57147 152864.5247 172691.2654 220915.5898 194765.4608 206617.0696 202822.7243 223226.9451 314426.058 382315.7129 334244.5653 347740.147 365110.9928 353109.4736 448196.4963 367329.8103 438239.3085 428499.1698 487461.814 418449.8422 381839.2024 295117.5596 207229.2907 141722.9061 65995.7639 21785.87676 10985.76293 2488.749185 4.788780726e-10 0 0 0 0 0 0 0 0 0 0 0 0 0 0 0 0 0 0 0 0 0 0 0 0 0 0 0 0 0 0 0 0 0 0 
0 0 0 0 0 0 0 0 0 0 0 0 0 0 0 0 0 0 0 0 0 0 0 0 0 0 0 0 0 0 0 0 0 7.632591102e-11 4.333135763e-10 0.009605141766 33034.77736 141053.3157 168556.1088 185319.5745 177424.2358 207016.1642 201455.9752 177065.6056 235137.3728 311535.5976 426290.0535 315668.6297 329209.8213 431323.9788 436380.225 439497.0613 454353.2903 455143.5113 477327.9585 490799.5351 458948.215 369569.9886 249361.5255 222671.7009 111514.8594 73213.03992 15469.83608 11560.6667 2050.338018 2.686342952e-10 0 0 0 0 0 0 0 0 0 0 0 0 0 0 0 0 0 0 0 0 0 0 0 0 0 0 0 0 0 0 0 0 0 0 
0 0 0 0 0 0 0 0 0 0 0 0 0 0 0 0 0 0 0 0 0 0 0 0 0 0 0 0 0 0 0 0 0 3.35249517e-10 1.199682139e-09 4.313968063e-09 20191.31264 99919.71743 182284.3876 166684.3591 158480.2112 217801.7578 208612.7787 234199.1454 215451.0424 332013.5822 425751.9501 301436.9927 377476.6653 454024.956 389619.2789 374568.401 472044.7226 450917.4641 455000.4804 525160.3395 461666.2094 402470.2967 320581.1818 249865.7493 153132.5447 41998.47344 10005.71585 25100.48732 711.2509726 3.395887319e-10 0 0 0 0 0 0 0 0 0 0 0 0 0 0 0 0 0 0 0 0 0 0 0 0 0 0 0 0 0 0 0 0 0 0 
0 0 0 0 0 0 0 0 0 0 0 0 0 0 0 0 0 0 0 0 0 0 0 0 0 0 0 0 0 0 0 0 0 5.486431033e-11 7.480673304e-10 0.01150236402 36506.5674 112789.1375 156543.8056 189924.6052 184636.4314 172063.7041 249954.2035 209627.3867 219276.6321 299712.8905 422274.2039 365120.7217 391481.2779 378488.3693 405915.5158 539675.3415 412107.9233 461413.3648 534165.1408 540990.5996 414607.6068 393075.9913 260879.3871 191849.1949 124066.957 51049.05228 15183.62093 14819.44908 0.0001082633786 2.670558406e-10 0 0 0 0 0 0 0 0 0 0 0 0 0 0 0 0 0 0 0 0 0 0 0 0 0 0 0 0 0 0 0 0 0 0 
0 0 0 0 0 0 0 0 0 0 0 0 0 0 0 0 0 0 0 0 0 0 0 0 0 0 0 0 0 0 0 0 0 2.183853323e-10 1.1620787e-09 2.239037798e-09 38222.7855 90970.99698 186478.433 216362.0478 220376.0878 191272.6986 211736.6257 154769.2142 249214.2992 338223.4764 404523.0144 286219.337 363287.3006 388657.167 426711.996 375403.4641 453225.0242 473842.7978 553402.9819 506705.6365 437979.7872 327064.0198 292976.9904 233342.3552 164762.8939 93595.59484 16079.70254 15888.71386 5514.521217 1.35287938e-10 0 0 0 0 0 0 0 0 0 0 0 0 0 0 0 0 0 0 0 0 0 0 0 0 0 0 0 0 0 0 0 0 0 0 
0 0 0 0 0 0 0 0 0 0 0 0 0 0 0 0 0 0 0 0 0 0 0 0 0 0 0 0 0 0 0 0 0 3.854325118e-10 9.819976674e-10 1.975821384e-09 41480.99086 72903.81954 188630.2029 140703.0393 221543.1131 167284.43 174086.0927 270692.1803 263314.7375 362500.057 444334.8104 341408.9785 390502.5393 435766.5586 485360.4664 476646.7053 401481.5621 498190.5306 522199.289 495491.1942 408153.7676 326271.4142 268484.4393 205479.8985 170904.615 53271.90349 10999.3741 9491.82876 5660.645929 1.963930708e-10 0 0 0 0 0 0 0 0 0 0 0 0 0 0 0 0 0 0 0 0 0 0 0 0 0 0 0 0 0 0 0 0 0 0 
0 0 0 0 0 0 0 0 0 0 0 0 0 0 0 0 0 0 0 0 0 0 0 0 0 0 0 0 0 0 0 0 0 4.204576843e-10 1.265997448e-09 5.150334262e-09 25606.203 129323.121 153429.4847 195693.0219 212746.5309 190513.0374 215193.1418 243772.2592 256450.564 347482.0022 442032.3193 352250.6902 407201.2493 416155.736 555502.1582 486502.1832 444208.8675 519284.4705 577863.1071 581454.0619 500460.503 394297.675 349333.2402 260009.2902 138037.0689 72089.84804 23383.11672 11357.10685 5572.387638 2.229284142e-10 0 0 0 0 0 0 0 0 0 0 0 0 0 0 0 0 0 0 0 0 0 0 0 0 0 0 0 0 0 0 0 0 0 0 
0 0 0 0 0 0 0 0 0 0 0 0 0 0 0 0 0 0 0 0 0 0 0 0 0 0 0 0 0 0 0 0 0 3.652907862e-10 1.144124778e-09 4.731627925e-09 42612.87689 140458.4311 160930.0867 192877.5683 190802.2966 273461.0651 241117.6113 253398.6269 309676.9898 416164.0283 472984.6005 411793.2621 397310.7885 516521.0976 545872.9478 492753.6122 456338.5155 549457.9312 565317.0273 582098.7369 521301.5766 393891.9269 303692.7075 158476.5614 160484.2249 73546.88878 14446.20787 26187.11256 2552.647882 3.106786067e-10 0 0 0 0 0 0 0 0 0 0 0 0 0 0 0 0 0 0 0 0 0 0 0 0 0 0 0 0 0 0 0 0 0 0 
0 0 0 0 0 0 0 0 0 0 0 0 0 0 0 0 0 0 0 0 0 0 0 0 0 0 0 0 0 0 0 0 0 1.493026641e-10 1.432415671e-09 2.302728031e-09 35222.49298 143857.0269 172435.6201 196368.6453 194367.7191 251021.2655 265954.2671 228675.0629 235320.0703 390862.3314 486899.8512 379622.6086 376795.8954 433279.6664 503312.7654 557758.9158 532112.8929 546403.9956 484680.07 589247.5756 539265.1153 354507.4296 286187.3939 243762.4209 193598.912 61393.93394 14170.41687 7078.344772 2777.090739 2.137199332e-10 0 0 0 0 0 0 0 0 0 0 0 0 0 0 0 0 0 0 0 0 0 0 0 0 0 0 0 0 0 0 0 0 0 0 
0 0 0 0 0 0 0 0 0 0 0 0 0 0 0 0 0 0 0 0 0 0 0 0 0 0 0 0 0 0 0 0 0 1.868571498e-10 6.725715039e-10 5.343171434e-09 16666.11798 106367.7528 162243.7405 180241.9678 251397.2142 238904.5438 265835.8887 185207.6116 270320.83 340281.5909 372767.1825 384175.4036 393783.0042 463409.0315 450197.6368 462497.2835 460193.0337 534628.0374 552618.5978 620222.9011 518741.8749 409673.8854 285952.8361 246381.9123 130221.2137 62217.10376 19464.79539 17104.51483 3109.051621 6.516737752e-10 0 0 0 0 0 0 0 0 0 0 0 0 0 0 0 0 0 0 0 0 0 0 0 0 0 0 0 0 0 0 0 0 0 0 
0 0 0 0 0 0 0 0 0 0 0 0 0 0 0 0 0 0 0 0 0 0 0 0 0 0 0 0 0 0 0 0 0 2.128596639e-10 9.0586027e-10 3.342303943e-09 33730.95467 110130.9563 206036.7059 160115.4733 172682.6639 215019.3958 184921.0013 217975.4287 246721.9077 292992.4636 462044.9034 340318.4863 299901.616 395929.6091 472855.404 398863.4214 400947.5349 513991.8503 552367.3772 550638.6366 515316.1245 326149.2852 252526.1355 195308.7839 165577.4691 74883.4231 16637.80214 21187.5456 9768.640571 3.944309788e-10 0 0 0 0 0 0 0 0 0 0 0 0 0 0 0 0 0 0 0 0 0 0 0 0 0 0 0 0 0 0 0 0 0 0 
0 0 0 0 0 0 0 0 0 0 0 0 0 0 0 0 0 0 0 0 0 0 0 0 0 0 0 0 0 0 0 0 0 1.537877997e-10 9.178903132e-10 1.984287285e-09 37674.83049 117342.7038 169493.9234 158277.2082 147303.6688 114008.5558 190582.4198 192537.1024 224564.538 285650.7867 386894.9891 269183.2386 347771.4385 364708.4852 418331.478 391757.7412 405823.1192 423925.24 485240.9224 515318.3975 400194.064 328160.0426 289976.9526 156346.9516 105814.4951 85125.13576 12424.48221 12684.34054 5.411085794e-09 1.895948895e-10 0 0 0 0 0 0 0 0 0 0 0 0 0 0 0 0 0 0 0 0 0 0 0 0 0 0 0 0 0 0 0 0 0 0 
0 0 0 0 0 0 0 0 0 0 0 0 0 0 0 0 0 0 0 0 0 0 0 0 0 0 0 0 0 0 0 0 0 1.65980785e-10 1.055424969e-09 0.007826375482 25978.17054 86117.04772 170657.6581 165608.8497 157340.9549 196970.7995 139743.1442 202033.8765 164037.1237 294375.5093 347444.0674 240237.2516 259501.2534 313678.0791 378118.1793 318915.4586 335878.9437 370052.7762 414805.6672 407432.3627 406877.2704 309688.8249 228072.7676 171818.8646 114745.7683 72588.0547 7519.509149 14225.11939 4.683230207e-10 2.866897957e-10 0 0 0 0 0 0 0 0 0 0 0 0 0 0 0 0 0 0 0 0 0 0 0 0 0 0 0 0 0 0 0 0 0 0 
0 0 0 0 0 0 0 0 0 0 0 0 0 0 0 0 0 0 0 0 0 0 0 0 0 0 0 0 0 0 0 0 0 8.133654113e-11 8.107411706e-10 3.052464578e-09 28302.1632 63288.72128 146389.4084 124825.7074 92573.40226 124097.7512 176945.5437 136812.6371 203561.9793 241690.4615 329355.898 316780.8816 219566.6468 303753.888 344904.9765 283822.5082 336582.0635 421338.359 347465.3331 377184.3775 297513.236 303117.272 175874.8603 179563.996 103837.016 40489.35807 10206.99782 12245.31378 3865.395151 1.647979381e-10 0 0 0 0 0 0 0 0 0 0 0 0 0 0 0 0 0 0 0 0 0 0 0 0 0 0 0 0 0 0 0 0 0 0 
0 0 0 0 0 0 0 0 0 0 0 0 0 0 0 0 0 0 0 0 0 0 0 0 0 0 0 0 0 0 0 0 0 1.132121065e-10 2.086647764e-10 1.809644631 7627.971295 69729.69494 85829.05146 135189.9499 114472.5205 141470.4627 177719.2546 146976.5607 134296.7349 220176.5122 229459.0968 160282.7149 226050.0789 213407.9041 335998.3959 256715.8962 266757.1242 290697.9905 300322.5205 278544.0603 288609.2443 234590.0269 214291.6704 149108.4989 89843.75102 23113.21081 15556.25864 14367.78237 1169.041165 4.076059768e-11 0 0 0 0 0 0 0 0 0 0 0 0 0 0 0 0 0 0 0 0 0 0 0 0 0 0 0 0 0 0 0 0 0 0 
0 0 0 0 0 0 0 0 0 0 0 0 0 0 0 0 0 0 0 0 0 0 0 0 0 0 0 0 0 0 0 0 0 8.910377708e-11 1.016237269e-09 2.8282298e-10 16346.90214 47949.14553 78370.48473 96591.8749 93084.42747 133994.5272 107200.8115 114428.6837 103345.8045 173988.0378 223489.5194 243530.5889 163122.8756 217561.4858 260728.2397 269623.6087 279183.9324 285287.8037 249300.2495 281203.6562 249116.27 214867.7436 153750.5237 100878.4918 77551.78452 49966.33861 16283.54339 2532.555677 1.217498996e-09 8.303514e-12 0 0 0 0 0 0 0 0 0 0 0 0 0 0 0 0 0 0 0 0 0 0 0 0 0 0 0 0 0 0 0 0 0 0 
0 0 0 0 0 0 0 0 0 0 0 0 0 0 0 0 0 0 0 0 0 0 0 0 0 0 0 0 0 0 0 0 0 2.283854255e-10 3.676475547e-10 3.094434986e-09 11729.28786 38143.92292 83079.14125 76260.80889 76882.4584 98747.85869 114995.9682 92239.42824 115445.8275 135146.6495 169418.3576 124074.6599 165852.9886 164178.0152 183146.6339 137285.6375 222002.4501 251473.0784 259682.5414 228043.6134 225748.9786 163619.2928 141967.8766 106335.7678 79660.83496 16007.97537 2148.924916 11533.96865 4285.319187 2.561600872e-11 0 0 0 0 0 0 0 0 0 0 0 0 0 0 0 0 0 0 0 0 0 0 0 0 0 0 0 0 0 0 0 0 0 0 
0 0 0 0 0 0 0 0 0 0 0 0 0 0 0 0 0 0 0 0 0 0 0 0 0 0 0 0 0 0 0 0 0 7.76816444e-11 2.550354457e-10 9.672126034e-11 10166.38108 54100.93725 42526.81212 56445.93623 79885.08123 60462.11748 70163.66843 107092.2277 108838.6165 99816.83849 131824.6321 102137.9127 139287.6367 144135.3671 149996.7601 184305.5297 173238.8601 197380.9508 190838.1983 169189.9353 147077.5578 123799.6671 112333.641 69819.4273 25417.75014 37619.89312 6742.631209 8375.950783 2005.95316 9.175474197e-13 0 0 0 0 0 0 0 0 0 0 0 0 0 0 0 0 0 0 0 0 0 0 0 0 0 0 0 0 0 0 0 0 0 0 
0 0 0 0 0 0 0 0 0 0 0 0 0 0 0 0 0 0 0 0 0 0 0 0 0 0 0 0 0 0 0 0 0 1.137587012e-10 0 6.546142256e-10 6436.201589 17987.66893 41103.3615 43325.31014 43726.71955 66526.69148 39883.20873 46776.45808 58719.14782 95127.52827 114869.6352 68564.71453 95448.86365 121682.0214 77068.08799 114739.2961 73766.51255 102152.6035 123714.6784 134670.5858 97934.37272 54452.99776 78112.34759 55987.026 31723.36142 7481.718784 3827.985669 5798.581383 29.85684962 4.206736473e-12 0 0 0 0 0 0 0 0 0 0 0 0 0 0 0 0 0 0 0 0 0 0 0 0 0 0 0 0 0 0 0 0 0 0 
0 0 0 0 0 0 0 0 0 0 0 0 0 0 0 0 0 0 0 0 0 0 0 0 0 0 0 0 0 0 0 0 0 4.778208907e-11 2.287869078e-12 4.548671652e-08 2993.204523 5229.369785 36461.94326 7376.151504 17044.45426 21346.7871 23698.09778 42402.97364 45787.24991 52597.55329 102958.5627 57418.67429 48087.84389 56743.54645 76394.92433 81290.06691 57776.12726 56320.76016 63192.71599 95049.01821 79688.809 49107.58382 52104.32665 41052.26202 14741.42392 4984.378436 708.5120555 104.9368815 7.705727451e-10 2.639181492e-11 0 0 0 0 0 0 0 0 0 0 0 0 0 0 0 0 0 0 0 0 0 0 0 0 0 0 0 0 0 0 0 0 0 0 
0 0 0 0 0 0 0 0 0 0 0 0 0 0 0 0 0 0 0 0 0 0 0 0 0 0 0 0 0 0 0 0 0 2.252327773e-10 6.736209846e-12 8.53549711e-09 4547.081452 11964.29983 2774.421937 13207.51982 25934.17458 24334.18647 25783.54441 25882.09606 26691.43374 51292.8816 35277.40813 12424.03108 34640.88635 34198.21628 32575.06265 64889.89436 38778.0964 47451.13704 38805.3811 40868.95595 48846.81435 19594.01365 20898.26899 16274.20503 6885.320532 6494.377861 77.2960657 0.008666269126 1.858188745e-09 5.9899689e-13 0 0 0 0 0 0 0 0 0 0 0 0 0 0 0 0 0 0 0 0 0 0 0 0 0 0 0 0 0 0 0 0 0 0 
0 0 0 0 0 0 0 0 0 0 0 0 0 0 0 0 0 0 0 0 0 0 0 0 0 0 0 0 0 0 0 0 0 1.337428628e-15 1.287359877e-18 6.053539085e-12 2830.381363 4353.423907 2234.758356 8147.9311 2051.353903 3952.564772 4188.82962 5337.708024 6001.959649 10689.43285 14894.88307 9500.43068 12610.56944 12462.61629 16357.21388 13403.72159 15602.28366 15547.79266 11157.94108 15430.66631 7678.955173 11491.69798 10905.75582 3667.758869 6667.070517 1865.53876 10.43854076 842.3301334 1.806920585e-13 3.910173762e-25 0 0 0 0 0 0 0 0 0 0 0 0 0 0 0 0 0 0 0 0 0 0 0 0 0 0 0 0 0 0 0 0 0 0 
0 0 0 0 0 0 0 0 0 0 0 0 0 0 0 0 0 0 0 0 0 0 0 0 0 0 0 0 0 0 0 0 0 2.557873184e-13 5.89349636e-17 2.533257252e-05 7.986536938e-11 539.9336273 616.4488366 35.31988748 10.66056289 35.71758124 1011.842736 1573.207631 21.72953025 1661.633369 720.0255741 506.6561974 1491.801388 377.7975823 659.1038731 170.5350064 6.966718563 948.9677877 634.5642007 1171.136955 794.8414188 314.9841426 1233.894903 2133.883113 150.7124094 0.4427732232 1328.057421 15.58934156 2.574361743e-16 0 0 0 0 0 0 0 0 0 0 0 0 0 0 0 0 0 0 0 0 0 0 0 0 0 0 0 0 0 0 0 0 0 0 0 
0 0 0 0 0 0 0 0 0 0 0 0 0 0 0 0 0 0 0 0 0 0 0 0 0 0 0 0 0 0 0 0 0 0 1.693769537e-17 1.058979982e-19 1.817754614e-11 0.0003369202447 0.006958758117 0.006419372153 1.48409328 0.0001635340161 3.863019907e-05 0.0001722270701 0.7125935413 0.00073884073 0.0004127237918 0.358311755 0.001004848583 0.8124902642 2.627254397e-05 0.4564990741 0.00369257549 0.09837092387 0.8598244926 0.1280144228 0.01102825518 0.8875265619 0.1841403969 8.930176587e-05 1.481975709e-07 0.0002762518995 3.289320256e-11 1.569280505e-19 4.267847165e-18 0 0 0 0 0 0 0 0 0 0 0 0 0 0 0 0 0 0 0 0 0 0 0 0 0 0 0 0 0 0 0 0 0 0 0 
0 0 0 0 0 0 0 0 0 0 0 0 0 0 0 0 0 0 0 0 0 0 0 0 0 0 0 0 0 0 0 0 0 0 0 0 0 2.492642003e-24 0 1.18236572e-14 5.611871271e-11 1.620749698e-09 4.203316624e-10 0 0 1.2828313e-09 1.303394722e-14 2.287123122e-12 8.512360583e-10 3.781377198e-10 4.163320904e-10 2.678840593e-09 7.041234267e-10 9.154394648e-11 7.810663526e-10 0 1.67746683e-12 5.972854376e-10 6.065312601e-13 1.067817306e-17 1.222284377e-15 2.592787907e-15 6.97111007e-25 1.315365032e-13 0 0 0 0 0 0 0 0 0 0 0 0 0 0 0 0 0 0 0 0 0 0 0 0 0 0 0 0 0 0 0 0 0 0 0 0 
0 0 0 0 0 0 0 0 0 0 0 0 0 0 0 0 0 0 0 0 0 0 0 0 0 0 0 0 0 0 0 0 0 0 0 0 0 0 0 0 0 0 0 0 0 0 0 0 0 0 0 0 0 0 0 0 0 0 0 0 0 0 0 0 0 0 0 0 0 0 0 0 0 0 0 0 0 0 0 0 0 0 0 0 0 0 0 0 0 0 0 0 0 0 0 0 0 0 0 0 
0 0 0 0 0 0 0 0 0 0 0 0 0 0 0 0 0 0 0 0 0 0 0 0 0 0 0 0 0 0 0 0 0 0 0 0 0 0 0 0 0 0 0 0 0 0 0 0 0 0 0 0 0 0 0 0 0 0 0 0 0 0 0 0 0 0 0 0 0 0 0 0 0 0 0 0 0 0 0 0 0 0 0 0 0 0 0 0 0 0 0 0 0 0 0 0 0 0 0 0 
0 0 0 0 0 0 0 0 0 0 0 0 0 0 0 0 0 0 0 0 0 0 0 0 0 0 0 0 0 0 0 0 0 0 0 0 0 0 0 0 0 0 0 0 0 0 0 0 0 0 0 0 0 0 0 0 0 0 0 0 0 0 0 0 0 0 0 0 0 0 0 0 0 0 0 0 0 0 0 0 0 0 0 0 0 0 0 0 0 0 0 0 0 0 0 0 0 0 0 0 
0 0 0 0 0 0 0 0 0 0 0 0 0 0 0 0 0 0 0 0 0 0 0 0 0 0 0 0 0 0 0 0 0 0 0 0 0 0 0 0 0 0 0 0 0 0 0 0 0 0 0 0 0 0 0 0 0 0 0 0 0 0 0 0 0 0 0 0 0 0 0 0 0 0 0 0 0 0 0 0 0 0 0 0 0 0 0 0 0 0 0 0 0 0 0 0 0 0 0 0 
0 0 0 0 0 0 0 0 0 0 0 0 0 0 0 0 0 0 0 0 0 0 0 0 0 0 0 0 0 0 0 0 0 0 0 0 0 0 0 0 0 0 0 0 0 0 0 0 0 0 0 0 0 0 0 0 0 0 0 0 0 0 0 0 0 0 0 0 0 0 0 0 0 0 0 0 0 0 0 0 0 0 0 0 0 0 0 0 0 0 0 0 0 0 0 0 0 0 0 0 
0 0 0 0 0 0 0 0 0 0 0 0 0 0 0 0 0 0 0 0 0 0 0 0 0 0 0 0 0 0 0 0 0 0 0 0 0 0 0 0 0 0 0 0 0 0 0 0 0 0 0 0 0 0 0 0 0 0 0 0 0 0 0 0 0 0 0 0 0 0 0 0 0 0 0 0 0 0 0 0 0 0 0 0 0 0 0 0 0 0 0 0 0 0 0 0 0 0 0 0 
0 0 0 0 0 0 0 0 0 0 0 0 0 0 0 0 0 0 0 0 0 0 0 0 0 0 0 0 0 0 0 0 0 0 0 0 0 0 0 0 0 0 0 0 0 0 0 0 0 0 0 0 0 0 0 0 0 0 0 0 0 0 0 0 0 0 0 0 0 0 0 0 0 0 0 0 0 0 0 0 0 0 0 0 0 0 0 0 0 0 0 0 0 0 0 0 0 0 0 0 
0 0 0 0 0 0 0 0 0 0 0 0 0 0 0 0 0 0 0 0 0 0 0 0 0 0 0 0 0 0 0 0 0 0 0 0 0 0 0 0 0 0 0 0 0 0 0 0 0 0 0 0 0 0 0 0 0 0 0 0 0 0 0 0 0 0 0 0 0 0 0 0 0 0 0 0 0 0 0 0 0 0 0 0 0 0 0 0 0 0 0 0 0 0 0 0 0 0 0 0 
0 0 0 0 0 0 0 0 0 0 0 0 0 0 0 0 0 0 0 0 0 0 0 0 0 0 0 0 0 0 0 0 0 0 0 0 0 0 0 0 0 0 0 0 0 0 0 0 0 0 0 0 0 0 0 0 0 0 0 0 0 0 0 0 0 0 0 0 0 0 0 0 0 0 0 0 0 0 0 0 0 0 0 0 0 0 0 0 0 0 0 0 0 0 0 0 0 0 0 0 
0 0 0 0 0 0 0 0 0 0 0 0 0 0 0 0 0 0 0 0 0 0 0 0 0 0 0 0 0 0 0 0 0 0 0 0 0 0 0 0 0 0 0 0 0 0 0 0 0 0 0 0 0 0 0 0 0 0 0 0 0 0 0 0 0 0 0 0 0 0 0 0 0 0 0 0 0 0 0 0 0 0 0 0 0 0 0 0 0 0 0 0 0 0 0 0 0 0 0 0 
0 0 0 0 0 0 0 0 0 0 0 0 0 0 0 0 0 0 0 0 0 0 0 0 0 0 0 0 0 0 0 0 0 0 0 0 0 0 0 0 0 0 0 0 0 0 0 0 0 0 0 0 0 0 0 0 0 0 0 0 0 0 0 0 0 0 0 0 0 0 0 0 0 0 0 0 0 0 0 0 0 0 0 0 0 0 0 0 0 0 0 0 0 0 0 0 0 0 0 0 
0 0 0 0 0 0 0 0 0 0 0 0 0 0 0 0 0 0 0 0 0 0 0 0 0 0 0 0 0 0 0 0 0 0 0 0 0 0 0 0 0 0 0 0 0 0 0 0 0 0 0 0 0 0 0 0 0 0 0 0 0 0 0 0 0 0 0 0 0 0 0 0 0 0 0 0 0 0 0 0 0 0 0 0 0 0 0 0 0 0 0 0 0 0 0 0 0 0 0 0 
0 0 0 0 0 0 0 0 0 0 0 0 0 0 0 0 0 0 0 0 0 0 0 0 0 0 0 0 0 0 0 0 0 0 0 0 0 0 0 0 0 0 0 0 0 0 0 0 0 0 0 0 0 0 0 0 0 0 0 0 0 0 0 0 0 0 0 0 0 0 0 0 0 0 0 0 0 0 0 0 0 0 0 0 0 0 0 0 0 0 0 0 0 0 0 0 0 0 0 0 
0 0 0 0 0 0 0 0 0 0 0 0 0 0 0 0 0 0 0 0 0 0 0 0 0 0 0 0 0 0 0 0 0 0 0 0 0 0 0 0 0 0 0 0 0 0 0 0 0 0 0 0 0 0 0 0 0 0 0 0 0 0 0 0 0 0 0 0 0 0 0 0 0 0 0 0 0 0 0 0 0 0 0 0 0 0 0 0 0 0 0 0 0 0 0 0 0 0 0 0 
0 0 0 0 0 0 0 0 0 0 0 0 0 0 0 0 0 0 0 0 0 0 0 0 0 0 0 0 0 0 0 0 0 0 0 0 0 0 0 0 0 0 0 0 0 0 0 0 0 0 0 0 0 0 0 0 0 0 0 0 0 0 0 0 0 0 0 0 0 0 0 0 0 0 0 0 0 0 0 0 0 0 0 0 0 0 0 0 0 0 0 0 0 0 0 0 0 0 0 0 
0 0 0 0 0 0 0 0 0 0 0 0 0 0 0 0 0 0 0 0 0 0 0 0 0 0 0 0 0 0 0 0 0 0 0 0 0 0 0 0 0 0 0 0 0 0 0 0 0 0 0 0 0 0 0 0 0 0 0 0 0 0 0 0 0 0 0 0 0 0 0 0 0 0 0 0 0 0 0 0 0 0 0 0 0 0 0 0 0 0 0 0 0 0 0 0 0 0 0 0 
0 0 0 0 0 0 0 0 0 0 0 0 0 0 0 0 0 0 0 0 0 0 0 0 0 0 0 0 0 0 0 0 0 0 0 0 0 0 0 0 0 0 0 0 0 0 0 0 0 0 0 0 0 0 0 0 0 0 0 0 0 0 0 0 0 0 0 0 0 0 0 0 0 0 0 0 0 0 0 0 0 0 0 0 0 0 0 0 0 0 0 0 0 0 0 0 0 0 0 0 
0 0 0 0 0 0 0 0 0 0 0 0 0 0 0 0 0 0 0 0 0 0 0 0 0 0 0 0 0 0 0 0 0 0 0 0 0 0 0 0 0 0 0 0 0 0 0 0 0 0 0 0 0 0 0 0 0 0 0 0 0 0 0 0 0 0 0 0 0 0 0 0 0 0 0 0 0 0 0 0 0 0 0 0 0 0 0 0 0 0 0 0 0 0 0 0 0 0 0 0 
0 0 0 0 0 0 0 0 0 0 0 0 0 0 0 0 0 0 0 0 0 0 0 0 0 0 0 0 0 0 0 0 0 0 0 0 0 0 0 0 0 0 0 0 0 0 0 0 0 0 0 0 0 0 0 0 0 0 0 0 0 0 0 0 0 0 0 0 0 0 0 0 0 0 0 0 0 0 0 0 0 0 0 0 0 0 0 0 0 0 0 0 0 0 0 0 0 0 0 0 
0 0 0 0 0 0 0 0 0 0 0 0 0 0 0 0 0 0 0 0 0 0 0 0 0 0 0 0 0 0 0 0 0 0 0 0 0 0 0 0 0 0 0 0 0 0 0 0 0 0 0 0 0 0 0 0 0 0 0 0 0 0 0 0 0 0 0 0 0 0 0 0 0 0 0 0 0 0 0 0 0 0 0 0 0 0 0 0 0 0 0 0 0 0 0 0 0 0 0 0 
0 0 0 0 0 0 0 0 0 0 0 0 0 0 0 0 0 0 0 0 0 0 0 0 0 0 0 0 0 0 0 0 0 0 0 0 0 0 0 0 0 0 0 0 0 0 0 0 0 0 0 0 0 0 0 0 0 0 0 0 0 0 0 0 0 0 0 0 0 0 0 0 0 0 0 0 0 0 0 0 0 0 0 0 0 0 0 0 0 0 0 0 0 0 0 0 0 0 0 0 
0 0 0 0 0 0 0 0 0 0 0 0 0 0 0 0 0 0 0 0 0 0 0 0 0 0 0 0 0 0 0 0 0 0 0 0 0 0 0 0 0 0 0 0 0 0 0 0 0 0 0 0 0 0 0 0 0 0 0 0 0 0 0 0 0 0 0 0 0 0 0 0 0 0 0 0 0 0 0 0 0 0 0 0 0 0 0 0 0 0 0 0 0 0 0 0 0 0 0 0 
0 0 0 0 0 0 0 0 0 0 0 0 0 0 0 0 0 0 0 0 0 0 0 0 0 0 0 0 0 0 0 0 0 0 0 0 0 0 0 0 0 0 0 0 0 0 0 0 0 0 0 0 0 0 0 0 0 0 0 0 0 0 0 0 0 0 0 0 0 0 0 0 0 0 0 0 0 0 0 0 0 0 0 0 0 0 0 0 0 0 0 0 0 0 0 0 0 0 0 0 
0 0 0 0 0 0 0 0 0 0 0 0 0 0 0 0 0 0 0 0 0 0 0 0 0 0 0 0 0 0 0 0 0 0 0 0 0 0 0 0 0 0 0 0 0 0 0 0 0 0 0 0 0 0 0 0 0 0 0 0 0 0 0 0 0 0 0 0 0 0 0 0 0 0 0 0 0 0 0 0 0 0 0 0 0 0 0 0 0 0 0 0 0 0 0 0 0 0 0 0 
# Errors [kim/kristine.dat] I_err:
0 0 0 0 0 0 0 0 0 0 0 0 0 0 0 0 0 0 0 0 0 0 0 0 0 0 0 0 0 0 0 0 0 0 0 0 0 0 0 0 0 0 0 0 0 0 0 0 0 0 0 0 0 0 0 0 0 0 0 0 0 0 0 0 0 0 0 0 0 0 0 0 0 0 0 0 0 0 0 0 0 0 0 0 0 0 0 0 0 0 0 0 0 0 0 0 0 0 0 0 
0 0 0 0 0 0 0 0 0 0 0 0 0 0 0 0 0 0 0 0 0 0 0 0 0 0 0 0 0 0 0 0 0 0 0 0 0 0 0 0 0 0 0 0 0 0 0 0 0 0 0 0 0 0 0 0 0 0 0 0 0 0 0 0 0 0 0 0 0 0 0 0 0 0 0 0 0 0 0 0 0 0 0 0 0 0 0 0 0 0 0 0 0 0 0 0 0 0 0 0 
0 0 0 0 0 0 0 0 0 0 0 0 0 0 0 0 0 0 0 0 0 0 0 0 0 0 0 0 0 0 0 0 0 0 0 0 0 0 0 0 0 0 0 0 0 0 0 0 0 0 0 0 0 0 0 0 0 0 0 0 0 0 0 0 0 0 0 0 0 0 0 0 0 0 0 0 0 0 0 0 0 0 0 0 0 0 0 0 0 0 0 0 0 0 0 0 0 0 0 0 
0 0 0 0 0 0 0 0 0 0 0 0 0 0 0 0 0 0 0 0 0 0 0 0 0 0 0 0 0 0 0 0 0 0 0 0 0 0 0 0 0 0 0 0 0 0 0 0 0 0 0 0 0 0 0 0 0 0 0 0 0 0 0 0 0 0 0 0 0 0 0 0 0 0 0 0 0 0 0 0 0 0 0 0 0 0 0 0 0 0 0 0 0 0 0 0 0 0 0 0 
0 0 0 0 0 0 0 0 0 0 0 0 0 0 0 0 0 0 0 0 0 0 0 0 0 0 0 0 0 0 0 0 0 0 0 0 0 0 0 0 0 0 0 0 0 0 0 0 0 0 0 0 0 0 0 0 0 0 0 0 0 0 0 0 0 0 0 0 0 0 0 0 0 0 0 0 0 0 0 0 0 0 0 0 0 0 0 0 0 0 0 0 0 0 0 0 0 0 0 0 
0 0 0 0 0 0 0 0 0 0 0 0 0 0 0 0 0 0 0 0 0 0 0 0 0 0 0 0 0 0 0 0 0 0 0 0 0 0 0 0 0 0 0 0 0 0 0 0 0 0 0 0 0 0 0 0 0 0 0 0 0 0 0 0 0 0 0 0 0 0 0 0 0 0 0 0 0 0 0 0 0 0 0 0 0 0 0 0 0 0 0 0 0 0 0 0 0 0 0 0 
0 0 0 0 0 0 0 0 0 0 0 0 0 0 0 0 0 0 0 0 0 0 0 0 0 0 0 0 0 0 0 0 0 0 0 0 0 0 0 0 0 0 0 0 0 0 0 0 0 0 0 0 0 0 0 0 0 0 0 0 0 0 0 0 0 0 0 0 0 0 0 0 0 0 0 0 0 0 0 0 0 0 0 0 0 0 0 0 0 0 0 0 0 0 0 0 0 0 0 0 
0 0 0 0 0 0 0 0 0 0 0 0 0 0 0 0 0 0 0 0 0 0 0 0 0 0 0 0 0 0 0 0 0 0 0 0 0 0 0 0 0 0 0 0 0 0 0 0 0 0 0 0 0 0 0 0 0 0 0 0 0 0 0 0 0 0 0 0 0 0 0 0 0 0 0 0 0 0 0 0 0 0 0 0 0 0 0 0 0 0 0 0 0 0 0 0 0 0 0 0 
0 0 0 0 0 0 0 0 0 0 0 0 0 0 0 0 0 0 0 0 0 0 0 0 0 0 0 0 0 0 0 0 0 0 0 0 0 0 0 0 0 0 0 0 0 0 0 0 0 0 0 0 0 0 0 0 0 0 0 0 0 0 0 0 0 0 0 0 0 0 0 0 0 0 0 0 0 0 0 0 0 0 0 0 0 0 0 0 0 0 0 0 0 0 0 0 0 0 0 0 
0 0 0 0 0 0 0 0 0 0 0 0 0 0 0 0 0 0 0 0 0 0 0 0 0 0 0 0 0 0 0 0 0 0 0 0 0 0 0 0 0 0 0 0 0 0 0 0 0 0 0 0 0 0 0 0 0 0 0 0 0 0 0 0 0 0 0 0 0 0 0 0 0 0 0 0 0 0 0 0 0 0 0 0 0 0 0 0 0 0 0 0 0 0 0 0 0 0 0 0 
0 0 0 0 0 0 0 0 0 0 0 0 0 0 0 0 0 0 0 0 0 0 0 0 0 0 0 0 0 0 0 0 0 0 0 0 0 0 0 0 0 0 0 0 0 0 0 0 0 0 0 0 0 0 0 0 0 0 0 0 0 0 0 0 0 0 0 0 0 0 0 0 0 0 0 0 0 0 0 0 0 0 0 0 0 0 0 0 0 0 0 0 0 0 0 0 0 0 0 0 
0 0 0 0 0 0 0 0 0 0 0 0 0 0 0 0 0 0 0 0 0 0 0 0 0 0 0 0 0 0 0 0 0 0 0 0 0 0 0 0 0 0 0 0 0 0 0 0 0 0 0 0 0 0 0 0 0 0 0 0 0 0 0 0 0 0 0 0 0 0 0 0 0 0 0 0 0 0 0 0 0 0 0 0 0 0 0 0 0 0 0 0 0 0 0 0 0 0 0 0 
0 0 0 0 0 0 0 0 0 0 0 0 0 0 0 0 0 0 0 0 0 0 0 0 0 0 0 0 0 0 0 0 0 0 0 0 0 0 0 0 0 0 0 0 0 0 0 0 0 0 0 0 0 0 0 0 0 0 0 0 0 0 0 0 0 0 0 0 0 0 0 0 0 0 0 0 0 0 0 0 0 0 0 0 0 0 0 0 0 0 0 0 0 0 0 0 0 0 0 0 
0 0 0 0 0 0 0 0 0 0 0 0 0 0 0 0 0 0 0 0 0 0 0 0 0 0 0 0 0 0 0 0 0 0 0 0 0 0 0 0 0 0 0 0 0 0 0 0 0 0 0 0 0 0 0 0 0 0 0 0 0 0 0 0 0 0 0 0 0 0 0 0 0 0 0 0 0 0 0 0 0 0 0 0 0 0 0 0 0 0 0 0 0 0 0 0 0 0 0 0 
0 0 0 0 0 0 0 0 0 0 0 0 0 0 0 0 0 0 0 0 0 0 0 0 0 0 0 0 0 0 0 0 0 0 0 0 0 0 0 0 0 0 0 0 0 0 0 0 0 0 0 0 0 0 0 0 0 0 0 0 0 0 0 0 0 0 0 0 0 0 0 0 0 0 0 0 0 0 0 0 0 0 0 0 0 0 0 0 0 0 0 0 0 0 0 0 0 0 0 0 
0 0 0 0 0 0 0 0 0 0 0 0 0 0 0 0 0 0 0 0 0 0 0 0 0 0 0 0 0 0 0 0 0 0 0 0 0 0 0 0 0 0 0 0 0 0 0 0 0 0 0 0 0 0 0 0 0 0 0 0 0 0 0 0 0 0 0 0 0 0 0 0 0 0 0 0 0 0 0 0 0 0 0 0 0 0 0 0 0 0 0 0 0 0 0 0 0 0 0 0 
0 0 0 0 0 0 0 0 0 0 0 0 0 0 0 0 0 0 0 0 0 0 0 0 0 0 0 0 0 0 0 0 0 0 0 0 0 0 0 0 0 0 0 0 0 0 0 0 0 0 0 0 0 0 0 0 0 0 0 0 0 0 0 0 0 0 0 0 0 0 0 0 0 0 0 0 0 0 0 0 0 0 0 0 0 0 0 0 0 0 0 0 0 0 0 0 0 0 0 0 
0 0 0 0 0 0 0 0 0 0 0 0 0 0 0 0 0 0 0 0 0 0 0 0 0 0 0 0 0 0 0 0 0 0 0 0 0 0 0 0 0 0 0 0 0 0 0 0 0 0 0 0 0 0 0 0 0 0 0 0 0 0 0 0 0 0 0 0 0 0 0 0 0 0 0 0 0 0 0 0 0 0 0 0 0 0 0 0 0 0 0 0 0 0 0 0 0 0 0 0 
0 0 0 0 0 0 0 0 0 0 0 0 0 0 0 0 0 0 0 0 0 0 0 0 0 0 0 0 0 0 0 0 0 0 0 0 0 0 0 0 0 0 0 0 0 0 0 0 0 0 0 0 0 0 0 0 0 0 0 0 0 0 0 0 0 0 0 0 0 0 0 0 0 0 0 0 0 0 0 0 0 0 0 0 0 0 0 0 0 0 0 0 0 0 0 0 0 0 0 0 
0 0 0 0 0 0 0 0 0 0 0 0 0 0 0 0 0 0 0 0 0 0 0 0 0 0 0 0 0 0 0 0 0 0 0 0 0 0 0 0 0 0 0 0 0 0 0 0 0 0 0 0 0 0 0 0 0 0 0 0 0 0 0 0 0 0 0 0 0 0 0 0 0 0 0 0 0 0 0 0 0 0 0 0 0 0 0 0 0 0 0 0 0 0 0 0 0 0 0 0 
0 0 0 0 0 0 0 0 0 0 0 0 0 0 0 0 0 0 0 0 0 0 0 0 0 0 0 0 0 0 0 0 0 0 0 0 0 0 0 0 0 0 0 0 0 0 0 0 0 0 0 0 0 0 0 0 0 0 0 0 0 0 0 0 0 0 0 0 0 0 0 0 0 0 0 0 0 0 0 0 0 0 0 0 0 0 0 0 0 0 0 0 0 0 0 0 0 0 0 0 
0 0 0 0 0 0 0 0 0 0 0 0 0 0 0 0 0 0 0 0 0 0 0 0 0 0 0 0 0 0 0 0 0 0 0 0 0 0 0 0 0 0 0 0 0 0 0 0 0 0 0 0 0 0 0 0 0 0 0 0 0 0 0 0 0 0 0 0 0 0 0 0 0 0 0 0 0 0 0 0 0 0 0 0 0 0 0 0 0 0 0 0 0 0 0 0 0 0 0 0 
0 0 0 0 0 0 0 0 0 0 0 0 0 0 0 0 0 0 0 0 0 0 0 0 0 0 0 0 0 0 0 0 0 0 0 0 0 0 0 0 0 0 0 0 0 0 0 0 0 0 0 0 0 0 0 0 0 0 0 0 0 0 0 0 0 0 0 0 0 0 0 0 0 0 0 0 0 0 0 0 0 0 0 0 0 0 0 0 0 0 0 0 0 0 0 0 0 0 0 0 
0 0 0 0 0 0 0 0 0 0 0 0 0 0 0 0 0 0 0 0 0 0 0 0 0 0 0 0 0 0 0 0 0 0 0 0 0 0 0 0 0 0 0 0 0 0 0 0 0 0 0 0 0 0 0 0 0 0 0 0 0 0 0 0 0 0 0 0 0 0 0 0 0 0 0 0 0 0 0 0 0 0 0 0 0 0 0 0 0 0 0 0 0 0 0 0 0 0 0 0 
0 0 0 0 0 0 0 0 0 0 0 0 0 0 0 0 0 0 0 0 0 0 0 0 0 0 0 0 0 0 0 0 0 0 0 2.209697099e-23 1.935299833e-24 2.907683532e-08 1.333347818e-10 2.328727273e-10 7.747707998e-12 0 4.627164496e-11 2.632277922e-14 1.473264226e-12 6.145466706e-11 7.219292545e-10 2.191551391e-10 3.16463999e-10 8.336859889e-11 2.839387528e-09 1.535222127e-12 9.960401788e-14 3.849965937e-13 4.144870143e-10 3.750393061e-09 9.091188321e-25 1.634189056e-10 1.4542029e-10 9.743455878e-11 9.216757033e-10 1.395750137e-22 3.352308196e-11 0 0 0 0 0 0 0 0 0 0 0 0 0 0 0 0 0 0 0 0 0 0 0 0 0 0 0 0 0 0 0 0 0 0 0 0 0 
0 0 0 0 0 0 0 0 0 0 0 0 0 0 0 0 0 0 0 0 0 0 0 0 0 0 0 0 0 0 0 0 0 1.822948935e-19 0 2.981761957e-20 1.069665242e-09 1.167733313e-20 0.0009087525214 0.008763153352 0.004044771739 1.557834439e-06 3.933559777e-07 0.0533572324 5.893135412e-06 0.004788230415 3.612019435e-05 7.849671682e-05 0.001173109985 0.2714907089 0.0001185038652 0.0006995409824 6.308393667e-05 0.06795162128 5.881422869e-06 0.006087171356 9.99566626e-05 3.85037441 6.325367823e-06 0.01078786088 6.018010647e-05 6.813674154e-05 0.3913589249 5.987299717e-11 0 1.660762898e-26 0 0 0 0 0 0 0 0 0 0 0 0 0 0 0 0 0 0 0 0 0 0 0 0 0 0 0 0 0 0 0 0 0 0 
0 0 0 0 0 0 0 0 0 0 0 0 0 0 0 0 0 0 0 0 0 0 0 0 0 0 0 0 0 0 0 0 0 2.231048641e-15 2.299863112e-22 2.717510966e-23 1.410390244 0.0005845853292 5.314105232 1164.677736 1.561308454 658.9108401 272.0194658 5.095100566 544.3199953 122.2189527 187.6170598 72.30007648 133.3696872 1361.799891 1619.433494 342.7087395 121.6460394 332.7827334 1415.47476 1605.096723 145.6210619 313.5772275 551.9983167 527.8011925 446.505557 2.174689703 1.339240972e-06 55.35276129 2.428152332e-14 7.986907251e-13 0 0 0 0 0 0 0 0 0 0 0 0 0 0 0 0 0 0 0 0 0 0 0 0 0 0 0 0 0 0 0 0 0 0 
0 0 0 0 0 0 0 0 0 0 0 0 0 0 0 0 0 0 0 0 0 0 0 0 0 0 0 0 0 0 0 0 0 4.393549755e-12 3.624207244e-18 2.418805268e-10 1011.838626 2369.551575 2398.911722 3487.887178 2347.768406 2473.57289 1308.045137 4622.191345 4577.20644 3408.465107 3762.397249 4197.85701 3625.241794 4147.035421 2299.150076 4973.206887 3604.703738 5395.549481 3258.759484 4714.073379 3538.833017 4263.85266 4006.062333 2525.737777 633.5880639 704.0162749 33.27253803 0.597555476 5.573490062e-13 0 0 0 0 0 0 0 0 0 0 0 0 0 0 0 0 0 0 0 0 0 0 0 0 0 0 0 0 0 0 0 0 0 0 0 
0 0 0 0 0 0 0 0 0 0 0 0 0 0 0 0 0 0 0 0 0 0 0 0 0 0 0 0 0 0 0 0 0 1.140900052e-20 1.320669071e-10 1.032505667e-14 1244.430392 4461.07029 6152.019001 5454.386923 4127.354729 7833.407211 7049.857512 4235.579281 6593.498501 7224.777102 6399.510498 7178.507164 8651.976697 7900.962455 6830.943248 9144.525487 6933.875358 6920.876314 7320.473111 10557.44329 9991.055351 9542.43661 8700.226658 5484.398652 3843.987304 1947.382887 725.5429363 1318.518883 1.047021268e-10 7.505986472e-18 0 0 0 0 0 0 0 0 0 0 0 0 0 0 0 0 0 0 0 0 0 0 0 0 0 0 0 0 0 0 0 0 0 0 
0 0 0 0 0 0 0 0 0 0 0 0 0 0 0 0 0 0 0 0 0 0 0 0 0 0 0 0 0 0 0 0 0 8.637626232e-12 3.163869912e-10 3.687153609e-10 1598.447372 7683.812521 5727.934375 8494.746431 6349.379005 7281.876035 11351.13665 4982.611448 8892.191228 10018.49225 10892.03457 12048.77906 9670.419224 13361.27562 10829.68028 14816.23584 12252.5443 13063.59824 14720.54651 16550.00402 14104.82327 12716.9028 8856.106202 9894.711815 6109.882474 5730.780941 3779.534038 98.53748835 7.892680723e-10 1.274227971e-12 0 0 0 0 0 0 0 0 0 0 0 0 0 0 0 0 0 0 0 0 0 0 0 0 0 0 0 0 0 0 0 0 0 0 
0 0 0 0 0 0 0 0 0 0 0 0 0 0 0 0 0 0 0 0 0 0 0 0 0 0 0 0 0 0 0 0 0 9.124683702e-11 3.2887586e-11 6.927750963e-12 4728.006335 9026.19177 8121.616807 10927.04284 11983.49754 9316.652621 9539.310843 18827.54189 16691.74324 15558.16857 14072.11933 16380.80873 17624.40131 14914.88416 18117.82569 16862.36467 10716.80844 18089.03815 20748.23629 21046.14895 15690.9344 17646.78936 17345.44578 10851.25253 12175.20597 7393.913502 1216.660832 1594.76428 3.344874645e-10 9.671569616e-12 0 0 0 0 0 0 0 0 0 0 0 0 0 0 0 0 0 0 0 0 0 0 0 0 0 0 0 0 0 0 0 0 0 0 
0 0 0 0 0 0 0 0 0 0 0 0 0 0 0 0 0 0 0 0 0 0 0 0 0 0 0 0 0 0 0 0 0 5.287962615e-12 1.822622505e-10 4.066209681e-10 7311.414668 13287.77764 8549.534475 14452.93564 13071.57677 16627.06663 12514.29043 18155.12956 13639.58557 17497.44079 22583.74634 17581.34401 23097.45367 22360.47311 24293.44178 24114.77704 21818.00957 24972.83577 22666.61435 25569.83828 18294.41088 21092.65612 17892.47939 13941.3206 10898.33615 8948.786131 4426.931537 1018.99173 409.4208801 4.824153139e-12 0 0 0 0 0 0 0 0 0 0 0 0 0 0 0 0 0 0 0 0 0 0 0 0 0 0 0 0 0 0 0 0 0 0 
0 0 0 0 0 0 0 0 0 0 0 0 0 0 0 0 0 0 0 0 0 0 0 0 0 0 0 0 0 0 0 0 0 4.282435944e-11 1.897129761e-10 1.998268833e-10 9562.524558 12976.7488 12694.08942 19107.47731 19266.03308 15664.96204 19134.45028 18271.33922 21686.84629 21930.44248 25655.20732 23627.01242 24745.43967 25224.01094 27316.45469 23905.25723 25248.38915 26419.11339 29330.095 27637.79882 26358.87129 22959.96963 22243.98855 15239.53629 12755.58378 9634.664998 5079.616614 915.7404036 765.9441777 2.30604553e-10 0 0 0 0 0 0 0 0 0 0 0 0 0 0 0 0 0 0 0 0 0 0 0 0 0 0 0 0 0 0 0 0 0 0 
0 0 0 0 0 0 0 0 0 0 0 0 0 0 0 0 0 0 0 0 0 0 0 0 0 0 0 0 0 0 0 0 0 2.588552121e-12 1.762943009e-10 1.368812896e-09 7575.37164 14648.92548 16754.45165 19488.61921 20351.47959 20208.37024 19615.56487 19956.79459 22026.25935 27059.30787 27752.6731 26547.11808 25275.67675 30849.66574 31565.66115 29672.86001 30734.92166 31994.29029 35019.16908 29840.46496 33551.49345 29683.31136 22435.57035 20677.8171 17223.35438 12050.51611 5940.967146 1806.795105 4762.621172 1.266967744e-14 0 0 0 0 0 0 0 0 0 0 0 0 0 0 0 0 0 0 0 0 0 0 0 0 0 0 0 0 0 0 0 0 0 0 
0 0 0 0 0 0 0 0 0 0 0 0 0 0 0 0 0 0 0 0 0 0 0 0 0 0 0 0 0 0 0 0 0 8.160337305e-11 1.632575506e-10 0.02763025219 12004.09719 21290.508 23379.84054 22567.98591 17874.64606 21950.22691 21981.95128 22597.95062 25037.55091 27837.00126 28122.88715 27025.47431 30679.47793 31861.15966 30997.647 30633.09545 31575.9778 34610.16941 32596.88471 35444.20657 32699.06583 28401.75693 27822.74931 18780.80603 15018.75578 15589.69704 5091.598019 2124.480653 1640.236046 2.726941746e-12 0 0 0 0 0 0 0 0 0 0 0 0 0 0 0 0 0 0 0 0 0 0 0 0 0 0 0 0 0 0 0 0 0 0 
0 0 0 0 0 0 0 0 0 0 0 0 0 0 0 0 0 0 0 0 0 0 0 0 0 0 0 0 0 0 0 0 0 2.139601794e-10 4.646493121e-10 7.121546627e-10 8934.282208 17953.66838 20727.85887 17629.59329 20651.36153 19985.90768 22394.99301 24151.71562 27924.11453 29935.99842 34897.08512 30942.76873 32483.99637 36699.36335 34846.78287 32639.5627 33820.10364 32067.69042 39088.4499 41213.0819 37931.82731 30332.29458 28342.7852 26548.00127 21729.83748 11961.10549 6631.719854 6475.990374 508.9163448 1.787475862e-10 0 0 0 0 0 0 0 0 0 0 0 0 0 0 0 0 0 0 0 0 0 0 0 0 0 0 0 0 0 0 0 0 0 0 
0 0 0 0 0 0 0 0 0 0 0 0 0 0 0 0 0 0 0 0 0 0 0 0 0 0 0 0 0 0 0 0 0 1.046270179e-10 3.65486833e-10 9.617398363e-10 7240.641067 18082.92508 24572.45538 23092.3491 21085.48496 26486.57524 24773.71996 26762.15216 29355.91863 29500.07882 33714.99804 30427.11407 29301.57814 37565.26952 33039.70835 35079.19489 39526.75342 38356.66939 37687.277 40596.20733 36290.02001 34550.9111 29712.73607 27405.68736 23821.65037 8858.043905 4010.693583 6741.917287 4371.833435 1.527256566e-11 0 0 0 0 0 0 0 0 0 0 0 0 0 0 0 0 0 0 0 0 0 0 0 0 0 0 0 0 0 0 0 0 0 0 
0 0 0 0 0 0 0 0 0 0 0 0 0 0 0 0 0 0 0 0 0 0 0 0 0 0 0 0 0 0 0 0 0 9.330827385e-11 4.515447108e-10 2.803846196e-09 10356.94254 19101.48132 22694.25835 24095.08572 25170.76853 25291.75055 25877.61322 30882.65535 28433.60247 33415.92904 34568.21395 32776.08181 32299.32486 38112.63879 37721.22667 35818.61117 38252.09385 43245.91173 43184.06446 41816.0753 36808.45563 34527.34576 31818.60577 24672.36888 22789.74688 13268.69795 5978.624297 6927.508742 3567.174343 8.361779269e-11 0 0 0 0 0 0 0 0 0 0 0 0 0 0 0 0 0 0 0 0 0 0 0 0 0 0 0 0 0 0 0 0 0 0 
0 0 0 0 0 0 0 0 0 0 0 0 0 0 0 0 0 0 0 0 0 0 0 0 0 0 0 0 0 0 0 0 0 6.225661329e-11 9.164269853e-10 7.978919433 8740.659265 21506.3632 26418.60187 21973.13269 23480.85562 25746.56201 26822.67441 29515.21516 27428.41548 33049.486 37537.57749 35183.74866 38964.90183 40102.55455 43275.85304 33233.16378 38037.37966 44165.66194 44233.37721 45848.5752 44184.51435 38297.83955 33934.5461 29547.97203 18663.02748 11750.80993 8003.181492 7064.66793 2466.894334 1.316133521e-10 0 0 0 0 0 0 0 0 0 0 0 0 0 0 0 0 0 0 0 0 0 0 0 0 0 0 0 0 0 0 0 0 0 0 
0 0 0 0 0 0 0 0 0 0 0 0 0 0 0 0 0 0 0 0 0 0 0 0 0 0 0 0 0 0 0 0 0 1.812212146e-10 7.579764068e-10 0.0008542681062 10676.81754 20367.00742 24824.44703 26440.72314 28799.6266 25780.562 31988.72244 29646.53435 29395.02814 37625.18337 37120.92242 30731.80271 36582.90673 41150.7296 44040.52262 38256.32162 39910.03934 43696.59497 46107.2218 44855.16267 42085.12518 40488.77468 31635.05925 29096.52363 23196.12638 15193.75508 9715.146847 6487.292211 4.588956643e-09 2.588116624e-11 0 0 0 0 0 0 0 0 0 0 0 0 0 0 0 0 0 0 0 0 0 0 0 0 0 0 0 0 0 0 0 0 0 0 
0 0 0 0 0 0 0 0 0 0 0 0 0 0 0 0 0 0 0 0 0 0 0 0 0 0 0 0 0 0 0 0 0 1.838146082e-10 5.411200912e-10 0.003710060887 11310.22316 23996.31309 26418.80889 23712.28641 27564.94524 29313.52554 30745.74826 34655.05742 32481.29234 36481.59669 42853.04319 36041.95939 41701.65713 39796.77539 44703.91706 38626.20642 45991.58524 43394.42197 44414.44456 42252.33599 45511.78367 41535.85318 34014.00373 28740.70902 27443.6085 14138.34965 7339.833991 6442.023224 3729.123037 1.044095524e-10 0 0 0 0 0 0 0 0 0 0 0 0 0 0 0 0 0 0 0 0 0 0 0 0 0 0 0 0 0 0 0 0 0 0 
0 0 0 0 0 0 0 0 0 0 0 0 0 0 0 0 0 0 0 0 0 0 0 0 0 0 0 0 0 0 0 0 0 1.305775984e-10 5.665075557e-10 1.240028543e-09 7204.941995 20452.92553 26788.93807 27984.2018 26852.20109 27159.69093 28997.67887 28983.58814 31886.11032 36942.76797 38794.48595 34330.86917 40322.99334 42195.57325 39975.84407 38843.05351 42869.10429 44068.08775 45348.52936 45776.70953 44579.6718 36375.05423 35469.13302 27496.47226 25304.50408 16074.9954 6697.955983 2407.864228 3537.068112 1.979770924e-10 0 0 0 0 0 0 0 0 0 0 0 0 0 0 0 0 0 0 0 0 0 0 0 0 0 0 0 0 0 0 0 0 0 0 
0 0 0 0 0 0 0 0 0 0 0 0 0 0 0 0 0 0 0 0 0 0 0 0 0 0 0 0 0 0 0 0 0 9.161781541e-11 4.67205824e-10 0.4189579459 12924.41914 18849.19147 22152.011 26148.80508 24330.85709 30434.70833 27084.77593 32741.10224 33209.05762 33130.87402 38615.82932 37081.00259 36723.90107 38483.3075 41885.86538 38073.36104 35822.74156 43323.75835 43969.89732 46516.90818 40594.54614 40893.51236 37342.84163 28964.91034 20548.858 15212.25527 5439.83147 5421.887119 284.1484616 1.059410891e-10 0 0 0 0 0 0 0 0 0 0 0 0 0 0 0 0 0 0 0 0 0 0 0 0 0 0 0 0 0 0 0 0 0 0 
0 0 0 0 0 0 0 0 0 0 0 0 0 0 0 0 0 0 0 0 0 0 0 0 0 0 0 0 0 0 0 0 0 1.81376518e-10 5.555064337e-10 8.063331318e-05 11310.19337 20655.10647 24829.08027 24788.2637 28965.59606 24552.81428 27997.72733 29475.441 30744.99361 34383.3565 37571.71678 30315.04728 39956.2856 42098.59551 40714.15804 39525.06145 33447.10588 44323.64099 44577.72436 47032.00946 38830.90831 34204.6058 33583.23507 25413.99119 22324.69411 12032.52369 4567.734916 6405.751237 667.5182941 1.034030224e-11 0 0 0 0 0 0 0 0 0 0 0 0 0 0 0 0 0 0 0 0 0 0 0 0 0 0 0 0 0 0 0 0 0 0 
0 0 0 0 0 0 0 0 0 0 0 0 0 0 0 0 0 0 0 0 0 0 0 0 0 0 0 0 0 0 0 0 0 2.498264329e-10 2.394152435e-10 9.690670018e-10 12578.89919 20906.08525 23629.13179 24952.31166 25124.39785 24635.08416 28990.5313 27229.90721 32025.91494 32614.90576 37652.07203 30578.34015 35789.21942 40724.76892 41045.74762 38518.5775 36849.01962 42591.89171 41861.83751 47635.46191 37723.49014 36204.38025 29323.16591 30466.80924 21016.62732 13737.81097 9959.091139 5218.652826 2.562176356e-09 3.384389542e-10 0 0 0 0 0 0 0 0 0 0 0 0 0 0 0 0 0 0 0 0 0 0 0 0 0 0 0 0 0 0 0 0 0 0 
0 0 0 0 0 0 0 0 0 0 0 0 0 0 0 0 0 0 0 0 0 0 0 0 0 0 0 0 0 0 0 0 0 1.371732505e-10 4.632486499e-10 1.381751184 10702.95087 19527.883 22567.79214 26030.71103 26070.27259 29847.12309 26055.90174 25514.0824 31416.53493 33941.74597 33353.18868 36882.90125 30941.84827 37876.83023 38539.64995 38751.58602 38935.49135 39161.49358 44901.81805 40247.58297 40868.87617 38046.83314 33403.28045 27780.90662 23283.72982 13400.03711 7800.213235 5043.480263 0.00295656834 2.119906675e-10 0 0 0 0 0 0 0 0 0 0 0 0 0 0 0 0 0 0 0 0 0 0 0 0 0 0 0 0 0 0 0 0 0 0 
0 0 0 0 0 0 0 0 0 0 0 0 0 0 0 0 0 0 0 0 0 0 0 0 0 0 0 0 0 0 0 0 0 1.803750716e-10 3.963513562e-10 0.04820119071 11208.96996 18453.04146 20723.58367 23902.13851 24762.78212 22606.49628 25978.96484 26615.89635 29013.73803 33373.41342 37208.60741 33267.75463 34172.5074 40190.82499 41440.68376 37192.36224 40402.12995 40061.47192 40018.15468 44387.50227 38827.50479 33408.50611 33968.00086 27212.86323 22757.64279 14528.20315 6319.340324 6828.771712 205.6836728 1.511767777e-10 0 0 0 0 0 0 0 0 0 0 0 0 0 0 0 0 0 0 0 0 0 0 0 0 0 0 0 0 0 0 0 0 0 0 
0 0 0 0 0 0 0 0 0 0 0 0 0 0 0 0 0 0 0 0 0 0 0 0 0 0 0 0 0 0 0 0 0 1.889469174e-10 6.593371244e-10 0.0007796120433 8938.258431 20153.18401 27502.56588 19282.90558 23027.40179 25251.84656 25644.88299 25143.80871 27520.78529 35599.261 37980.0516 32350.62905 38452.79859 35063.12631 38378.15791 37214.65479 37782.96246 39126.41229 39958.25286 41273.80931 40226.20855 37855.46607 28555.85462 28525.01678 22603.53359 14990.99128 8313.644415 3300.036858 496.0181662 9.340900816e-12 0 0 0 0 0 0 0 0 0 0 0 0 0 0 0 0 0 0 0 0 0 0 0 0 0 0 0 0 0 0 0 0 0 0 
0 0 0 0 0 0 0 0 0 0 0 0 0 0 0 0 0 0 0 0 0 0 0 0 0 0 0 0 0 0 0 0 0 2.184680493e-11 3.627649951e-10 0.02330566519 11413.34652 17304.58668 22559.34656 23391.17972 25763.63802 24673.34546 25931.42327 25241.09836 25185.99777 29707.76007 33627.28255 34011.62282 32326.53645 33073.50861 33380.40001 35163.11945 35808.71589 37225.16767 43032.26256 40208.43158 36787.62485 32783.56937 30983.96202 26305.90366 17746.41122 12354.8651 7657.174238 4923.903886 5029.778645 4.028945745e-10 0 0 0 0 0 0 0 0 0 0 0 0 0 0 0 0 0 0 0 0 0 0 0 0 0 0 0 0 0 0 0 0 0 0 
0 0 0 0 0 0 0 0 0 0 0 0 0 0 0 0 0 0 0 0 0 0 0 0 0 0 0 0 0 0 0 0 0 1.666535063e-10 3.178531878e-10 0.001571362691 9545.980943 19781.86924 21895.19414 23825.29021 24755.75349 25402.61967 28252.3196 27421.76397 26801.17961 31816.80059 34319.69913 33843.74117 32814.33237 34599.20441 41696.49039 36750.17291 35913.53812 40772.65875 41497.30851 40018.95145 38316.84869 34646.05097 30988.9396 26050.95167 20289.78159 13570.90283 5795.838649 6797.118319 3.087337054e-09 4.011014641e-10 0 0 0 0 0 0 0 0 0 0 0 0 0 0 0 0 0 0 0 0 0 0 0 0 0 0 0 0 0 0 0 0 0 0 
0 0 0 0 0 0 0 0 0 0 0 0 0 0 0 0 0 0 0 0 0 0 0 0 0 0 0 0 0 0 0 0 0 1.424567424e-10 4.107201809e-10 0.03865611082 11711.8345 19834.22937 25585.96624 22163.42778 24848.56748 23940.99549 25291.2275 27307.00032 28198.99725 33309.69413 37337.43108 31325.35362 32721.8359 37339.62048 39586.03336 33837.374 35364.33526 36510.14513 42461.29796 42213.06502 36734.43291 34999.71061 31828.89851 24067.56229 24016.81425 16443.79437 7049.160863 6015.450766 4976.103369 1.115207146e-11 0 0 0 0 0 0 0 0 0 0 0 0 0 0 0 0 0 0 0 0 0 0 0 0 0 0 0 0 0 0 0 0 0 0 
0 0 0 0 0 0 0 0 0 0 0 0 0 0 0 0 0 0 0 0 0 0 0 0 0 0 0 0 0 0 0 0 0 1.085260432e-10 3.811558176e-10 0.7734950964 6922.019066 11630.74252 23501.67152 23969.33381 26880.8235 25378.3285 27178.72111 26531.14756 27406.5744 31754.66999 35298.31748 33752.45598 33927.09109 34883.37326 34117.1124 37913.58772 33797.32138 38229.59524 38587.18116 42038.58843 39062.34452 36680.73148 32378.72204 27072.84719 22636.1269 14013.03452 7329.860136 5171.564812 2083.453969 3.060365808e-10 0 0 0 0 0 0 0 0 0 0 0 0 0 0 0 0 0 0 0 0 0 0 0 0 0 0 0 0 0 0 0 0 0 0 
0 0 0 0 0 0 0 0 0 0 0 0 0 0 0 0 0 0 0 0 0 0 0 0 0 0 0 0 0 0 0 0 0 5.309494644e-11 2.457024005e-10 0.01003224069 11170.46493 22803.81936 24129.99776 25320.5691 24154.73384 26624.1672 27021.04767 23999.66991 28261.2287 30829.41154 37102.75637 33648.50058 33601.37479 38469.71294 38868.74424 38193.28586 38403.42588 38716.06654 40676.77965 42533.67563 41276.75408 37174.48111 30829.98765 28757.57192 19745.94643 14878.77281 6423.072327 5394.663512 2080.271543 2.090736427e-10 0 0 0 0 0 0 0 0 0 0 0 0 0 0 0 0 0 0 0 0 0 0 0 0 0 0 0 0 0 0 0 0 0 0 
0 0 0 0 0 0 0 0 0 0 0 0 0 0 0 0 0 0 0 0 0 0 0 0 0 0 0 0 0 0 0 0 0 2.367940735e-10 6.834827878e-10 1.490169975e-09 8338.999245 19017.0703 26455.48226 23439.5263 23576.83158 27781.31537 27025.03791 29307.27987 26522.10817 33825.45322 36540.32479 32708.31116 36430.32542 40663.14655 36355.94787 35578.69805 38871.34511 38907.57809 39722.52392 44232.27357 41652.68007 38463.11683 34941.77217 30218.09189 23273.65221 10539.19485 4244.004034 8279.58008 523.8357284 2.575395744e-10 0 0 0 0 0 0 0 0 0 0 0 0 0 0 0 0 0 0 0 0 0 0 0 0 0 0 0 0 0 0 0 0 0 0 
0 0 0 0 0 0 0 0 0 0 0 0 0 0 0 0 0 0 0 0 0 0 0 0 0 0 0 0 0 0 0 0 0 5.08100138e-11 5.782864468e-10 0.01078856444 11331.007 20826.68004 23756.86136 25822.15532 25633.15711 24532.08351 29863.4647 27017.9812 27655.72452 32578.62192 37630.72138 35906.07515 37652.75341 36380.9899 38180.87506 42497.48766 36134.26841 39675.50495 43860.84706 44369.2775 39619.30051 38002.78347 31361.31261 26772.66842 20219.54932 12341.63218 5946.307209 5825.614845 0.0001103249108 2.792365878e-10 0 0 0 0 0 0 0 0 0 0 0 0 0 0 0 0 0 0 0 0 0 0 0 0 0 0 0 0 0 0 0 0 0 0 
0 0 0 0 0 0 0 0 0 0 0 0 0 0 0 0 0 0 0 0 0 0 0 0 0 0 0 0 0 0 0 0 0 1.228775875e-10 4.950803345e-10 1.01815827e-09 11516.02061 18193.34314 25663.90204 27526.53615 27568.70794 25846.56673 27539.43911 22763.1257 29351.92977 33449.03299 35786.00456 31350.69734 35743.68054 37090.64412 39060.36818 34737.12554 38806.81186 40883.4873 44518.32473 43474.35932 40803.10364 35398.25221 32821.94263 29199.26087 23816.45319 16941.09516 5661.87988 5609.11172 3796.464195 1.230667517e-10 0 0 0 0 0 0 0 0 0 0 0 0 0 0 0 0 0 0 0 0 0 0 0 0 0 0 0 0 0 0 0 0 0 0 
0 0 0 0 0 0 0 0 0 0 0 0 0 0 0 0 0 0 0 0 0 0 0 0 0 0 0 0 0 0 0 0 0 1.526570657e-10 5.884895712e-10 9.818587777e-10 11733.18693 16406.96695 26055.62982 22092.97162 28207.20907 24281.10269 24924.76684 31044.43852 30264.27103 34359.81308 37332.37488 34232.31369 36829.94904 38678.91492 41878.95673 39290.08473 35881.02037 41828.75945 43085.96785 42778.28242 39152.08967 34626.12025 31609.2587 27281.52001 24042.9993 13176.1273 4735.957904 5103.932071 3532.209688 1.602041245e-10 0 0 0 0 0 0 0 0 0 0 0 0 0 0 0 0 0 0 0 0 0 0 0 0 0 0 0 0 0 0 0 0 0 0 
0 0 0 0 0 0 0 0 0 0 0 0 0 0 0 0 0 0 0 0 0 0 0 0 0 0 0 0 0 0 0 0 0 2.553421408e-10 6.016906616e-10 1.959460057e-09 9555.555465 22081.39982 23939.35224 26141.69226 26676.93587 25563.33619 27422.60051 29504.67096 29955.51284 33480.2769 37406.18213 35173.26091 37747.71291 38954.13855 44493.31772 39974.94176 38479.12966 42294.83829 45696.00217 46344.60024 43805.8914 38944.90301 36098.73618 30676.37303 21746.93891 15378.32516 7659.807954 5697.932902 4061.150329 1.56355758e-10 0 0 0 0 0 0 0 0 0 0 0 0 0 0 0 0 0 0 0 0 0 0 0 0 0 0 0 0 0 0 0 0 0 0 
0 0 0 0 0 0 0 0 0 0 0 0 0 0 0 0 0 0 0 0 0 0 0 0 0 0 0 0 0 0 0 0 0 2.308323743e-10 5.265572598e-10 1.963460617e-09 13080.10193 23193.14365 24076.63213 26349.8625 25940.92063 30785.29205 29011.9344 30255.9569 33474.52581 37333.67625 39606.05698 38555.65356 37906.06429 43387.11617 44316.06836 41231.53169 38945.66024 43532.93316 44676.78085 47162.64217 44346.21359 39013.17257 33342.14583 24037.98469 23577.76939 15040.55423 5496.225574 8450.121629 2577.673529 1.847806027e-10 0 0 0 0 0 0 0 0 0 0 0 0 0 0 0 0 0 0 0 0 0 0 0 0 0 0 0 0 0 0 0 0 0 0 
0 0 0 0 0 0 0 0 0 0 0 0 0 0 0 0 0 0 0 0 0 0 0 0 0 0 0 0 0 0 0 0 0 1.385823645e-10 7.671187426e-10 9.813369667e-10 11273.66476 23676.45565 25722.62414 26663.73606 25806.52789 29662.21441 30959.8634 29284.9811 29641.15098 37002.85142 40645.462 37063.43118 37032.81394 39517.34889 43264.21115 43470.98771 41821.82726 44068.28695 41983.51222 46770.57959 46492.98013 36514.93757 32641.15763 30547.32204 26443.4772 13456.03229 5027.712913 3762.996518 2532.348292 1.409216146e-10 0 0 0 0 0 0 0 0 0 0 0 0 0 0 0 0 0 0 0 0 0 0 0 0 0 0 0 0 0 0 0 0 0 0 
0 0 0 0 0 0 0 0 0 0 0 0 0 0 0 0 0 0 0 0 0 0 0 0 0 0 0 0 0 0 0 0 0 1.272082608e-10 5.126741743e-10 1.809403098e-09 7163.251615 20381.99026 25110.83471 25427.53242 30124.36428 29867.46891 31247.54867 25547.30639 31631.09388 33884.73555 35286.53897 37633.60117 38284.46165 41264.55732 40639.41743 40408.69696 40039.54267 44066.65709 44766.08089 49666.79778 45583.37133 40094.49521 33448.83736 30963.40837 21834.85114 13653.42091 6820.670098 6665.966752 2251.263891 6.136787325e-10 0 0 0 0 0 0 0 0 0 0 0 0 0 0 0 0 0 0 0 0 0 0 0 0 0 0 0 0 0 0 0 0 0 0 
0 0 0 0 0 0 0 0 0 0 0 0 0 0 0 0 0 0 0 0 0 0 0 0 0 0 0 0 0 0 0 0 0 1.016752932e-10 3.752919926e-10 1.291084212e-09 11050.33382 21157.13864 27700.35645 24146.81133 25530.26986 28561.30221 26543.12586 28658.78117 29256.81409 31928.02608 39710.38501 35617.56153 33465.65017 38658.04855 42119.26448 37264.4932 37403.99674 43117.76756 45774.34708 46740.76294 46051.88039 35692.9852 31889.43539 28014.64495 24253.64102 15717.51881 6712.713861 7859.008246 5113.541934 3.083821144e-10 0 0 0 0 0 0 0 0 0 0 0 0 0 0 0 0 0 0 0 0 0 0 0 0 0 0 0 0 0 0 0 0 0 0 
0 0 0 0 0 0 0 0 0 0 0 0 0 0 0 0 0 0 0 0 0 0 0 0 0 0 0 0 0 0 0 0 0 7.354275499e-11 4.768231984e-10 1.605001328e-09 11985.84335 21223.48816 25900.58 23783.10282 23311.38121 20425.11309 26465.29119 27294.45468 28452.30458 31362.50016 36461.79253 31907.66319 36406.6171 37184.3913 39197.44182 36391.91587 38069.52981 39037.45266 43035.36741 45356.47673 40332.80848 35835.18735 33639.9084 24282.43697 19512.68247 17901.63158 5576.815243 5157.373286 3.24485549e-09 2.058464932e-10 0 0 0 0 0 0 0 0 0 0 0 0 0 0 0 0 0 0 0 0 0 0 0 0 0 0 0 0 0 0 0 0 0 0 
0 0 0 0 0 0 0 0 0 0 0 0 0 0 0 0 0 0 0 0 0 0 0 0 0 0 0 0 0 0 0 0 0 8.333561257e-11 5.949129993e-10 0.008121807617 9863.520673 18889.99618 25780.24044 25053.59725 24054.22554 27043.50107 23121.45347 27485.305 24330.65622 32977.9197 35538.90666 29761.37486 30111.09043 33772.66248 37570.66176 33474.43675 34882.23493 36716.56884 39809.14118 39932.3347 40555.40055 35285.7142 30293.73439 25937.76533 20863.68041 15651.90772 4258.529081 5990.946304 2.816316845e-10 2.703621918e-10 0 0 0 0 0 0 0 0 0 0 0 0 0 0 0 0 0 0 0 0 0 0 0 0 0 0 0 0 0 0 0 0 0 0 
0 0 0 0 0 0 0 0 0 0 0 0 0 0 0 0 0 0 0 0 0 0 0 0 0 0 0 0 0 0 0 0 0 6.230350234e-11 3.233465869e-10 1.513852603e-09 11136.97068 15859.68497 23893.05303 21196.26568 18756.83428 21690.90679 25697.73207 21956.26528 28226.91018 29606.31156 34445.89061 35337.50048 29201.29351 33475.47151 35729.2801 32004.36146 35155.82687 39184.74525 36556.80899 38098.46214 34248.20782 34244.21945 25897.36355 27009.54138 19912.79722 11616.01447 4803.9534 5526.864144 3567.586853 1.368406927e-10 0 0 0 0 0 0 0 0 0 0 0 0 0 0 0 0 0 0 0 0 0 0 0 0 0 0 0 0 0 0 0 0 0 0 
0 0 0 0 0 0 0 0 0 0 0 0 0 0 0 0 0 0 0 0 0 0 0 0 0 0 0 0 0 0 0 0 0 1.14968189e-10 1.146608945e-10 1.897971297 5645.132164 16876.10189 18074.36451 21736.32351 20640.50601 22744.67969 26312.19453 23292.59049 22303.18724 27992.18216 27909.88478 24158.25302 29484.80496 27665.51408 35983.00936 29869.89216 31166.61453 32819.80849 33312.05208 32708.56253 34578.79258 30576.77506 29590.60319 24489.27391 17964.20473 7910.199535 6622.412655 6095.543027 1201.075621 3.218197631e-11 0 0 0 0 0 0 0 0 0 0 0 0 0 0 0 0 0 0 0 0 0 0 0 0 0 0 0 0 0 0 0 0 0 0 
0 0 0 0 0 0 0 0 0 0 0 0 0 0 0 0 0 0 0 0 0 0 0 0 0 0 0 0 0 0 0 0 0 5.835106969e-11 5.006797157e-10 1.67733923e-10 7646.566866 13712.02573 16760.34534 18171.82445 18443.76922 22490.19617 19646.33724 20291.78082 18910.87318 24650.0403 27020.04685 30010.97811 24444.06201 28433.58342 31076.36018 30509.29017 30917.94562 33044.27865 30426.54243 32969.68074 31687.93704 29199.58326 23462.92785 19647.3246 17721.12145 13195.18223 6709.707785 1766.434397 6.492213001e-10 8.447043057e-12 0 0 0 0 0 0 0 0 0 0 0 0 0 0 0 0 0 0 0 0 0 0 0 0 0 0 0 0 0 0 0 0 0 0 
0 0 0 0 0 0 0 0 0 0 0 0 0 0 0 0 0 0 0 0 0 0 0 0 0 0 0 0 0 0 0 0 0 1.831350914e-10 2.712719655e-10 1.862720114e-09 6017.217095 12383.31718 17850.41491 16852.08815 16308.07485 18691.01885 20486.03044 18708.03044 19848.57238 21103.69099 23949.81086 20347.09622 24477.62962 24253.93674 24847.83947 21483.7878 27351.63036 30114.77489 30870.7604 29714.37202 30123.65738 25351.27074 23161.70097 19853.82795 17457.5402 6422.903628 2177.523436 5835.351959 3129.214749 3.13730727e-11 0 0 0 0 0 0 0 0 0 0 0 0 0 0 0 0 0 0 0 0 0 0 0 0 0 0 0 0 0 0 0 0 0 0 
0 0 0 0 0 0 0 0 0 0 0 0 0 0 0 0 0 0 0 0 0 0 0 0 0 0 0 0 0 0 0 0 0 6.032030664e-11 2.192320612e-10 7.537484235e-11 5789.489136 14603.90815 12170.95013 13048.27156 16771.76766 14762.69124 14991.62111 20117.31902 19371.97638 17530.91597 20028.14956 17937.31174 21975.64255 23239.18102 22654.09564 24735.58285 24094.77277 25635.16757 25920.67972 25270.88587 23762.08462 21552.91546 20496.5972 16015.43228 8922.019285 10805.83233 3556.219456 4610.800392 2058.01937 1.059486492e-12 0 0 0 0 0 0 0 0 0 0 0 0 0 0 0 0 0 0 0 0 0 0 0 0 0 0 0 0 0 0 0 0 0 0 
0 0 0 0 0 0 0 0 0 0 0 0 0 0 0 0 0 0 0 0 0 0 0 0 0 0 0 0 0 0 0 0 0 8.677960961e-11 0 5.389369217e-10 5005.017247 7760.869093 11120.62844 11323.24121 12172.77423 15459.74755 11588.63838 11576.22423 13108.37367 17395.77766 19065.54749 15114.16156 17219.2118 20111.27809 15288.86846 18248.45483 15264.31021 17094.80902 19744.81907 21366.03078 18197.00231 13636.42238 16720.46073 13892.58779 10592.28794 4167.985507 3214.66486 3870.424638 30.98391713 4.375585618e-12 0 0 0 0 0 0 0 0 0 0 0 0 0 0 0 0 0 0 0 0 0 0 0 0 0 0 0 0 0 0 0 0 0 0 
0 0 0 0 0 0 0 0 0 0 0 0 0 0 0 0 0 0 0 0 0 0 0 0 0 0 0 0 0 0 0 0 0 5.170972483e-11 2.802055708e-12 4.700405792e-08 3082.190609 4011.044771 9698.012346 3657.56955 6555.24841 7979.462109 7710.376702 10981.36107 11512.12895 11431.17973 15984.94694 12621.5486 11849.75623 12655.87169 14555.37529 14443.10788 12671.15147 11744.12643 13198.70911 16499.3478 16102.7853 11437.09571 12484.50189 11100.91659 5723.948169 3231.912367 458.1977378 102.3372123 5.870187999e-10 2.798660848e-11 0 0 0 0 0 0 0 0 0 0 0 0 0 0 0 0 0 0 0 0 0 0 0 0 0 0 0 0 0 0 0 0 0 0 
0 0 0 0 0 0 0 0 0 0 0 0 0 0 0 0 0 0 0 0 0 0 0 0 0 0 0 0 0 0 0 0 0 1.626763364e-10 5.317891251e-12 9.081030785e-09 2793.114292 5670.377545 2027.852736 6164.723275 8327.656975 7828.851425 8285.527242 8284.138179 8033.745244 11414.99377 8285.336976 5284.194201 8931.096098 8761.348618 8847.76687 12500.87955 9254.716789 10839.61287 9238.371687 10483.53355 11344.83316 7266.396916 7138.400173 6547.817012 4356.488085 3958.456958 81.41953511 0.009181362993 2.033155261e-09 6.837066314e-13 0 0 0 0 0 0 0 0 0 0 0 0 0 0 0 0 0 0 0 0 0 0 0 0 0 0 0 0 0 0 0 0 0 0 
0 0 0 0 0 0 0 0 0 0 0 0 0 0 0 0 0 0 0 0 0 0 0 0 0 0 0 0 0 0 0 0 0 1.169902375e-15 1.485389058e-18 7.414040948e-12 3100.526462 3281.024023 1734.277369 3913.940374 905.9262639 2735.835537 1949.139427 2368.722723 2623.780925 4169.770678 4249.853415 4032.99346 4172.297679 4456.453365 5203.009881 4669.659718 4657.752984 5019.721429 3922.917086 5390.339667 4011.051677 4477.19624 3741.338699 2161.324889 3713.152111 1707.065367 7.908341591 871.2559571 2.213016713e-13 3.611838021e-25 0 0 0 0 0 0 0 0 0 0 0 0 0 0 0 0 0 0 0 0 0 0 0 0 0 0 0 0 0 0 0 0 0 0 
0 0 0 0 0 0 0 0 0 0 0 0 0 0 0 0 0 0 0 0 0 0 0 0 0 0 0 0 0 0 0 0 0 2.953577541e-13 7.198343212e-17 3.102593828e-05 9.781470156e-11 572.6860914 628.1648408 30.92544903 9.590520049 21.99283641 1041.167196 1304.209424 14.93605873 891.6319303 590.4056095 397.855778 1490.672276 281.2957925 389.4285288 96.10021015 5.600578524 559.5245296 331.8633963 583.4783753 746.1447729 234.9265133 768.1502647 1527.143443 131.3308924 0.4667239269 1428.539186 16.43260885 2.587954454e-16 0 0 0 0 0 0 0 0 0 0 0 0 0 0 0 0 0 0 0 0 0 0 0 0 0 0 0 0 0 0 0 0 0 0 0 
0 0 0 0 0 0 0 0 0 0 0 0 0 0 0 0 0 0 0 0 0 0 0 0 0 0 0 0 0 0 0 0 0 0 1.693769537e-17 1.058979982e-19 2.226285574e-11 0.0003690756933 0.0053727749 0.006630842859 1.659264279 0.0001187133215 3.98310281e-05 0.0001457661997 0.7557047861 0.0007728552102 0.0002499115711 0.3274985074 0.001020497946 0.830838093 2.62685265e-05 0.4376608154 0.003797233324 0.1009675901 0.876811385 0.1307169291 0.01118172821 0.5593919852 0.1922175865 6.8895318e-05 1.516221345e-07 0.0003023323148 3.79817686e-11 1.919522869e-19 4.324660833e-18 0 0 0 0 0 0 0 0 0 0 0 0 0 0 0 0 0 0 0 0 0 0 0 0 0 0 0 0 0 0 0 0 0 0 0 
0 0 0 0 0 0 0 0 0 0 0 0 0 0 0 0 0 0 0 0 0 0 0 0 0 0 0 0 0 0 0 0 0 0 0 0 0 2.132750757e-24 0 1.448096351e-14 6.873110558e-11 1.620749698e-09 5.147990478e-10 0 0 1.2828313e-09 1.596316114e-14 2.796921465e-12 6.986689264e-10 2.987616429e-10 4.367788724e-10 2.994939451e-09 7.688500941e-10 1.002649791e-10 4.344121964e-10 0 1.92155061e-12 6.896725239e-10 6.065312601e-13 1.067817306e-17 1.41136946e-15 2.592787907e-15 6.97111007e-25 1.610986577e-13 0 0 0 0 0 0 0 0 0 0 0 0 0 0 0 0 0 0 0 0 0 0 0 0 0 0 0 0 0 0 0 0 0 0 0 0 
0 0 0 0 0 0 0 0 0 0 0 0 0 0 0 0 0 0 0 0 0 0 0 0 0 0 0 0 0 0 0 0 0 0 0 0 0 0 0 0 0 0 0 0 0 0 0 0 0 0 0 0 0 0 0 0 0 0 0 0 0 0 0 0 0 0 0 0 0 0 0 0 0 0 0 0 0 0 0 0 0 0 0 0 0 0 0 0 0 0 0 0 0 0 0 0 0 0 0 0 
0 0 0 0 0 0 0 0 0 0 0 0 0 0 0 0 0 0 0 0 0 0 0 0 0 0 0 0 0 0 0 0 0 0 0 0 0 0 0 0 0 0 0 0 0 0 0 0 0 0 0 0 0 0 0 0 0 0 0 0 0 0 0 0 0 0 0 0 0 0 0 0 0 0 0 0 0 0 0 0 0 0 0 0 0 0 0 0 0 0 0 0 0 0 0 0 0 0 0 0 
0 0 0 0 0 0 0 0 0 0 0 0 0 0 0 0 0 0 0 0 0 0 0 0 0 0 0 0 0 0 0 0 0 0 0 0 0 0 0 0 0 0 0 0 0 0 0 0 0 0 0 0 0 0 0 0 0 0 0 0 0 0 0 0 0 0 0 0 0 0 0 0 0 0 0 0 0 0 0 0 0 0 0 0 0 0 0 0 0 0 0 0 0 0 0 0 0 0 0 0 
0 0 0 0 0 0 0 0 0 0 0 0 0 0 0 0 0 0 0 0 0 0 0 0 0 0 0 0 0 0 0 0 0 0 0 0 0 0 0 0 0 0 0 0 0 0 0 0 0 0 0 0 0 0 0 0 0 0 0 0 0 0 0 0 0 0 0 0 0 0 0 0 0 0 0 0 0 0 0 0 0 0 0 0 0 0 0 0 0 0 0 0 0 0 0 0 0 0 0 0 
0 0 0 0 0 0 0 0 0 0 0 0 0 0 0 0 0 0 0 0 0 0 0 0 0 0 0 0 0 0 0 0 0 0 0 0 0 0 0 0 0 0 0 0 0 0 0 0 0 0 0 0 0 0 0 0 0 0 0 0 0 0 0 0 0 0 0 0 0 0 0 0 0 0 0 0 0 0 0 0 0 0 0 0 0 0 0 0 0 0 0 0 0 0 0 0 0 0 0 0 
0 0 0 0 0 0 0 0 0 0 0 0 0 0 0 0 0 0 0 0 0 0 0 0 0 0 0 0 0 0 0 0 0 0 0 0 0 0 0 0 0 0 0 0 0 0 0 0 0 0 0 0 0 0 0 0 0 0 0 0 0 0 0 0 0 0 0 0 0 0 0 0 0 0 0 0 0 0 0 0 0 0 0 0 0 0 0 0 0 0 0 0 0 0 0 0 0 0 0 0 
0 0 0 0 0 0 0 0 0 0 0 0 0 0 0 0 0 0 0 0 0 0 0 0 0 0 0 0 0 0 0 0 0 0 0 0 0 0 0 0 0 0 0 0 0 0 0 0 0 0 0 0 0 0 0 0 0 0 0 0 0 0 0 0 0 0 0 0 0 0 0 0 0 0 0 0 0 0 0 0 0 0 0 0 0 0 0 0 0 0 0 0 0 0 0 0 0 0 0 0 
0 0 0 0 0 0 0 0 0 0 0 0 0 0 0 0 0 0 0 0 0 0 0 0 0 0 0 0 0 0 0 0 0 0 0 0 0 0 0 0 0 0 0 0 0 0 0 0 0 0 0 0 0 0 0 0 0 0 0 0 0 0 0 0 0 0 0 0 0 0 0 0 0 0 0 0 0 0 0 0 0 0 0 0 0 0 0 0 0 0 0 0 0 0 0 0 0 0 0 0 
0 0 0 0 0 0 0 0 0 0 0 0 0 0 0 0 0 0 0 0 0 0 0 0 0 0 0 0 0 0 0 0 0 0 0 0 0 0 0 0 0 0 0 0 0 0 0 0 0 0 0 0 0 0 0 0 0 0 0 0 0 0 0 0 0 0 0 0 0 0 0 0 0 0 0 0 0 0 0 0 0 0 0 0 0 0 0 0 0 0 0 0 0 0 0 0 0 0 0 0 
0 0 0 0 0 0 0 0 0 0 0 0 0 0 0 0 0 0 0 0 0 0 0 0 0 0 0 0 0 0 0 0 0 0 0 0 0 0 0 0 0 0 0 0 0 0 0 0 0 0 0 0 0 0 0 0 0 0 0 0 0 0 0 0 0 0 0 0 0 0 0 0 0 0 0 0 0 0 0 0 0 0 0 0 0 0 0 0 0 0 0 0 0 0 0 0 0 0 0 0 
0 0 0 0 0 0 0 0 0 0 0 0 0 0 0 0 0 0 0 0 0 0 0 0 0 0 0 0 0 0 0 0 0 0 0 0 0 0 0 0 0 0 0 0 0 0 0 0 0 0 0 0 0 0 0 0 0 0 0 0 0 0 0 0 0 0 0 0 0 0 0 0 0 0 0 0 0 0 0 0 0 0 0 0 0 0 0 0 0 0 0 0 0 0 0 0 0 0 0 0 
0 0 0 0 0 0 0 0 0 0 0 0 0 0 0 0 0 0 0 0 0 0 0 0 0 0 0 0 0 0 0 0 0 0 0 0 0 0 0 0 0 0 0 0 0 0 0 0 0 0 0 0 0 0 0 0 0 0 0 0 0 0 0 0 0 0 0 0 0 0 0 0 0 0 0 0 0 0 0 0 0 0 0 0 0 0 0 0 0 0 0 0 0 0 0 0 0 0 0 0 
0 0 0 0 0 0 0 0 0 0 0 0 0 0 0 0 0 0 0 0 0 0 0 0 0 0 0 0 0 0 0 0 0 0 0 0 0 0 0 0 0 0 0 0 0 0 0 0 0 0 0 0 0 0 0 0 0 0 0 0 0 0 0 0 0 0 0 0 0 0 0 0 0 0 0 0 0 0 0 0 0 0 0 0 0 0 0 0 0 0 0 0 0 0 0 0 0 0 0 0 
0 0 0 0 0 0 0 0 0 0 0 0 0 0 0 0 0 0 0 0 0 0 0 0 0 0 0 0 0 0 0 0 0 0 0 0 0 0 0 0 0 0 0 0 0 0 0 0 0 0 0 0 0 0 0 0 0 0 0 0 0 0 0 0 0 0 0 0 0 0 0 0 0 0 0 0 0 0 0 0 0 0 0 0 0 0 0 0 0 0 0 0 0 0 0 0 0 0 0 0 
0 0 0 0 0 0 0 0 0 0 0 0 0 0 0 0 0 0 0 0 0 0 0 0 0 0 0 0 0 0 0 0 0 0 0 0 0 0 0 0 0 0 0 0 0 0 0 0 0 0 0 0 0 0 0 0 0 0 0 0 0 0 0 0 0 0 0 0 0 0 0 0 0 0 0 0 0 0 0 0 0 0 0 0 0 0 0 0 0 0 0 0 0 0 0 0 0 0 0 0 
0 0 0 0 0 0 0 0 0 0 0 0 0 0 0 0 0 0 0 0 0 0 0 0 0 0 0 0 0 0 0 0 0 0 0 0 0 0 0 0 0 0 0 0 0 0 0 0 0 0 0 0 0 0 0 0 0 0 0 0 0 0 0 0 0 0 0 0 0 0 0 0 0 0 0 0 0 0 0 0 0 0 0 0 0 0 0 0 0 0 0 0 0 0 0 0 0 0 0 0 
0 0 0 0 0 0 0 0 0 0 0 0 0 0 0 0 0 0 0 0 0 0 0 0 0 0 0 0 0 0 0 0 0 0 0 0 0 0 0 0 0 0 0 0 0 0 0 0 0 0 0 0 0 0 0 0 0 0 0 0 0 0 0 0 0 0 0 0 0 0 0 0 0 0 0 0 0 0 0 0 0 0 0 0 0 0 0 0 0 0 0 0 0 0 0 0 0 0 0 0 
0 0 0 0 0 0 0 0 0 0 0 0 0 0 0 0 0 0 0 0 0 0 0 0 0 0 0 0 0 0 0 0 0 0 0 0 0 0 0 0 0 0 0 0 0 0 0 0 0 0 0 0 0 0 0 0 0 0 0 0 0 0 0 0 0 0 0 0 0 0 0 0 0 0 0 0 0 0 0 0 0 0 0 0 0 0 0 0 0 0 0 0 0 0 0 0 0 0 0 0 
0 0 0 0 0 0 0 0 0 0 0 0 0 0 0 0 0 0 0 0 0 0 0 0 0 0 0 0 0 0 0 0 0 0 0 0 0 0 0 0 0 0 0 0 0 0 0 0 0 0 0 0 0 0 0 0 0 0 0 0 0 0 0 0 0 0 0 0 0 0 0 0 0 0 0 0 0 0 0 0 0 0 0 0 0 0 0 0 0 0 0 0 0 0 0 0 0 0 0 0 
0 0 0 0 0 0 0 0 0 0 0 0 0 0 0 0 0 0 0 0 0 0 0 0 0 0 0 0 0 0 0 0 0 0 0 0 0 0 0 0 0 0 0 0 0 0 0 0 0 0 0 0 0 0 0 0 0 0 0 0 0 0 0 0 0 0 0 0 0 0 0 0 0 0 0 0 0 0 0 0 0 0 0 0 0 0 0 0 0 0 0 0 0 0 0 0 0 0 0 0 
0 0 0 0 0 0 0 0 0 0 0 0 0 0 0 0 0 0 0 0 0 0 0 0 0 0 0 0 0 0 0 0 0 0 0 0 0 0 0 0 0 0 0 0 0 0 0 0 0 0 0 0 0 0 0 0 0 0 0 0 0 0 0 0 0 0 0 0 0 0 0 0 0 0 0 0 0 0 0 0 0 0 0 0 0 0 0 0 0 0 0 0 0 0 0 0 0 0 0 0 
0 0 0 0 0 0 0 0 0 0 0 0 0 0 0 0 0 0 0 0 0 0 0 0 0 0 0 0 0 0 0 0 0 0 0 0 0 0 0 0 0 0 0 0 0 0 0 0 0 0 0 0 0 0 0 0 0 0 0 0 0 0 0 0 0 0 0 0 0 0 0 0 0 0 0 0 0 0 0 0 0 0 0 0 0 0 0 0 0 0 0 0 0 0 0 0 0 0 0 0 
0 0 0 0 0 0 0 0 0 0 0 0 0 0 0 0 0 0 0 0 0 0 0 0 0 0 0 0 0 0 0 0 0 0 0 0 0 0 0 0 0 0 0 0 0 0 0 0 0 0 0 0 0 0 0 0 0 0 0 0 0 0 0 0 0 0 0 0 0 0 0 0 0 0 0 0 0 0 0 0 0 0 0 0 0 0 0 0 0 0 0 0 0 0 0 0 0 0 0 0 
0 0 0 0 0 0 0 0 0 0 0 0 0 0 0 0 0 0 0 0 0 0 0 0 0 0 0 0 0 0 0 0 0 0 0 0 0 0 0 0 0 0 0 0 0 0 0 0 0 0 0 0 0 0 0 0 0 0 0 0 0 0 0 0 0 0 0 0 0 0 0 0 0 0 0 0 0 0 0 0 0 0 0 0 0 0 0 0 0 0 0 0 0 0 0 0 0 0 0 0 
# Events [kim/kristine.dat] N:
0 0 0 0 0 0 0 0 0 0 0 0 0 0 0 0 0 0 0 0 0 0 0 0 0 0 0 0 0 0 0 0 0 0 0 0 0 0 0 0 0 0 0 0 0 0 0 0 0 0 0 0 0 0 0 0 0 0 0 0 0 0 0 0 0 0 0 0 0 0 0 0 0 0 0 0 0 0 0 0 0 0 0 0 0 0 0 0 0 0 0 0 0 0 0 0 0 0 0 0 
0 0 0 0 0 0 0 0 0 0 0 0 0 0 0 0 0 0 0 0 0 0 0 0 0 0 0 0 0 0 0 0 0 0 0 0 0 0 0 0 0 0 0 0 0 0 0 0 0 0 0 0 0 0 0 0 0 0 0 0 0 0 0 0 0 0 0 0 0 0 0 0 0 0 0 0 0 0 0 0 0 0 0 0 0 0 0 0 0 0 0 0 0 0 0 0 0 0 0 0 
0 0 0 0 0 0 0 0 0 0 0 0 0 0 0 0 0 0 0 0 0 0 0 0 0 0 0 0 0 0 0 0 0 0 0 0 0 0 0 0 0 0 0 0 0 0 0 0 0 0 0 0 0 0 0 0 0 0 0 0 0 0 0 0 0 0 0 0 0 0 0 0 0 0 0 0 0 0 0 0 0 0 0 0 0 0 0 0 0 0 0 0 0 0 0 0 0 0 0 0 
0 0 0 0 0 0 0 0 0 0 0 0 0 0 0 0 0 0 0 0 0 0 0 0 0 0 0 0 0 0 0 0 0 0 0 0 0 0 0 0 0 0 0 0 0 0 0 0 0 0 0 0 0 0 0 0 0 0 0 0 0 0 0 0 0 0 0 0 0 0 0 0 0 0 0 0 0 0 0 0 0 0 0 0 0 0 0 0 0 0 0 0 0 0 0 0 0 0 0 0 
0 0 0 0 0 0 0 0 0 0 0 0 0 0 0 0 0 0 0 0 0 0 0 0 0 0 0 0 0 0 0 0 0 0 0 0 0 0 0 0 0 0 0 0 0 0 0 0 0 0 0 0 0 0 0 0 0 0 0 0 0 0 0 0 0 0 0 0 0 0 0 0 0 0 0 0 0 0 0 0 0 0 0 0 0 0 0 0 0 0 0 0 0 0 0 0 0 0 0 0 
0 0 0 0 0 0 0 0 0 0 0 0 0 0 0 0 0 0 0 0 0 0 0 0 0 0 0 0 0 0 0 0 0 0 0 0 0 0 0 0 0 0 0 0 0 0 0 0 0 0 0 0 0 0 0 0 0 0 0 0 0 0 0 0 0 0 0 0 0 0 0 0 0 0 0 0 0 0 0 0 0 0 0 0 0 0 0 0 0 0 0 0 0 0 0 0 0 0 0 0 
0 0 0 0 0 0 0 0 0 0 0 0 0 0 0 0 0 0 0 0 0 0 0 0 0 0 0 0 0 0 0 0 0 0 0 0 0 0 0 0 0 0 0 0 0 0 0 0 0 0 0 0 0 0 0 0 0 0 0 0 0 0 0 0 0 0 0 0 0 0 0 0 0 0 0 0 0 0 0 0 0 0 0 0 0 0 0 0 0 0 0 0 0 0 0 0 0 0 0 0 
0 0 0 0 0 0 0 0 0 0 0 0 0 0 0 0 0 0 0 0 0 0 0 0 0 0 0 0 0 0 0 0 0 0 0 0 0 0 0 0 0 0 0 0 0 0 0 0 0 0 0 0 0 0 0 0 0 0 0 0 0 0 0 0 0 0 0 0 0 0 0 0 0 0 0 0 0 0 0 0 0 0 0 0 0 0 0 0 0 0 0 0 0 0 0 0 0 0 0 0 
0 0 0 0 0 0 0 0 0 0 0 0 0 0 0 0 0 0 0 0 0 0 0 0 0 0 0 0 0 0 0 0 0 0 0 0 0 0 0 0 0 0 0 0 0 0 0 0 0 0 0 0 0 0 0 0 0 0 0 0 0 0 0 0 0 0 0 0 0 0 0 0 0 0 0 0 0 0 0 0 0 0 0 0 0 0 0 0 0 0 0 0 0 0 0 0 0 0 0 0 
0 0 0 0 0 0 0 0 0 0 0 0 0 0 0 0 0 0 0 0 0 0 0 0 0 0 0 0 0 0 0 0 0 0 0 0 0 0 0 0 0 0 0 0 0 0 0 0 0 0 0 0 0 0 0 0 0 0 0 0 0 0 0 0 0 0 0 0 0 0 0 0 0 0 0 0 0 0 0 0 0 0 0 0 0 0 0 0 0 0 0 0 0 0 0 0 0 0 0 0 
0 0 0 0 0 0 0 0 0 0 0 0 0 0 0 0 0 0 0 0 0 0 0 0 0 0 0 0 0 0 0 0 0 0 0 0 0 0 0 0 0 0 0 0 0 0 0 0 0 0 0 0 0 0 0 0 0 0 0 0 0 0 0 0 0 0 0 0 0 0 0 0 0 0 0 0 0 0 0 0 0 0 0 0 0 0 0 0 0 0 0 0 0 0 0 0 0 0 0 0 
0 0 0 0 0 0 0 0 0 0 0 0 0 0 0 0 0 0 0 0 0 0 0 0 0 0 0 0 0 0 0 0 0 0 0 0 0 0 0 0 0 0 0 0 0 0 0 0 0 0 0 0 0 0 0 0 0 0 0 0 0 0 0 0 0 0 0 0 0 0 0 0 0 0 0 0 0 0 0 0 0 0 0 0 0 0 0 0 0 0 0 0 0 0 0 0 0 0 0 0 
0 0 0 0 0 0 0 0 0 0 0 0 0 0 0 0 0 0 0 0 0 0 0 0 0 0 0 0 0 0 0 0 0 0 0 0 0 0 0 0 0 0 0 0 0 0 0 0 0 0 0 0 0 0 0 0 0 0 0 0 0 0 0 0 0 0 0 0 0 0 0 0 0 0 0 0 0 0 0 0 0 0 0 0 0 0 0 0 0 0 0 0 0 0 0 0 0 0 0 0 
0 0 0 0 0 0 0 0 0 0 0 0 0 0 0 0 0 0 0 0 0 0 0 0 0 0 0 0 0 0 0 0 0 0 0 0 0 0 0 0 0 0 0 0 0 0 0 0 0 0 0 0 0 0 0 0 0 0 0 0 0 0 0 0 0 0 0 0 0 0 0 0 0 0 0 0 0 0 0 0 0 0 0 0 0 0 0 0 0 0 0 0 0 0 0 0 0 0 0 0 
0 0 0 0 0 0 0 0 0 0 0 0 0 0 0 0 0 0 0 0 0 0 0 0 0 0 0 0 0 0 0 0 0 0 0 0 0 0 0 0 0 0 0 0 0 0 0 0 0 0 0 0 0 0 0 0 0 0 0 0 0 0 0 0 0 0 0 0 0 0 0 0 0 0 0 0 0 0 0 0 0 0 0 0 0 0 0 0 0 0 0 0 0 0 0 0 0 0 0 0 
0 0 0 0 0 0 0 0 0 0 0 0 0 0 0 0 0 0 0 0 0 0 0 0 0 0 0 0 0 0 0 0 0 0 0 0 0 0 0 0 0 0 0 0 0 0 0 0 0 0 0 0 0 0 0 0 0 0 0 0 0 0 0 0 0 0 0 0 0 0 0 0 0 0 0 0 0 0 0 0 0 0 0 0 0 0 0 0 0 0 0 0 0 0 0 0 0 0 0 0 
0 0 0 0 0 0 0 0 0 0 0 0 0 0 0 0 0 0 0 0 0 0 0 0 0 0 0 0 0 0 0 0 0 0 0 0 0 0 0 0 0 0 0 0 0 0 0 0 0 0 0 0 0 0 0 0 0 0 0 0 0 0 0 0 0 0 0 0 0 0 0 0 0 0 0 0 0 0 0 0 0 0 0 0 0 0 0 0 0 0 0 0 0 0 0 0 0 0 0 0 
0 0 0 0 0 0 0 0 0 0 0 0 0 0 0 0 0 0 0 0 0 0 0 0 0 0 0 0 0 0 0 0 0 0 0 0 0 0 0 0 0 0 0 0 0 0 0 0 0 0 0 0 0 0 0 0 0 0 0 0 0 0 0 0 0 0 0 0 0 0 0 0 0 0 0 0 0 0 0 0 0 0 0 0 0 0 0 0 0 0 0 0 0 0 0 0 0 0 0 0 
0 0 0 0 0 0 0 0 0 0 0 0 0 0 0 0 0 0 0 0 0 0 0 0 0 0 0 0 0 0 0 0 0 0 0 0 0 0 0 0 0 0 0 0 0 0 0 0 0 0 0 0 0 0 0 0 0 0 0 0 0 0 0 0 0 0 0 0 0 0 0 0 0 0 0 0 0 0 0 0 0 0 0 0 0 0 0 0 0 0 0 0 0 0 0 0 0 0 0 0 
0 0 0 0 0 0 0 0 0 0 0 0 0 0 0 0 0 0 0 0 0 0 0 0 0 0 0 0 0 0 0 0 0 0 0 0 0 0 0 0 0 0 0 0 0 0 0 0 0 0 0 0 0 0 0 0 0 0 0 0 0 0 0 0 0 0 0 0 0 0 0 0 0 0 0 0 0 0 0 0 0 0 0 0 0 0 0 0 0 0 0 0 0 0 0 0 0 0 0 0 
0 0 0 0 0 0 0 0 0 0 0 0 0 0 0 0 0 0 0 0 0 0 0 0 0 0 0 0 0 0 0 0 0 0 0 0 0 0 0 0 0 0 0 0 0 0 0 0 0 0 0 0 0 0 0 0 0 0 0 0 0 0 0 0 0 0 0 0 0 0 0 0 0 0 0 0 0 0 0 0 0 0 0 0 0 0 0 0 0 0 0 0 0 0 0 0 0 0 0 0 
0 0 0 0 0 0 0 0 0 0 0 0 0 0 0 0 0 0 0 0 0 0 0 0 0 0 0 0 0 0 0 0 0 0 0 0 0 0 0 0 0 0 0 0 0 0 0 0 0 0 0 0 0 0 0 0 0 0 0 0 0 0 0 0 0 0 0 0 0 0 0 0 0 0 0 0 0 0 0 0 0 0 0 0 0 0 0 0 0 0 0 0 0 0 0 0 0 0 0 0 
0 0 0 0 0 0 0 0 0 0 0 0 0 0 0 0 0 0 0 0 0 0 0 0 0 0 0 0 0 0 0 0 0 0 0 0 0 0 0 0 0 0 0 0 0 0 0 0 0 0 0 0 0 0 0 0 0 0 0 0 0 0 0 0 0 0 0 0 0 0 0 0 0 0 0 0 0 0 0 0 0 0 0 0 0 0 0 0 0 0 0 0 0 0 0 0 0 0 0 0 
0 0 0 0 0 0 0 0 0 0 0 0 0 0 0 0 0 0 0 0 0 0 0 0 0 0 0 0 0 0 0 0 0 0 0 0 0 0 0 0 0 0 0 0 0 0 0 0 0 0 0 0 0 0 0 0 0 0 0 0 0 0 0 0 0 0 0 0 0 0 0 0 0 0 0 0 0 0 0 0 0 0 0 0 0 0 0 0 0 0 0 0 0 0 0 0 0 0 0 0 
0 0 0 0 0 0 0 0 0 0 0 0 0 0 0 0 0 0 0 0 0 0 0 0 0 0 0 0 0 0 0 0 0 0 0 1 1 2 4 1 2 0 3 1 6 1 3 2 9 4 7 2 2 2 2 3 1 5 2 2 2 1 2 0 0 0 0 0 0 0 0 0 0 0 0 0 0 0 0 0 0 0 0 0 0 0 0 0 0 0 0 0 0 0 0 0 0 0 0 0 
0 0 0 0 0 0 0 0 0 0 0 0 0 0 0 0 0 0 0 0 0 0 0 0 0 0 0 0 0 0 0 0 0 2 0 2 4 1 8 10 12 12 12 11 5 14 17 29 16 14 22 24 18 18 19 21 14 17 13 6 3 4 5 5 0 1 0 0 0 0 0 0 0 0 0 0 0 0 0 0 0 0 0 0 0 0 0 0 0 0 0 0 0 0 0 0 0 0 0 0 
0 0 0 0 0 0 0 0 0 0 0 0 0 0 0 0 0 0 0 0 0 0 0 0 0 0 0 0 0 0 0 0 0 1 2 1 9 5 9 17 15 24 32 19 26 29 34 33 37 47 33 46 37 44 40 41 31 30 20 23 19 16 7 4 3 2 0 0 0 0 0 0 0 0 0 0 0 0 0 0 0 0 0 0 0 0 0 0 0 0 0 0 0 0 0 0 0 0 0 0 
0 0 0 0 0 0 0 0 0 0 0 0 0 0 0 0 0 0 0 0 0 0 0 0 0 0 0 0 0 0 0 0 0 2 1 7 4 12 14 21 26 30 29 30 47 42 62 77 45 58 54 63 59 60 52 49 46 43 39 28 21 20 11 9 5 0 0 0 0 0 0 0 0 0 0 0 0 0 0 0 0 0 0 0 0 0 0 0 0 0 0 0 0 0 0 0 0 0 0 0 
0 0 0 0 0 0 0 0 0 0 0 0 0 0 0 0 0 0 0 0 0 0 0 0 0 0 0 0 0 0 0 0 0 1 3 1 9 14 22 22 25 39 39 37 45 63 75 66 72 75 74 71 73 75 83 71 65 68 38 39 35 24 23 20 8 2 0 0 0 0 0 0 0 0 0 0 0 0 0 0 0 0 0 0 0 0 0 0 0 0 0 0 0 0 0 0 0 0 0 0 
0 0 0 0 0 0 0 0 0 0 0 0 0 0 0 0 0 0 0 0 0 0 0 0 0 0 0 0 0 0 0 0 0 2 3 8 7 21 21 32 37 44 49 43 70 67 80 95 97 94 94 92 107 108 105 82 76 68 45 55 28 22 23 15 7 2 0 0 0 0 0 0 0 0 0 0 0 0 0 0 0 0 0 0 0 0 0 0 0 0 0 0 0 0 0 0 0 0 0 0 
0 0 0 0 0 0 0 0 0 0 0 0 0 0 0 0 0 0 0 0 0 0 0 0 0 0 0 0 0 0 0 0 0 4 2 4 15 23 32 58 43 48 64 77 84 71 111 135 111 105 98 118 86 114 116 110 71 79 61 64 46 38 32 18 10 2 0 0 0 0 0 0 0 0 0 0 0 0 0 0 0 0 0 0 0 0 0 0 0 0 0 0 0 0 0 0 0 0 0 0 
0 0 0 0 0 0 0 0 0 0 0 0 0 0 0 0 0 0 0 0 0 0 0 0 0 0 0 0 0 0 0 0 0 2 3 6 18 34 30 43 57 74 56 94 99 95 142 124 133 145 137 167 150 155 136 118 101 97 77 78 50 44 33 24 11 3 0 0 0 0 0 0 0 0 0 0 0 0 0 0 0 0 0 0 0 0 0 0 0 0 0 0 0 0 0 0 0 0 0 0 
0 0 0 0 0 0 0 0 0 0 0 0 0 0 0 0 0 0 0 0 0 0 0 0 0 0 0 0 0 0 0 0 0 7 7 4 19 30 38 63 72 75 81 112 137 105 156 145 154 142 142 157 170 166 166 141 135 115 97 72 62 38 40 24 19 3 0 0 0 0 0 0 0 0 0 0 0 0 0 0 0 0 0 0 0 0 0 0 0 0 0 0 0 0 0 0 0 0 0 0 
0 0 0 0 0 0 0 0 0 0 0 0 0 0 0 0 0 0 0 0 0 0 0 0 0 0 0 0 0 0 0 0 0 2 8 5 21 28 38 55 73 84 102 114 124 143 184 183 181 164 196 186 211 207 186 137 156 106 101 77 70 62 42 21 11 5 0 0 0 0 0 0 0 0 0 0 0 0 0 0 0 0 0 0 0 0 0 0 0 0 0 0 0 0 0 0 0 0 0 0 
0 0 0 0 0 0 0 0 0 0 0 0 0 0 0 0 0 0 0 0 0 0 0 0 0 0 0 0 0 0 0 0 0 5 6 12 26 57 68 69 82 94 96 117 125 152 200 206 202 205 192 180 218 207 183 194 148 130 120 90 72 70 50 25 8 7 0 0 0 0 0 0 0 0 0 0 0 0 0 0 0 0 0 0 0 0 0 0 0 0 0 0 0 0 0 0 0 0 0 0 
0 0 0 0 0 0 0 0 0 0 0 0 0 0 0 0 0 0 0 0 0 0 0 0 0 0 0 0 0 0 0 0 0 3 7 7 19 49 64 65 92 100 109 140 174 150 217 229 233 220 206 217 226 222 231 206 167 146 127 109 100 67 64 38 23 7 0 0 0 0 0 0 0 0 0 0 0 0 0 0 0 0 0 0 0 0 0 0 0 0 0 0 0 0 0 0 0 0 0 0 
0 0 0 0 0 0 0 0 0 0 0 0 0 0 0 0 0 0 0 0 0 0 0 0 0 0 0 0 0 0 0 0 0 7 11 9 28 56 79 85 90 115 139 165 199 158 214 245 247 257 209 227 283 269 222 222 201 161 122 131 94 65 49 45 24 4 0 0 0 0 0 0 0 0 0 0 0 0 0 0 0 0 0 0 0 0 0 0 0 0 0 0 0 0 0 0 0 0 0 0 
0 0 0 0 0 0 0 0 0 0 0 0 0 0 0 0 0 0 0 0 0 0 0 0 0 0 0 0 0 0 0 0 0 8 11 13 31 41 79 94 111 128 150 174 188 195 246 258 266 243 256 227 269 288 266 230 216 177 169 135 109 68 61 42 17 12 0 0 0 0 0 0 0 0 0 0 0 0 0 0 0 0 0 0 0 0 0 0 0 0 0 0 0 0 0 0 0 0 0 0 
0 0 0 0 0 0 0 0 0 0 0 0 0 0 0 0 0 0 0 0 0 0 0 0 0 0 0 0 0 0 0 0 0 7 10 14 27 63 87 101 109 121 146 168 190 199 284 296 304 253 321 250 316 309 286 262 238 216 167 124 106 84 78 44 17 5 0 0 0 0 0 0 0 0 0 0 0 0 0 0 0 0 0 0 0 0 0 0 0 0 0 0 0 0 0 0 0 0 0 0 
0 0 0 0 0 0 0 0 0 0 0 0 0 0 0 0 0 0 0 0 0 0 0 0 0 0 0 0 0 0 0 0 0 14 17 9 35 60 73 109 143 138 168 184 234 229 297 271 309 304 319 302 351 333 306 263 225 215 161 146 120 75 82 50 23 3 0 0 0 0 0 0 0 0 0 0 0 0 0 0 0 0 0 0 0 0 0 0 0 0 0 0 0 0 0 0 0 0 0 0 
0 0 0 0 0 0 0 0 0 0 0 0 0 0 0 0 0 0 0 0 0 0 0 0 0 0 0 0 0 0 0 0 0 10 20 11 45 76 99 112 133 150 154 215 254 248 318 308 328 309 328 321 360 342 306 260 260 219 181 142 146 93 75 44 37 6 0 0 0 0 0 0 0 0 0 0 0 0 0 0 0 0 0 0 0 0 0 0 0 0 0 0 0 0 0 0 0 0 0 0 
0 0 0 0 0 0 0 0 0 0 0 0 0 0 0 0 0 0 0 0 0 0 0 0 0 0 0 0 0 0 0 0 0 9 15 19 35 73 104 136 129 166 181 227 242 253 325 339 354 353 332 347 369 345 351 309 250 223 212 165 112 115 77 49 28 13 0 0 0 0 0 0 0 0 0 0 0 0 0 0 0 0 0 0 0 0 0 0 0 0 0 0 0 0 0 0 0 0 0 0 
0 0 0 0 0 0 0 0 0 0 0 0 0 0 0 0 0 0 0 0 0 0 0 0 0 0 0 0 0 0 0 0 0 9 17 25 50 67 108 108 150 203 194 248 256 279 392 385 357 347 407 385 339 402 368 347 310 262 211 162 142 104 73 73 32 5 0 0 0 0 0 0 0 0 0 0 0 0 0 0 0 0 0 0 0 0 0 0 0 0 0 0 0 0 0 0 0 0 0 0 
0 0 0 0 0 0 0 0 0 0 0 0 0 0 0 0 0 0 0 0 0 0 0 0 0 0 0 0 0 0 0 0 0 13 18 19 45 73 120 125 157 178 196 206 276 269 360 359 369 382 346 373 354 401 368 342 259 246 193 172 155 115 79 61 27 6 0 0 0 0 0 0 0 0 0 0 0 0 0 0 0 0 0 0 0 0 0 0 0 0 0 0 0 0 0 0 0 0 0 0 
0 0 0 0 0 0 0 0 0 0 0 0 0 0 0 0 0 0 0 0 0 0 0 0 0 0 0 0 0 0 0 0 0 11 11 19 50 74 116 138 137 157 192 204 271 266 330 324 338 363 358 375 354 391 344 357 266 243 202 185 138 96 97 55 21 10 0 0 0 0 0 0 0 0 0 0 0 0 0 0 0 0 0 0 0 0 0 0 0 0 0 0 0 0 0 0 0 0 0 0 
0 0 0 0 0 0 0 0 0 0 0 0 0 0 0 0 0 0 0 0 0 0 0 0 0 0 0 0 0 0 0 0 0 9 13 27 35 55 110 131 132 182 198 199 275 244 319 379 326 365 336 361 362 397 368 295 275 253 204 181 155 121 86 54 22 9 0 0 0 0 0 0 0 0 0 0 0 0 0 0 0 0 0 0 0 0 0 0 0 0 0 0 0 0 0 0 0 0 0 0 
0 0 0 0 0 0 0 0 0 0 0 0 0 0 0 0 0 0 0 0 0 0 0 0 0 0 0 0 0 0 0 0 0 13 15 21 43 76 86 118 144 160 206 193 264 262 318 336 360 385 386 338 345 342 309 290 271 232 207 146 160 107 76 56 20 4 0 0 0 0 0 0 0 0 0 0 0 0 0 0 0 0 0 0 0 0 0 0 0 0 0 0 0 0 0 0 0 0 0 0 
0 0 0 0 0 0 0 0 0 0 0 0 0 0 0 0 0 0 0 0 0 0 0 0 0 0 0 0 0 0 0 0 0 16 10 12 27 71 110 94 140 157 177 200 246 295 359 325 361 319 346 351 352 363 329 303 265 256 178 164 165 139 85 58 22 4 0 0 0 0 0 0 0 0 0 0 0 0 0 0 0 0 0 0 0 0 0 0 0 0 0 0 0 0 0 0 0 0 0 0 
0 0 0 0 0 0 0 0 0 0 0 0 0 0 0 0 0 0 0 0 0 0 0 0 0 0 0 0 0 0 0 0 0 8 16 16 43 72 99 118 145 171 188 199 252 265 329 350 319 317 325 325 365 340 332 307 268 246 202 192 117 93 83 73 30 9 0 0 0 0 0 0 0 0 0 0 0 0 0 0 0 0 0 0 0 0 0 0 0 0 0 0 0 0 0 0 0 0 0 0 
0 0 0 0 0 0 0 0 0 0 0 0 0 0 0 0 0 0 0 0 0 0 0 0 0 0 0 0 0 0 0 0 0 8 12 21 34 79 97 136 141 169 201 204 240 262 342 337 324 318 349 373 366 360 340 313 267 240 192 147 137 112 84 58 26 9 0 0 0 0 0 0 0 0 0 0 0 0 0 0 0 0 0 0 0 0 0 0 0 0 0 0 0 0 0 0 0 0 0 0 
0 0 0 0 0 0 0 0 0 0 0 0 0 0 0 0 0 0 0 0 0 0 0 0 0 0 0 0 0 0 0 0 0 14 16 13 48 66 99 122 156 141 183 206 258 293 342 342 316 325 363 337 318 376 348 326 259 209 201 165 157 119 97 51 26 5 0 0 0 0 0 0 0 0 0 0 0 0 0 0 0 0 0 0 0 0 0 0 0 0 0 0 0 0 0 0 0 0 0 0 
0 0 0 0 0 0 0 0 0 0 0 0 0 0 0 0 0 0 0 0 0 0 0 0 0 0 0 0 0 0 0 0 0 10 14 15 39 45 101 139 171 192 191 202 252 256 327 343 342 365 369 370 364 352 303 301 271 256 211 188 138 98 79 46 24 8 0 0 0 0 0 0 0 0 0 0 0 0 0 0 0 0 0 0 0 0 0 0 0 0 0 0 0 0 0 0 0 0 0 0 
0 0 0 0 0 0 0 0 0 0 0 0 0 0 0 0 0 0 0 0 0 0 0 0 0 0 0 0 0 0 0 0 0 7 13 11 44 103 107 115 154 170 188 200 261 248 369 324 313 369 339 346 363 392 359 298 319 267 201 165 112 108 78 72 34 9 0 0 0 0 0 0 0 0 0 0 0 0 0 0 0 0 0 0 0 0 0 0 0 0 0 0 0 0 0 0 0 0 0 0 
0 0 0 0 0 0 0 0 0 0 0 0 0 0 0 0 0 0 0 0 0 0 0 0 0 0 0 0 0 0 0 0 0 13 15 22 33 71 105 124 153 177 205 213 270 259 347 315 345 377 332 315 342 366 332 325 273 251 230 197 134 107 88 56 41 5 0 0 0 0 0 0 0 0 0 0 0 0 0 0 0 0 0 0 0 0 0 0 0 0 0 0 0 0 0 0 0 0 0 0 
0 0 0 0 0 0 0 0 0 0 0 0 0 0 0 0 0 0 0 0 0 0 0 0 0 0 0 0 0 0 0 0 0 5 11 23 40 72 116 122 153 164 176 225 241 220 338 369 366 342 338 414 340 368 345 348 278 273 206 162 133 124 74 70 26 6 0 0 0 0 0 0 0 0 0 0 0 0 0 0 0 0 0 0 0 0 0 0 0 0 0 0 0 0 0 0 0 0 0 0 
0 0 0 0 0 0 0 0 0 0 0 0 0 0 0 0 0 0 0 0 0 0 0 0 0 0 0 0 0 0 0 0 0 9 14 16 47 62 95 130 167 181 178 195 259 292 363 347 341 323 339 342 378 345 365 297 253 239 206 179 156 124 72 64 22 8 0 0 0 0 0 0 0 0 0 0 0 0 0 0 0 0 0 0 0 0 0 0 0 0 0 0 0 0 0 0 0 0 0 0 
0 0 0 0 0 0 0 0 0 0 0 0 0 0 0 0 0 0 0 0 0 0 0 0 0 0 0 0 0 0 0 0 0 13 20 14 55 66 116 123 155 168 187 239 269 265 374 373 381 382 353 371 349 378 360 305 290 219 223 187 156 106 71 57 28 6 0 0 0 0 0 0 0 0 0 0 0 0 0 0 0 0 0 0 0 0 0 0 0 0 0 0 0 0 0 0 0 0 0 0 
0 0 0 0 0 0 0 0 0 0 0 0 0 0 0 0 0 0 0 0 0 0 0 0 0 0 0 0 0 0 0 0 0 12 17 20 43 72 100 141 156 146 184 225 289 283 354 407 358 319 387 369 338 398 364 351 281 247 229 199 143 114 87 60 40 7 0 0 0 0 0 0 0 0 0 0 0 0 0 0 0 0 0 0 0 0 0 0 0 0 0 0 0 0 0 0 0 0 0 0 
0 0 0 0 0 0 0 0 0 0 0 0 0 0 0 0 0 0 0 0 0 0 0 0 0 0 0 0 0 0 0 0 0 12 12 19 41 86 92 123 157 183 194 203 275 249 337 332 310 337 340 320 361 356 315 302 302 243 212 152 143 100 85 68 26 7 0 0 0 0 0 0 0 0 0 0 0 0 0 0 0 0 0 0 0 0 0 0 0 0 0 0 0 0 0 0 0 0 0 0 
0 0 0 0 0 0 0 0 0 0 0 0 0 0 0 0 0 0 0 0 0 0 0 0 0 0 0 0 0 0 0 0 0 3 16 20 34 69 91 104 132 160 156 179 224 232 314 319 320 301 314 348 353 346 300 282 267 216 168 153 142 98 93 45 31 6 0 0 0 0 0 0 0 0 0 0 0 0 0 0 0 0 0 0 0 0 0 0 0 0 0 0 0 0 0 0 0 0 0 0 
0 0 0 0 0 0 0 0 0 0 0 0 0 0 0 0 0 0 0 0 0 0 0 0 0 0 0 0 0 0 0 0 0 5 7 21 35 66 96 112 143 152 170 169 216 212 279 280 292 293 309 299 306 344 299 274 255 199 163 159 116 98 66 54 31 9 0 0 0 0 0 0 0 0 0 0 0 0 0 0 0 0 0 0 0 0 0 0 0 0 0 0 0 0 0 0 0 0 0 0 
0 0 0 0 0 0 0 0 0 0 0 0 0 0 0 0 0 0 0 0 0 0 0 0 0 0 0 0 0 0 0 0 0 9 11 13 31 56 98 100 101 146 141 173 238 196 305 293 260 286 294 273 278 301 272 247 250 181 169 137 135 107 58 51 25 5 0 0 0 0 0 0 0 0 0 0 0 0 0 0 0 0 0 0 0 0 0 0 0 0 0 0 0 0 0 0 0 0 0 0 
0 0 0 0 0 0 0 0 0 0 0 0 0 0 0 0 0 0 0 0 0 0 0 0 0 0 0 0 0 0 0 0 0 6 11 7 33 64 83 85 97 109 128 141 206 187 284 257 244 273 271 254 266 297 243 236 213 176 161 135 101 99 58 54 18 5 0 0 0 0 0 0 0 0 0 0 0 0 0 0 0 0 0 0 0 0 0 0 0 0 0 0 0 0 0 0 0 0 0 0 
0 0 0 0 0 0 0 0 0 0 0 0 0 0 0 0 0 0 0 0 0 0 0 0 0 0 0 0 0 0 0 0 0 6 10 13 33 39 84 94 114 137 124 151 177 192 251 233 233 230 228 222 235 252 250 230 209 177 149 101 103 85 60 46 13 8 0 0 0 0 0 0 0 0 0 0 0 0 0 0 0 0 0 0 0 0 0 0 0 0 0 0 0 0 0 0 0 0 0 0 
0 0 0 0 0 0 0 0 0 0 0 0 0 0 0 0 0 0 0 0 0 0 0 0 0 0 0 0 0 0 0 0 0 6 8 14 26 46 73 75 69 120 137 138 165 156 230 255 219 230 226 221 241 251 200 194 169 161 122 124 105 63 55 41 20 5 0 0 0 0 0 0 0 0 0 0 0 0 0 0 0 0 0 0 0 0 0 0 0 0 0 0 0 0 0 0 0 0 0 0 
0 0 0 0 0 0 0 0 0 0 0 0 0 0 0 0 0 0 0 0 0 0 0 0 0 0 0 0 0 0 0 0 0 4 12 10 21 44 56 81 79 82 120 113 132 147 194 182 183 172 199 204 197 206 179 170 139 120 124 119 75 68 46 37 18 5 0 0 0 0 0 0 0 0 0 0 0 0 0 0 0 0 0 0 0 0 0 0 0 0 0 0 0 0 0 0 0 0 0 0 
0 0 0 0 0 0 0 0 0 0 0 0 0 0 0 0 0 0 0 0 0 0 0 0 0 0 0 0 0 0 0 0 0 6 13 5 17 30 48 56 65 96 97 108 126 128 179 208 175 174 178 168 213 196 157 154 136 115 116 90 73 60 32 32 17 3 0 0 0 0 0 0 0 0 0 0 0 0 0 0 0 0 0 0 0 0 0 0 0 0 0 0 0 0 0 0 0 0 0 0 
0 0 0 0 0 0 0 0 0 0 0 0 0 0 0 0 0 0 0 0 0 0 0 0 0 0 0 0 0 0 0 0 0 4 6 13 13 26 50 52 69 78 84 91 121 126 153 158 160 138 155 132 180 170 164 150 137 128 87 92 70 46 33 22 15 2 0 0 0 0 0 0 0 0 0 0 0 0 0 0 0 0 0 0 0 0 0 0 0 0 0 0 0 0 0 0 0 0 0 0 
0 0 0 0 0 0 0 0 0 0 0 0 0 0 0 0 0 0 0 0 0 0 0 0 0 0 0 0 0 0 0 0 0 3 7 7 14 37 26 48 60 61 73 85 102 86 130 133 142 129 137 148 127 160 144 119 106 94 83 65 43 46 40 30 14 3 0 0 0 0 0 0 0 0 0 0 0 0 0 0 0 0 0 0 0 0 0 0 0 0 0 0 0 0 0 0 0 0 0 0 
0 0 0 0 0 0 0 0 0 0 0 0 0 0 0 0 0 0 0 0 0 0 0 0 0 0 0 0 0 0 0 0 0 6 0 6 9 26 29 42 34 60 58 90 89 94 113 104 129 123 102 110 100 121 100 98 99 80 84 45 34 35 28 21 13 5 0 0 0 0 0 0 0 0 0 0 0 0 0 0 0 0 0 0 0 0 0 0 0 0 0 0 0 0 0 0 0 0 0 0 
0 0 0 0 0 0 0 0 0 0 0 0 0 0 0 0 0 0 0 0 0 0 0 0 0 0 0 0 0 0 0 0 0 3 2 12 14 15 33 29 30 39 42 60 80 75 115 98 82 92 97 106 90 106 92 101 72 59 60 54 37 32 29 12 13 3 0 0 0 0 0 0 0 0 0 0 0 0 0 0 0 0 0 0 0 0 0 0 0 0 0 0 0 0 0 0 0 0 0 0 
0 0 0 0 0 0 0 0 0 0 0 0 0 0 0 0 0 0 0 0 0 0 0 0 0 0 0 0 0 0 0 0 0 6 4 5 12 16 17 21 33 43 47 55 66 64 81 73 63 64 72 86 92 88 84 61 66 49 35 45 30 18 9 8 5 3 0 0 0 0 0 0 0 0 0 0 0 0 0 0 0 0 0 0 0 0 0 0 0 0 0 0 0 0 0 0 0 0 0 0 
0 0 0 0 0 0 0 0 0 0 0 0 0 0 0 0 0 0 0 0 0 0 0 0 0 0 0 0 0 0 0 0 0 2 3 2 5 11 15 27 27 32 36 26 45 42 70 44 65 54 60 47 73 73 52 49 38 40 38 33 20 17 11 13 2 3 0 0 0 0 0 0 0 0 0 0 0 0 0 0 0 0 0 0 0 0 0 0 0 0 0 0 0 0 0 0 0 0 0 0 
0 0 0 0 0 0 0 0 0 0 0 0 0 0 0 0 0 0 0 0 0 0 0 0 0 0 0 0 0 0 0 0 0 3 2 2 2 8 18 17 21 23 17 29 33 30 46 37 36 46 53 31 30 37 35 35 29 31 28 28 13 9 6 9 2 0 0 0 0 0 0 0 0 0 0 0 0 0 0 0 0 0 0 0 0 0 0 0 0 0 0 0 0 0 0 0 0 0 0 0 
0 0 0 0 0 0 0 0 0 0 0 0 0 0 0 0 0 0 0 0 0 0 0 0 0 0 0 0 0 0 0 0 0 0 1 1 2 5 7 10 4 10 11 12 8 10 24 26 20 21 17 18 16 16 25 22 20 18 11 11 9 5 3 2 3 0 0 0 0 0 0 0 0 0 0 0 0 0 0 0 0 0 0 0 0 0 0 0 0 0 0 0 0 0 0 0 0 0 0 0 
0 0 0 0 0 0 0 0 0 0 0 0 0 0 0 0 0 0 0 0 0 0 0 0 0 0 0 0 0 0 0 0 0 0 0 0 0 2 0 2 2 1 2 0 0 1 2 2 2 3 7 4 4 5 5 0 3 3 1 1 3 1 1 2 0 0 0 0 0 0 0 0 0 0 0 0 0 0 0 0 0 0 0 0 0 0 0 0 0 0 0 0 0 0 0 0 0 0 0 0 
0 0 0 0 0 0 0 0 0 0 0 0 0 0 0 0 0 0 0 0 0 0 0 0 0 0 0 0 0 0 0 0 0 0 0 0 0 0 0 0 0 0 0 0 0 0 0 0 0 0 0 0 0 0 0 0 0 0 0 0 0 0 0 0 0 0 0 0 0 0 0 0 0 0 0 0 0 0 0 0 0 0 0 0 0 0 0 0 0 0 0 0 0 0 0 0 0 0 0 0 
0 0 0 0 0 0 0 0 0 0 0 0 0 0 0 0 0 0 0 0 0 0 0 0 0 0 0 0 0 0 0 0 0 0 0 0 0 0 0 0 0 0 0 0 0 0 0 0 0 0 0 0 0 0 0 0 0 0 0 0 0 0 0 0 0 0 0 0 0 0 0 0 0 0 0 0 0 0 0 0 0 0 0 0 0 0 0 0 0 0 0 0 0 0 0 0 0 0 0 0 
0 0 0 0 0 0 0 0 0 0 0 0 0 0 0 0 0 0 0 0 0 0 0 0 0 0 0 0 0 0 0 0 0 0 0 0 0 0 0 0 0 0 0 0 0 0 0 0 0 0 0 0 0 0 0 0 0 0 0 0 0 0 0 0 0 0 0 0 0 0 0 0 0 0 0 0 0 0 0 0 0 0 0 0 0 0 0 0 0 0 0 0 0 0 0 0 0 0 0 0 
0 0 0 0 0 0 0 0 0 0 0 0 0 0 0 0 0 0 0 0 0 0 0 0 0 0 0 0 0 0 0 0 0 0 0 0 0 0 0 0 0 0 0 0 0 0 0 0 0 0 0 0 0 0 0 0 0 0 0 0 0 0 0 0 0 0 0 0 0 0 0 0 0 0 0 0 0 0 0 0 0 0 0 0 0 0 0 0 0 0 0 0 0 0 0 0 0 0 0 0 
0 0 0 0 0 0 0 0 0 0 0 0 0 0 0 0 0 0 0 0 0 0 0 0 0 0 0 0 0 0 0 0 0 0 0 0 0 0 0 0 0 0 0 0 0 0 0 0 0 0 0 0 0 0 0 0 0 0 0 0 0 0 0 0 0 0 0 0 0 0 0 0 0 0 0 0 0 0 0 0 0 0 0 0 0 0 0 0 0 0 0 0 0 0 0 0 0 0 0 0 
0 0 0 0 0 0 0 0 0 0 0 0 0 0 0 0 0 0 0 0 0 0 0 0 0 0 0 0 0 0 0 0 0 0 0 0 0 0 0 0 0 0 0 0 0 0 0 0 0 0 0 0 0 0 0 0 0 0 0 0 0 0 0 0 0 0 0 0 0 0 0 0 0 0 0 0 0 0 0 0 0 0 0 0 0 0 0 0 0 0 0 0 0 0 0 0 0 0 0 0 
0 0 0 0 0 0 0 0 0 0 0 0 0 0 0 0 0 0 0 0 0 0 0 0 0 0 0 0 0 0 0 0 0 0 0 0 0 0 0 0 0 0 0 0 0 0 0 0 0 0 0 0 0 0 0 0 0 0 0 0 0 0 0 0 0 0 0 0 0 0 0 0 0 0 0 0 0 0 0 0 0 0 0 0 0 0 0 0 0 0 0 0 0 0 0 0 0 0 0 0 
0 0 0 0 0 0 0 0 0 0 0 0 0 0 0 0 0 0 0 0 0 0 0 0 0 0 0 0 0 0 0 0 0 0 0 0 0 0 0 0 0 0 0 0 0 0 0 0 0 0 0 0 0 0 0 0 0 0 0 0 0 0 0 0 0 0 0 0 0 0 0 0 0 0 0 0 0 0 0 0 0 0 0 0 0 0 0 0 0 0 0 0 0 0 0 0 0 0 0 0 
0 0 0 0 0 0 0 0 0 0 0 0 0 0 0 0 0 0 0 0 0 0 0 0 0 0 0 0 0 0 0 0 0 0 0 0 0 0 0 0 0 0 0 0 0 0 0 0 0 0 0 0 0 0 0 0 0 0 0 0 0 0 0 0 0 0 0 0 0 0 0 0 0 0 0 0 0 0 0 0 0 0 0 0 0 0 0 0 0 0 0 0 0 0 0 0 0 0 0 0 
0 0 0 0 0 0 0 0 0 0 0 0 0 0 0 0 0 0 0 0 0 0 0 0 0 0 0 0 0 0 0 0 0 0 0 0 0 0 0 0 0 0 0 0 0 0 0 0 0 0 0 0 0 0 0 0 0 0 0 0 0 0 0 0 0 0 0 0 0 0 0 0 0 0 0 0 0 0 0 0 0 0 0 0 0 0 0 0 0 0 0 0 0 0 0 0 0 0 0 0 
0 0 0 0 0 0 0 0 0 0 0 0 0 0 0 0 0 0 0 0 0 0 0 0 0 0 0 0 0 0 0 0 0 0 0 0 0 0 0 0 0 0 0 0 0 0 0 0 0 0 0 0 0 0 0 0 0 0 0 0 0 0 0 0 0 0 0 0 0 0 0 0 0 0 0 0 0 0 0 0 0 0 0 0 0 0 0 0 0 0 0 0 0 0 0 0 0 0 0 0 
0 0 0 0 0 0 0 0 0 0 0 0 0 0 0 0 0 0 0 0 0 0 0 0 0 0 0 0 0 0 0 0 0 0 0 0 0 0 0 0 0 0 0 0 0 0 0 0 0 0 0 0 0 0 0 0 0 0 0 0 0 0 0 0 0 0 0 0 0 0 0 0 0 0 0 0 0 0 0 0 0 0 0 0 0 0 0 0 0 0 0 0 0 0 0 0 0 0 0 0 
0 0 0 0 0 0 0 0 0 0 0 0 0 0 0 0 0 0 0 0 0 0 0 0 0 0 0 0 0 0 0 0 0 0 0 0 0 0 0 0 0 0 0 0 0 0 0 0 0 0 0 0 0 0 0 0 0 0 0 0 0 0 0 0 0 0 0 0 0 0 0 0 0 0 0 0 0 0 0 0 0 0 0 0 0 0 0 0 0 0 0 0 0 0 0 0 0 0 0 0 
0 0 0 0 0 0 0 0 0 0 0 0 0 0 0 0 0 0 0 0 0 0 0 0 0 0 0 0 0 0 0 0 0 0 0 0 0 0 0 0 0 0 0 0 0 0 0 0 0 0 0 0 0 0 0 0 0 0 0 0 0 0 0 0 0 0 0 0 0 0 0 0 0 0 0 0 0 0 0 0 0 0 0 0 0 0 0 0 0 0 0 0 0 0 0 0 0 0 0 0 
0 0 0 0 0 0 0 0 0 0 0 0 0 0 0 0 0 0 0 0 0 0 0 0 0 0 0 0 0 0 0 0 0 0 0 0 0 0 0 0 0 0 0 0 0 0 0 0 0 0 0 0 0 0 0 0 0 0 0 0 0 0 0 0 0 0 0 0 0 0 0 0 0 0 0 0 0 0 0 0 0 0 0 0 0 0 0 0 0 0 0 0 0 0 0 0 0 0 0 0 
0 0 0 0 0 0 0 0 0 0 0 0 0 0 0 0 0 0 0 0 0 0 0 0 0 0 0 0 0 0 0 0 0 0 0 0 0 0 0 0 0 0 0 0 0 0 0 0 0 0 0 0 0 0 0 0 0 0 0 0 0 0 0 0 0 0 0 0 0 0 0 0 0 0 0 0 0 0 0 0 0 0 0 0 0 0 0 0 0 0 0 0 0 0 0 0 0 0 0 0 
0 0 0 0 0 0 0 0 0 0 0 0 0 0 0 0 0 0 0 0 0 0 0 0 0 0 0 0 0 0 0 0 0 0 0 0 0 0 0 0 0 0 0 0 0 0 0 0 0 0 0 0 0 0 0 0 0 0 0 0 0 0 0 0 0 0 0 0 0 0 0 0 0 0 0 0 0 0 0 0 0 0 0 0 0 0 0 0 0 0 0 0 0 0 0 0 0 0 0 0 
0 0 0 0 0 0 0 0 0 0 0 0 0 0 0 0 0 0 0 0 0 0 0 0 0 0 0 0 0 0 0 0 0 0 0 0 0 0 0 0 0 0 0 0 0 0 0 0 0 0 0 0 0 0 0 0 0 0 0 0 0 0 0 0 0 0 0 0 0 0 0 0 0 0 0 0 0 0 0 0 0 0 0 0 0 0 0 0 0 0 0 0 0 0 0 0 0 0 0 0 
0 0 0 0 0 0 0 0 0 0 0 0 0 0 0 0 0 0 0 0 0 0 0 0 0 0 0 0 0 0 0 0 0 0 0 0 0 0 0 0 0 0 0 0 0 0 0 0 0 0 0 0 0 0 0 0 0 0 0 0 0 0 0 0 0 0 0 0 0 0 0 0 0 0 0 0 0 0 0 0 0 0 0 0 0 0 0 0 0 0 0 0 0 0 0 0 0 0 0 0 
0 0 0 0 0 0 0 0 0 0 0 0 0 0 0 0 0 0 0 0 0 0 0 0 0 0 0 0 0 0 0 0 0 0 0 0 0 0 0 0 0 0 0 0 0 0 0 0 0 0 0 0 0 0 0 0 0 0 0 0 0 0 0 0 0 0 0 0 0 0 0 0 0 0 0 0 0 0 0 0 0 0 0 0 0 0 0 0 0 0 0 0 0 0 0 0 0 0 0 0 
0 0 0 0 0 0 0 0 0 0 0 0 0 0 0 0 0 0 0 0 0 0 0 0 0 0 0 0 0 0 0 0 0 0 0 0 0 0 0 0 0 0 0 0 0 0 0 0 0 0 0 0 0 0 0 0 0 0 0 0 0 0 0 0 0 0 0 0 0 0 0 0 0 0 0 0 0 0 0 0 0 0 0 0 0 0 0 0 0 0 0 0 0 0 0 0 0 0 0 0 
0 0 0 0 0 0 0 0 0 0 0 0 0 0 0 0 0 0 0 0 0 0 0 0 0 0 0 0 0 0 0 0 0 0 0 0 0 0 0 0 0 0 0 0 0 0 0 0 0 0 0 0 0 0 0 0 0 0 0 0 0 0 0 0 0 0 0 0 0 0 0 0 0 0 0 0 0 0 0 0 0 0 0 0 0 0 0 0 0 0 0 0 0 0 0 0 0 0 0 0 
0 0 0 0 0 0 0 0 0 0 0 0 0 0 0 0 0 0 0 0 0 0 0 0 0 0 0 0 0 0 0 0 0 0 0 0 0 0 0 0 0 0 0 0 0 0 0 0 0 0 0 0 0 0 0 0 0 0 0 0 0 0 0 0 0 0 0 0 0 0 0 0 0 0 0 0 0 0 0 0 0 0 0 0 0 0 0 0 0 0 0 0 0 0 0 0 0 0 0 0 
0 0 0 0 0 0 0 0 0 0 0 0 0 0 0 0 0 0 0 0 0 0 0 0 0 0 0 0 0 0 0 0 0 0 0 0 0 0 0 0 0 0 0 0 0 0 0 0 0 0 0 0 0 0 0 0 0 0 0 0 0 0 0 0 0 0 0 0 0 0 0 0 0 0 0 0 0 0 0 0 0 0 0 0 0 0 0 0 0 0 0 0 0 0 0 0 0 0 0 0 
