# Format: McCode with text headers
# URL: http://www.mccode.org
# Creator: McStas 2.7.1 - Oct. 04, 2021
# Instrument: FullInstrument_v4.6_curvature_scan.instr
# Ncount: 10000000
# Trace: no
# Gravitation: no
# Seed: 1635322005
# Directory: slit_pos_1/66
# Param: slitwidth=0.01
# Param: virtual_slit_d=0.6634
# Param: SourceE=5
# Param: DeltaSourceE=2
# Param: EI=5
# Param: A3=0
# Param: A4=-90
# Param: SAMPLE=3
# Param: file_name=EGECE_13WaveLmax1_geometry.dat.txt
# Param: RV_mono_Bool=0.5
# Param: RH_mono_Bool=0.5
# Param: Be_filter=1
# Param: old_mono=0
# Param: sampleHeight=0.01
# Param: sampleRadius=0.005
# Param: samplePosY=0
# Date: Tue Oct 26 11:15:11 2021 (1635239711)
# type: array_2d(101, 101)
# Source: PSI_CAMEA (FullInstrument_v4.6_curvature_scan.instr)
# component: psd_monitor
# position: 1.5389 0 2.70135
# title: PSD monitor
# Ncount: 10000000
# filename: psd_sampel_pos.dat
# statistics: X0=0.0116576; dX=0.266741; Y0=0.00600159; dY=0.277136;
# signal: Min=0; Max=2.08626e-07; Mean=6.37464e-09;
# values: 6.50277e-05 2.1255e-06 936
# xvar: X
# yvar: Y
# xlabel: X position [cm]
# ylabel: Y position [cm]
# zvar: I
# zlabel: Signal per bin
# xylimits: -0.5 0.5 -0.5 0.5
# variables: I I_err N
# Data [psd_monitor/psd_sampel_pos.dat] I:
0 0 0 0 6.953215195e-08 0 0 0 0 6.9516542e-08 0 0 0 0 0 0 0 0 0 0 0 0 0 0 0 0 0 0 0 0 0 0 0 0 0 0 0 0 0 0 0 0 0 0 0 0 0 0 0 0 0 0 0 0 0 0 6.953058447e-08 0 0 0 0 0 0 0 0 0 0 0 0 0 0 0 0 0 0 0 0 0 0 0 0 0 0 0 0 0 0 0 6.923864021e-08 0 0 0 6.94517627e-08 0 0 0 0 6.948276489e-08 0 0 6.952990918e-08 
0 0 0 0 0 0 0 0 0 0 0 0 0 0 0 0 0 0 0 0 0 0 0 0 0 0 0 0 0 0 0 0 0 0 0 0 0 0 0 0 0 0 0 0 0 0 0 0 0 0 0 0 0 0 0 0 0 0 0 0 0 0 0 0 0 1.389636388e-07 0 6.955060278e-08 6.940521145e-08 0 0 0 0 6.95001053e-08 0 0 0 0 0 6.952695972e-08 0 0 0 0 0 0 0 0 0 6.947500923e-08 0 0 0 0 0 0 0 0 0 0 0 
0 0 0 0 0 0 0 6.939658329e-08 0 0 0 0 0 0 6.942771886e-08 0 0 0 0 0 0 0 0 0 0 0 0 0 0 0 0 6.955907053e-08 0 0 0 0 0 0 0 0 0 0 0 0 0 0 0 0 0 0 0 0 0 0 0 0 0 0 0 0 0 0 0 0 0 0 0 0 0 0 0 0 0 0 0 0 0 0 0 0 0 0 0 0 0 0 0 0 0 0 0 6.950911685e-08 0 0 0 0 0 0 6.951502024e-08 0 6.954583826e-08 
0 0 0 0 0 0 0 0 0 0 0 0 0 0 0 0 0 0 0 0 0 0 0 0 0 0 0 0 0 0 6.949569444e-08 0 0 0 0 0 0 6.942593882e-08 0 0 0 0 0 0 0 0 0 6.9555532e-08 0 0 0 0 0 0 0 0 6.946928119e-08 0 0 0 0 0 0 0 0 0 0 0 0 0 0 0 0 0 0 0 0 6.951538232e-08 0 0 0 0 0 0 0 0 0 0 0 0 0 0 6.947070529e-08 0 0 0 0 0 0 0 0 
0 0 0 0 0 0 6.940592876e-08 0 0 0 0 0 0 0 0 0 0 0 0 0 0 6.957006039e-08 0 0 0 0 0 0 0 0 0 0 0 0 0 0 0 0 0 0 0 0 0 0 0 0 0 0 0 0 0 0 6.952663557e-08 0 0 0 0 0 0 0 0 0 6.952066502e-08 0 0 0 0 6.949796964e-08 0 0 0 0 0 0 0 0 0 0 0 0 0 0 0 0 0 0 0 0 0 0 0 0 0 0 0 0 0 0 0 0 0 
0 0 0 0 0 0 0 0 0 0 0 0 0 0 0 0 0 0 0 0 0 0 0 0 0 0 0 6.956778969e-08 0 0 0 0 0 0 0 0 0 6.945681312e-08 0 0 0 0 0 0 0 0 0 0 0 0 0 0 0 0 0 0 0 0 6.936994421e-08 0 0 0 0 0 0 0 0 0 0 6.955802669e-08 0 0 0 0 0 0 0 6.950305047e-08 0 0 0 0 0 0 0 0 0 0 0 0 0 0 0 0 0 0 0 0 0 0 0 
0 6.940153599e-08 0 0 0 0 0 0 0 0 0 0 6.947276381e-08 0 0 0 0 0 0 0 0 0 0 0 0 0 0 0 0 0 0 1.390318138e-07 0 0 0 0 1.390072528e-07 0 0 0 6.956441296e-08 0 0 0 0 0 0 0 0 0 0 0 0 0 0 0 0 0 0 0 0 0 6.949250051e-08 0 0 0 0 0 0 0 0 6.950362834e-08 0 0 0 6.95031154e-08 0 0 0 0 0 6.952843329e-08 6.955701214e-08 6.944654206e-08 0 0 0 0 0 6.956991192e-08 0 0 0 0 0 6.950868159e-08 6.950553611e-08 0 0 0 6.955797878e-08 
0 0 0 0 0 0 0 0 0 0 0 0 0 0 0 0 0 0 0 0 0 0 0 0 0 6.950761537e-08 0 0 0 0 0 0 0 0 0 0 0 0 0 0 0 6.936347369e-08 0 0 6.957441322e-08 0 6.953867435e-08 0 0 0 0 0 0 0 0 0 0 0 0 0 0 0 1.390402465e-07 0 0 0 0 0 0 0 0 6.939781477e-08 0 0 0 0 0 6.955272337e-08 0 0 0 0 0 0 0 0 0 0 0 0 0 0 0 0 0 6.94500483e-08 0 0 0 0 0 
0 0 0 0 0 0 0 0 0 0 0 0 0 0 0 0 0 0 0 0 0 0 0 0 0 0 0 0 0 0 0 0 0 6.953177864e-08 6.95577349e-08 0 0 0 0 0 0 0 0 0 0 0 0 0 0 6.956308947e-08 0 0 0 0 0 0 0 0 0 0 0 0 6.952395261e-08 0 6.954974017e-08 0 0 0 6.951737704e-08 0 0 0 0 0 0 0 0 0 0 0 0 0 0 0 0 0 0 0 0 6.957638985e-08 0 0 0 0 0 0 0 0 0 0 0 
0 0 0 0 0 0 0 0 6.945231636e-08 0 0 0 0 0 0 0 0 0 0 0 6.944628104e-08 0 0 0 0 0 0 0 0 0 0 0 6.95463846e-08 0 0 0 0 0 0 6.932840557e-08 0 0 0 0 0 0 0 0 0 0 0 0 0 0 0 0 0 0 0 0 6.929149697e-08 0 0 0 0 0 0 0 0 0 0 0 0 0 0 0 0 0 0 0 0 0 0 0 0 0 0 0 6.955410552e-08 0 0 0 0 0 0 0 0 0 0 0 0 
0 0 0 0 0 0 0 0 0 0 0 0 0 0 0 0 0 0 0 0 0 0 0 0 0 0 0 0 0 0 0 0 0 0 0 0 6.946578496e-08 6.929540802e-08 0 0 6.953550119e-08 0 0 0 0 0 6.954048263e-08 0 0 0 6.949968641e-08 0 0 0 0 0 0 0 0 6.936860097e-08 0 0 0 6.951366907e-08 0 0 0 0 0 0 0 0 0 0 0 6.939196255e-08 0 0 0 0 0 0 0 0 0 0 0 6.948167366e-08 0 0 6.922425088e-08 0 0 0 0 0 0 0 0 0 0 
0 0 0 0 0 0 0 0 0 0 0 0 0 0 0 0 0 0 0 0 0 0 0 0 0 0 0 0 6.949113979e-08 0 0 6.951695323e-08 6.952841909e-08 0 0 0 0 0 0 0 0 0 0 0 0 0 0 0 0 0 0 0 6.949902071e-08 0 0 0 0 0 0 0 0 0 0 0 0 0 0 0 0 0 0 0 0 0 0 6.956628767e-08 0 0 0 0 0 0 0 0 0 0 0 6.953963052e-08 0 0 0 0 0 0 6.955315065e-08 0 0 0 0 0 0 
0 6.955084046e-08 6.952571962e-08 0 0 0 0 0 0 0 0 0 0 0 0 0 0 6.938046669e-08 0 0 0 0 0 0 0 0 0 0 0 6.953139141e-08 6.950551351e-08 0 0 0 0 0 0 0 0 0 0 0 0 0 0 0 6.951158276e-08 0 0 6.941985067e-08 0 0 0 0 0 0 0 0 0 0 0 0 6.93315541e-08 0 0 0 0 0 0 0 0 0 6.947704334e-08 6.954523768e-08 0 0 0 0 0 0 0 0 0 0 0 0 0 1.390881561e-07 0 0 0 0 0 0 0 0 0 0 0 0 0 
6.952553454e-08 0 0 0 0 0 0 0 0 0 6.954910323e-08 0 0 0 0 0 0 0 0 0 0 0 0 6.94996334e-08 6.953974538e-08 0 0 0 0 0 0 0 0 6.953881178e-08 0 0 0 0 0 0 0 0 0 0 0 0 0 0 0 0 0 0 6.951011863e-08 0 0 0 0 0 0 6.941815615e-08 0 0 0 0 0 0 0 0 6.947406921e-08 0 0 0 0 0 0 0 0 0 6.950191153e-08 0 0 0 0 0 0 0 0 0 0 6.93835544e-08 0 0 0 0 0 0 0 0 0 0 0 
0 0 0 0 0 0 0 0 0 0 0 0 0 0 0 0 0 0 0 0 0 0 0 0 0 6.940941725e-08 0 0 0 0 0 0 0 0 0 0 0 0 0 0 0 0 0 0 0 1.389350355e-07 0 0 0 0 0 0 0 0 0 0 0 0 0 0 6.955118621e-08 6.94759661e-08 0 0 0 0 0 0 0 0 0 0 0 0 0 0 0 0 0 0 0 0 0 0 0 0 0 0 0 0 0 0 0 6.95672943e-08 0 0 0 0 0 0 0 
0 0 0 0 0 0 0 0 0 0 0 0 0 0 0 0 0 0 0 0 0 0 6.955100953e-08 0 6.950188167e-08 0 0 0 0 0 0 0 0 0 0 0 0 6.94977759e-08 0 0 0 0 0 0 6.950172543e-08 6.939024317e-08 0 0 0 0 0 0 0 0 0 0 0 0 0 0 0 0 0 0 0 0 0 0 0 0 0 0 6.955126307e-08 0 0 0 0 0 0 0 0 0 0 0 0 0 0 0 0 0 0 0 0 0 0 0 6.92581966e-08 0 0 0 0 
0 0 0 0 0 0 0 0 0 0 0 0 0 0 0 6.948135084e-08 0 0 0 0 0 0 0 0 0 0 0 0 0 0 0 0 0 0 0 0 0 0 0 0 6.941032629e-08 0 0 0 0 0 0 0 0 0 0 0 0 6.926531013e-08 0 0 0 6.945276937e-08 0 0 0 0 0 0 0 0 0 0 0 0 0 0 0 0 6.950198243e-08 6.953011668e-08 0 0 6.945334948e-08 0 0 0 0 0 0 0 0 0 0 0 0 0 0 0 0 0 0 6.94627223e-08 0 0 0 
0 0 0 0 0 0 0 0 0 0 0 0 0 0 0 0 0 0 0 0 0 0 0 0 0 0 0 0 0 0 0 0 0 0 0 0 6.950147157e-08 0 0 0 0 0 6.955282122e-08 0 0 0 0 0 0 0 0 0 0 0 0 0 0 6.956255431e-08 0 0 6.944432056e-08 0 0 0 0 0 0 6.934928355e-08 0 6.950942058e-08 0 0 0 0 0 0 0 0 0 0 0 0 0 0 0 0 0 0 0 0 0 0 0 0 0 0 0 0 6.948466159e-08 0 6.941345705e-08 
0 0 0 0 0 0 0 0 0 6.947866462e-08 0 6.955589536e-08 0 0 0 0 0 0 0 0 0 0 0 0 0 0 6.933780084e-08 0 0 0 0 0 0 0 1.391059704e-07 0 0 0 6.947467141e-08 0 0 0 0 0 0 0 0 0 0 0 0 0 0 0 0 0 0 0 0 6.954694065e-08 0 0 0 0 0 0 0 0 0 0 0 0 6.951733545e-08 6.952857231e-08 6.955432788e-08 0 0 0 0 0 0 0 0 0 0 0 6.946300077e-08 0 0 0 0 0 0 6.956384889e-08 0 0 0 0 0 0 0 
6.957341163e-08 0 0 6.955683857e-08 0 0 0 0 0 0 0 0 0 0 0 0 0 0 0 0 0 0 0 0 6.950817978e-08 0 0 0 0 0 0 0 0 0 0 0 0 0 0 0 0 6.954846542e-08 0 0 0 0 0 0 0 0 0 0 0 0 0 0 0 0 0 0 0 0 0 0 0 0 0 0 0 0 0 0 0 0 0 0 0 6.943582097e-08 0 0 0 0 0 0 0 0 0 0 0 0 0 0 0 0 0 0 0 0 0 0 0 
6.955619282e-08 0 0 6.945590842e-08 0 0 0 6.949869784e-08 0 0 0 0 0 0 0 0 0 0 0 0 0 0 0 0 0 0 0 0 0 6.949889505e-08 0 6.950653069e-08 0 0 0 0 0 0 0 0 0 0 0 0 0 0 0 0 0 0 0 0 0 0 0 0 0 0 0 0 0 0 0 0 0 6.95494797e-08 0 0 6.951037389e-08 0 0 6.951077584e-08 0 0 0 0 0 6.952821453e-08 0 0 0 0 0 0 6.953509095e-08 0 0 0 0 0 0 0 0 0 0 0 0 0 0 0 0 
0 0 6.952026492e-08 0 0 0 0 0 0 0 0 0 0 0 0 0 0 0 0 6.94821892e-08 0 0 0 0 0 0 2.08320561e-07 0 0 0 0 0 0 0 6.957275526e-08 0 0 0 0 0 0 0 0 0 0 0 0 0 0 0 0 0 0 0 0 0 0 6.954012378e-08 0 0 0 0 0 0 0 0 0 0 0 0 0 0 0 0 0 0 0 0 0 0 0 0 0 0 0 0 0 0 0 0 0 0 0 0 0 0 0 0 0 6.928222254e-08 0 
0 0 6.931593417e-08 0 0 6.943092067e-08 0 0 0 0 0 0 0 0 0 6.955205842e-08 0 0 0 0 0 0 0 0 0 0 0 0 0 0 0 0 0 0 0 0 0 0 0 0 0 0 0 0 0 6.946814057e-08 0 0 6.929428176e-08 6.937188233e-08 0 0 0 0 0 6.950003721e-08 0 0 0 0 0 0 0 0 0 0 0 6.948839872e-08 0 0 0 0 0 0 0 0 0 0 0 0 0 0 0 0 0 0 6.946007043e-08 0 0 0 0 0 0 0 0 0 0 0 0 0 6.947993898e-08 
6.952259393e-08 0 0 0 0 0 0 0 0 0 0 0 0 0 0 0 6.947929568e-08 0 0 0 0 0 0 0 0 6.94582354e-08 0 0 0 0 0 0 0 0 0 0 0 0 0 0 6.945117403e-08 0 0 0 0 0 0 0 6.951300817e-08 0 0 0 0 0 0 0 0 0 0 0 0 0 0 0 0 0 0 0 0 0 6.942783487e-08 0 6.945955611e-08 0 0 0 6.949175882e-08 0 0 0 0 0 0 0 0 0 0 0 0 0 0 0 0 0 0 0 0 0 0 0 0 
0 0 0 0 0 0 6.945982328e-08 6.95341208e-08 0 0 0 0 0 0 0 0 0 0 0 0 0 0 0 0 0 0 0 0 0 0 0 0 0 0 0 0 0 0 0 0 0 0 6.95594131e-08 0 0 6.953510601e-08 0 0 0 6.92990754e-08 6.953412864e-08 0 0 0 0 0 0 0 6.955752507e-08 0 0 0 0 0 0 0 0 0 0 0 0 0 0 0 0 0 0 0 0 0 0 0 0 0 0 0 6.940991528e-08 0 0 0 0 0 0 0 0 0 0 0 0 0 0 
6.949877291e-08 0 0 0 0 0 0 0 0 0 6.955790228e-08 0 0 0 0 0 0 0 0 0 0 6.941262367e-08 0 0 0 0 0 0 0 6.946744165e-08 0 0 6.95282818e-08 0 0 0 0 0 0 0 0 0 6.952635518e-08 0 0 0 0 0 0 0 0 0 0 0 0 0 0 0 0 0 0 0 0 0 0 0 0 0 0 0 0 0 0 0 0 0 0 0 0 6.951381616e-08 0 0 0 0 0 0 6.947589363e-08 0 0 0 0 0 6.924725639e-08 0 0 0 0 0 0 0 0 
0 0 0 0 0 0 0 0 0 0 6.954911063e-08 0 0 0 0 0 0 0 0 0 0 0 6.95258995e-08 0 0 0 0 0 0 0 0 6.938594735e-08 0 0 0 0 0 6.945731117e-08 0 0 6.950701764e-08 0 0 0 0 0 6.949651588e-08 0 6.951367787e-08 0 6.95652663e-08 6.935558076e-08 0 0 0 0 0 0 0 6.956832106e-08 0 0 0 0 0 0 0 0 6.942869707e-08 0 0 0 0 0 0 0 0 0 0 0 0 0 0 0 0 0 0 0 0 0 0 0 0 0 0 0 0 0 0 0 0 
0 0 0 0 0 6.947820329e-08 0 0 0 0 0 0 0 6.939401657e-08 0 0 6.957652018e-08 0 0 0 6.937709096e-08 6.949142173e-08 0 0 0 0 0 0 0 0 0 0 0 6.929743295e-08 0 0 0 0 6.952725209e-08 0 6.95110044e-08 0 0 0 6.936786245e-08 0 0 0 0 0 0 6.956398896e-08 0 6.940844401e-08 0 0 0 0 0 0 0 0 0 0 0 0 6.947000425e-08 0 0 0 0 0 0 0 0 0 0 0 0 0 0 0 0 0 0 0 0 0 0 0 0 0 0 0 0 0 0 0 0 0 0 
0 0 0 0 0 0 0 6.933000066e-08 0 0 0 0 0 0 0 0 0 0 0 0 0 0 6.939462641e-08 0 0 0 0 0 6.954525054e-08 6.956689403e-08 6.949183381e-08 0 6.948152439e-08 0 0 0 6.948171516e-08 0 0 0 0 0 0 0 0 0 0 0 6.946791637e-08 6.952715683e-08 0 0 0 0 0 0 0 6.942963609e-08 0 0 0 0 0 0 0 0 0 0 0 0 6.956964393e-08 0 1.391060089e-07 0 0 0 0 0 0 0 0 0 0 0 0 0 0 0 0 0 0 0 0 0 0 0 0 0 0 0 0 
0 0 0 0 0 0 0 0 0 0 0 0 0 0 0 0 0 0 0 0 0 0 0 0 0 0 0 0 0 0 0 6.939888357e-08 0 0 0 0 6.955228492e-08 0 0 0 0 0 0 6.945596352e-08 0 0 6.953422178e-08 0 0 0 0 6.95641251e-08 0 0 0 0 0 0 0 0 0 0 0 0 0 0 0 0 0 0 0 0 6.937387767e-08 0 0 0 0 0 0 0 6.955239154e-08 0 0 0 0 0 0 0 0 0 0 0 0 0 0 0 0 0 0 0 0 
0 0 0 0 0 0 0 0 0 0 0 0 0 0 0 0 0 0 0 0 0 0 0 0 0 0 0 0 0 0 0 0 0 0 0 0 0 0 0 0 1.387720702e-07 0 0 0 0 0 0 0 0 0 0 0 0 0 0 0 0 0 0 0 0 0 0 0 0 0 0 0 0 0 0 6.951064341e-08 0 0 0 0 0 0 0 0 0 0 0 0 6.950859172e-08 0 0 0 0 6.928760618e-08 0 0 0 0 0 0 0 0 0 0 0 
0 0 0 0 0 0 0 0 0 0 0 0 0 0 0 0 0 0 0 0 0 6.95532597e-08 0 0 0 0 0 6.954206977e-08 0 0 0 0 0 0 0 0 0 0 0 0 0 0 0 0 0 0 0 0 0 6.936121699e-08 0 6.946044318e-08 0 0 0 0 0 0 0 0 0 0 0 0 0 0 6.952109271e-08 0 0 0 0 0 6.941729309e-08 0 0 0 0 0 0 0 0 6.953100373e-08 0 0 0 6.956387487e-08 6.940631783e-08 0 0 0 0 0 0 0 0 0 0 0 0 0 0 
0 0 0 0 0 0 6.951270604e-08 0 0 0 0 0 0 0 0 0 0 0 0 0 6.951871296e-08 0 0 6.951425041e-08 0 0 0 0 0 0 6.942547604e-08 0 0 0 1.388481847e-07 0 0 6.949519704e-08 0 0 6.941567229e-08 0 0 0 0 0 0 0 0 0 0 0 6.951021734e-08 0 0 0 0 0 0 0 0 0 0 0 0 0 0 0 0 0 0 6.953034533e-08 0 1.390235159e-07 0 0 0 0 0 0 6.935119249e-08 0 0 0 0 0 0 0 0 6.957592176e-08 0 0 0 0 0 0 0 0 0 0 0 
0 0 0 0 0 0 0 0 0 0 0 0 0 0 0 0 0 0 0 0 0 0 0 6.946767616e-08 0 0 0 6.953286341e-08 0 0 0 0 0 0 0 0 0 1.388674276e-07 0 0 6.952744097e-08 0 0 0 0 6.935171018e-08 0 0 0 0 0 0 0 0 6.934797717e-08 0 0 0 6.950564325e-08 0 0 6.945265448e-08 0 0 0 0 6.954034587e-08 0 6.948252152e-08 0 0 6.943882673e-08 0 0 0 0 0 0 0 0 0 6.95054847e-08 6.950231454e-08 0 0 0 0 0 0 0 0 6.952324132e-08 0 0 0 0 6.9577645e-08 0 6.954141103e-08 0 0 
0 0 0 0 0 0 0 0 0 0 0 0 0 0 0 0 0 0 0 0 0 0 0 0 0 0 0 0 0 0 0 0 0 0 0 0 6.956679011e-08 0 0 6.940656812e-08 0 0 0 0 6.948145856e-08 0 0 0 0 0 0 0 0 0 0 0 0 0 6.950388867e-08 0 0 0 0 0 0 0 0 6.947858062e-08 0 0 0 0 0 0 0 0 6.937268685e-08 0 0 0 0 0 0 0 0 0 0 0 0 0 0 6.949375418e-08 0 0 0 6.956683636e-08 0 0 0 0 0 
0 0 0 0 0 0 0 6.94503975e-08 0 0 0 0 0 0 0 6.952342789e-08 0 0 0 0 0 0 0 0 0 0 0 0 0 0 0 0 0 0 0 0 0 0 0 0 0 6.95442602e-08 0 0 0 0 0 0 0 0 0 0 0 0 6.946393922e-08 0 0 0 0 0 0 0 0 0 0 6.947963985e-08 0 0 1.388662582e-07 6.955062858e-08 0 0 0 0 0 0 0 0 0 0 6.954212878e-08 0 0 0 0 0 0 0 0 0 0 6.948307299e-08 0 0 0 0 0 0 0 0 0 
6.942978823e-08 0 0 0 0 0 0 0 0 0 0 0 0 0 0 0 0 0 0 0 0 0 0 0 0 0 0 6.9408407e-08 0 0 6.949460252e-08 0 0 0 0 0 0 0 0 0 0 0 0 0 0 0 0 0 6.953754603e-08 6.946101336e-08 0 0 0 0 0 0 0 0 0 0 0 0 0 0 6.946612312e-08 0 1.390374009e-07 0 0 0 0 0 0 0 0 6.950888303e-08 0 0 0 0 0 0 0 0 6.955548001e-08 0 0 0 0 0 0 0 0 0 0 0 0 0 0 6.956753129e-08 0 
0 0 0 6.950009373e-08 0 0 0 0 0 0 6.953116461e-08 0 0 6.953440235e-08 0 6.956707195e-08 0 0 0 0 0 0 0 0 0 0 0 0 0 0 0 0 0 0 0 0 0 0 0 0 0 0 0 0 0 0 0 0 0 0 0 0 6.950127077e-08 0 0 0 0 0 0 0 0 0 0 0 6.946777046e-08 0 6.952857232e-08 0 0 0 0 0 0 0 0 0 0 0 0 0 0 0 0 0 6.954659556e-08 0 6.95662548e-08 0 0 0 0 0 0 0 0 0 0 0 0 0 0 
0 0 0 0 0 0 6.950995678e-08 0 0 0 0 0 0 0 0 0 0 0 0 0 0 0 0 0 0 0 0 0 0 0 0 0 0 0 6.950820412e-08 0 0 6.948266621e-08 0 0 0 0 0 6.949941122e-08 0 6.950045092e-08 0 6.947652822e-08 0 0 0 0 0 0 0 0 0 0 0 0 0 0 0 0 0 0 0 0 0 0 0 0 0 0 0 0 0 0 0 0 0 0 0 0 6.954289159e-08 0 0 0 0 0 0 0 0 0 0 0 0 6.956126782e-08 0 0 0 
0 0 0 0 0 0 0 0 0 0 0 0 0 0 6.951783074e-08 0 0 0 0 0 0 6.955115356e-08 0 0 0 6.955094959e-08 0 6.948994675e-08 0 0 0 0 0 6.951245938e-08 0 0 0 0 0 0 0 0 0 0 0 0 0 0 6.942396078e-08 0 0 0 0 6.951106372e-08 0 0 0 0 0 0 0 0 0 0 0 6.94389566e-08 0 0 0 0 0 0 0 0 0 0 0 0 0 0 0 0 0 0 0 0 0 0 0 0 0 0 0 0 0 0 0 0 0 0 0 
0 0 0 0 0 0 6.945964717e-08 0 0 0 0 0 0 0 0 0 0 0 0 0 0 0 0 0 0 0 6.947205898e-08 6.95106181e-08 0 0 0 0 0 0 0 6.95180841e-08 0 0 0 6.944848736e-08 0 0 0 0 0 0 0 0 0 0 0 0 6.949092814e-08 0 0 0 6.951915021e-08 0 0 0 0 0 0 0 0 0 0 0 0 0 0 6.947871767e-08 0 0 0 0 0 0 0 0 0 0 6.953455351e-08 0 0 0 0 0 0 0 0 0 0 0 0 0 0 0 0 0 0 
0 0 0 0 0 0 0 6.948335331e-08 0 0 1.38910799e-07 0 0 0 0 0 0 6.951037949e-08 0 0 0 0 0 0 6.945455509e-08 0 0 0 0 0 0 0 0 0 0 0 0 0 0 0 0 0 6.928794331e-08 0 0 0 6.955150636e-08 0 0 0 0 0 0 0 0 0 0 0 0 0 0 0 0 0 0 0 6.949572965e-08 0 0 0 0 1.387318718e-07 0 0 0 6.945092875e-08 0 0 0 0 0 0 0 0 0 0 0 0 0 0 0 0 0 0 0 0 0 0 0 0 0 
0 0 0 0 0 6.938312115e-08 0 0 0 0 0 0 0 0 0 0 0 0 6.944285213e-08 0 0 6.947072969e-08 0 6.952340815e-08 0 0 6.936315548e-08 0 0 0 0 0 1.390389623e-07 0 6.955630149e-08 0 0 0 0 0 0 0 6.948552764e-08 6.957187921e-08 0 0 0 0 0 1.390252303e-07 0 0 0 6.954638151e-08 0 0 0 0 0 0 0 6.940820179e-08 0 0 0 0 0 0 0 6.945867896e-08 0 0 0 0 0 6.939724342e-08 6.949439656e-08 0 0 0 0 0 0 0 0 0 0 6.942169558e-08 0 0 0 0 0 0 0 0 0 0 0 0 0 
0 0 0 0 0 0 0 0 0 0 0 6.945931871e-08 0 0 0 0 0 0 0 6.955916434e-08 6.943864802e-08 0 6.947271717e-08 6.931418599e-08 0 0 0 0 0 1.38845294e-07 0 0 0 0 0 0 0 0 0 0 0 0 0 0 6.953248822e-08 0 0 0 0 0 0 0 0 0 0 0 0 6.938717214e-08 0 0 0 0 0 0 0 0 0 0 0 6.945063667e-08 6.953959672e-08 6.93783166e-08 0 0 0 0 0 0 0 0 0 0 6.93961321e-08 6.956707039e-08 0 6.955208986e-08 0 0 0 0 0 0 0 0 0 0 0 6.956820358e-08 0 0 6.953300452e-08 
0 0 0 0 0 0 0 6.943299751e-08 0 0 0 0 0 0 6.956323712e-08 0 0 0 0 0 0 0 0 0 0 0 0 0 0 0 0 0 0 0 0 0 0 0 0 0 0 6.954469004e-08 0 0 0 0 0 0 0 0 0 0 0 0 0 0 0 0 6.928787924e-08 0 0 0 0 0 0 0 0 0 0 0 0 0 0 0 0 0 0 0 0 0 0 6.955010478e-08 0 6.938073006e-08 0 0 0 0 0 0 0 0 6.952720011e-08 0 0 0 0 0 0 0 0 
0 0 0 0 0 0 0 0 0 0 0 0 0 0 0 0 0 0 6.949126213e-08 0 0 0 0 0 0 0 0 0 0 0 0 0 0 1.390876775e-07 0 0 0 0 0 0 0 0 0 0 0 0 0 0 0 0 0 0 0 0 0 0 0 0 0 0 0 0 0 0 0 0 6.952815042e-08 0 0 0 6.935302193e-08 0 0 0 0 0 0 0 0 0 0 0 0 0 0 0 0 0 0 0 0 0 0 0 0 0 0 0 0 0 0 
0 0 0 0 0 0 0 0 0 0 0 0 0 0 0 0 0 0 0 0 0 0 0 0 0 0 0 0 0 0 0 0 0 0 0 0 0 0 0 0 6.94694615e-08 0 0 0 6.936154761e-08 0 0 6.951236067e-08 0 6.946409623e-08 0 0 0 0 0 0 0 0 6.927587012e-08 0 0 0 0 0 0 0 0 0 0 0 0 0 0 0 0 0 0 6.936632234e-08 0 0 0 6.955241668e-08 6.947368309e-08 0 0 0 0 0 0 0 0 0 0 0 0 0 0 0 0 0 0 
0 0 0 0 0 0 0 0 0 0 0 0 0 0 0 0 0 0 0 0 6.954332361e-08 0 0 0 0 0 0 0 0 0 0 0 0 0 0 0 0 6.95406732e-08 0 0 0 0 0 0 0 6.95471764e-08 0 0 0 0 0 0 0 0 0 0 0 0 0 0 0 0 0 0 6.952902483e-08 0 0 6.922746747e-08 0 0 0 0 0 0 0 0 0 0 0 0 0 0 0 0 0 0 6.956088255e-08 0 0 0 0 0 0 0 0 0 0 0 0 0 0 
0 0 0 0 0 0 0 0 0 0 0 0 6.956865371e-08 0 0 0 0 0 0 0 0 0 0 0 0 6.938234665e-08 0 0 0 0 0 0 0 0 0 0 0 0 0 0 0 0 0 0 0 0 0 0 0 6.947222494e-08 0 6.946405736e-08 0 0 0 0 0 0 0 0 0 0 0 6.955980863e-08 6.930650552e-08 0 0 0 0 0 0 0 0 0 1.390299237e-07 0 0 0 0 0 0 0 0 0 0 0 0 0 0 0 0 0 0 0 0 0 0 0 0 0 0 
0 0 0 0 0 0 0 0 0 0 0 0 0 0 0 6.952032386e-08 0 0 6.944913356e-08 0 0 0 0 0 0 0 0 0 0 0 0 6.953335158e-08 0 6.953283717e-08 0 0 0 0 0 0 0 0 0 0 0 0 6.948501794e-08 6.952109623e-08 0 0 0 0 6.948286718e-08 0 0 0 0 6.953635196e-08 0 0 0 0 0 0 0 0 0 0 0 0 0 0 0 0 0 0 0 6.945275816e-08 0 0 0 0 6.94893635e-08 0 0 0 0 0 0 0 0 0 0 0 0 0 0 6.955250474e-08 0 0 0 
0 0 0 0 0 0 0 0 6.930597161e-08 0 0 0 0 0 0 0 6.950270857e-08 0 0 0 0 0 0 0 0 0 0 0 0 0 6.947565264e-08 0 0 0 0 0 0 0 0 0 0 0 0 1.387940213e-07 0 0 0 0 0 0 0 0 0 0 0 1.389955566e-07 0 0 6.957319605e-08 0 0 0 6.954767037e-08 0 0 0 0 0 0 0 0 0 0 0 6.942072426e-08 0 0 0 6.948951996e-08 0 0 0 0 6.957436291e-08 0 0 0 0 0 0 0 0 0 0 0 0 0 0 0 0 0 
0 0 0 0 0 0 0 0 0 6.952202913e-08 0 0 0 0 0 0 0 0 0 0 0 0 0 0 0 0 0 0 0 0 0 0 0 0 0 0 0 0 0 0 0 6.947546073e-08 6.95236633e-08 0 0 0 0 0 0 0 0 6.955477665e-08 0 0 0 0 6.950256721e-08 0 0 6.935621515e-08 6.947777977e-08 6.957132668e-08 0 0 0 0 0 0 0 0 6.932965573e-08 0 0 0 0 0 1.390100947e-07 0 0 0 0 0 0 0 0 0 0 0 0 0 0 0 0 0 6.949844252e-08 0 0 0 0 0 0 
0 0 0 0 0 0 0 0 0 0 0 0 0 0 0 6.952161386e-08 0 0 0 0 0 0 0 0 0 0 0 0 0 0 0 0 0 6.911427316e-08 0 0 0 0 0 0 6.946315296e-08 0 0 0 0 0 0 0 0 0 0 0 0 0 0 0 0 6.953163656e-08 0 0 0 0 0 0 0 6.94598575e-08 0 0 0 0 0 0 0 0 0 0 0 0 0 0 0 0 0 0 0 0 0 0 0 6.955689676e-08 0 0 0 0 6.936349002e-08 0 0 0 0 0 6.955754099e-08 
0 0 0 0 0 0 0 0 6.926527055e-08 0 6.944068076e-08 0 0 0 0 0 6.9447538e-08 0 6.939377965e-08 0 0 0 0 0 0 0 0 0 0 0 0 0 0 0 0 0 0 0 0 0 0 0 0 0 0 0 0 0 0 0 0 0 0 0 0 0 0 0 0 0 0 0 0 0 0 0 0 0 0 0 0 0 0 0 1.387067704e-07 0 0 0 0 0 0 0 0 0 6.952878027e-08 0 6.946275193e-08 0 0 0 0 0 0 0 0 0 0 0 0 0 0 
1.391182823e-07 6.938456447e-08 0 0 0 0 0 0 0 0 0 0 0 0 6.955079806e-08 0 6.945160762e-08 6.953347269e-08 0 0 6.954417209e-08 0 0 0 0 0 0 0 0 6.935641598e-08 0 0 0 0 0 0 0 0 0 0 0 0 0 0 0 0 0 0 0 0 0 0 0 6.93908293e-08 0 6.954558613e-08 0 0 0 0 0 0 0 6.94454908e-08 0 0 0 0 0 0 6.949134255e-08 0 0 0 0 0 0 0 0 0 0 0 0 0 0 0 0 0 0 0 0 0 0 6.950128455e-08 0 0 0 0 0 0 0 
0 0 0 0 0 0 0 0 0 0 0 0 0 0 0 0 6.950727394e-08 0 0 0 0 0 0 0 0 0 0 0 0 0 0 0 0 0 0 0 0 0 0 0 6.950990678e-08 6.951542529e-08 0 0 0 0 0 0 0 0 0 0 0 0 6.941445153e-08 0 0 0 0 6.950761174e-08 6.947440705e-08 0 0 0 0 0 0 0 0 6.955539694e-08 0 0 0 6.947395037e-08 0 0 0 0 0 0 0 0 0 0 0 0 0 0 0 0 0 0 6.956326939e-08 0 0 0 0 0 0 0 0 
0 0 0 0 0 0 0 0 0 0 0 0 0 0 6.937626487e-08 0 0 6.948923402e-08 0 0 0 0 0 0 0 0 0 0 0 0 0 0 0 0 0 6.949689275e-08 0 0 0 0 0 0 0 0 0 0 0 0 0 0 0 0 0 0 0 0 0 6.941740527e-08 0 0 0 6.940287408e-08 0 0 0 0 0 0 0 0 0 0 0 0 0 6.955163925e-08 0 0 0 0 0 0 0 0 0 0 6.955808252e-08 0 0 0 0 0 0 6.955241014e-08 0 0 0 0 0 6.946599169e-08 0 
0 0 0 0 0 0 0 0 0 0 0 0 0 6.946799262e-08 0 0 6.93990934e-08 0 0 0 0 0 0 6.94880936e-08 0 0 0 0 0 0 0 0 0 0 0 6.931862892e-08 0 0 0 0 0 0 0 0 0 0 0 0 0 0 0 0 6.951318723e-08 0 0 0 0 0 0 0 0 0 6.942436326e-08 0 0 6.957234137e-08 0 0 0 0 0 0 0 6.951903154e-08 6.952807775e-08 0 0 0 0 0 0 6.954245032e-08 0 0 0 0 0 0 0 0 6.954699345e-08 6.9160964e-08 0 0 0 0 0 0 0 0 0 
0 0 0 6.948688165e-08 0 0 0 0 0 0 6.943328217e-08 0 0 0 0 6.940714346e-08 0 0 0 0 0 0 0 0 0 0 0 0 0 0 0 0 0 0 6.956235652e-08 0 0 0 0 0 0 0 0 0 0 0 0 0 0 0 6.954059184e-08 0 0 0 0 0 0 0 0 0 0 0 6.953420085e-08 0 0 0 0 6.954266629e-08 0 0 0 6.932939654e-08 0 0 0 0 0 6.950272412e-08 0 0 0 0 0 0 0 0 0 0 0 0 0 0 0 0 0 0 0 0 0 0 0 
0 0 0 0 0 0 0 0 0 0 1.390363212e-07 0 0 0 0 0 0 0 0 0 6.953731655e-08 0 0 0 0 0 0 0 0 0 0 0 0 0 0 0 0 0 0 0 0 0 0 0 0 0 0 0 0 0 0 0 0 0 0 0 0 6.948302863e-08 0 0 6.957451329e-08 6.956532221e-08 0 0 0 6.94783389e-08 0 0 0 0 6.956371175e-08 0 0 0 0 0 0 0 0 0 0 0 0 6.950153798e-08 0 0 0 0 0 0 0 6.949222324e-08 0 0 0 0 0 0 0 0 0 
0 0 0 0 0 0 0 0 0 0 0 0 0 0 0 0 0 0 0 0 6.953366836e-08 0 0 0 1.387418753e-07 0 0 0 0 0 0 0 0 6.944419307e-08 0 0 0 0 0 0 0 0 0 0 0 0 0 0 6.946585819e-08 0 0 0 0 0 0 0 0 0 0 0 0 0 0 0 0 6.955716262e-08 0 0 0 0 0 0 0 0 0 0 0 0 0 0 0 0 0 0 0 0 6.953039212e-08 0 0 0 6.917497995e-08 0 0 0 0 0 0 0 0 0 0 
0 0 0 0 0 0 0 0 0 0 0 0 0 0 0 0 0 6.952530507e-08 0 0 0 0 0 0 0 0 0 0 0 0 6.933909393e-08 0 0 0 6.936353017e-08 0 0 0 0 6.922387261e-08 0 0 0 0 0 0 6.942745955e-08 0 0 6.946487225e-08 6.95525655e-08 0 0 0 6.951953765e-08 0 0 0 0 0 6.952553235e-08 0 0 0 0 0 0 0 0 0 0 0 0 0 0 0 0 0 0 0 0 6.952212648e-08 0 0 0 0 0 6.927395075e-08 0 0 0 0 0 0 0 0 6.95669225e-08 0 0 0 0 
0 0 0 0 6.951426152e-08 0 0 0 0 0 0 0 0 0 0 0 0 6.947753141e-08 0 0 0 0 6.947283085e-08 6.952395097e-08 0 0 0 0 0 6.95479296e-08 0 0 0 6.950726325e-08 0 0 0 0 0 0 0 0 0 0 0 0 6.951748367e-08 0 0 0 0 0 0 6.948157368e-08 0 0 0 0 0 0 0 0 0 6.950549484e-08 0 0 0 0 0 0 0 0 0 0 0 0 0 0 0 0 0 0 0 0 0 0 0 0 0 6.922532768e-08 0 0 6.948438776e-08 0 0 0 6.950813305e-08 0 0 0 0 
0 0 0 0 0 0 0 0 0 0 0 0 0 0 0 0 0 0 0 0 0 0 0 0 0 0 0 0 0 0 0 0 0 0 0 6.954256895e-08 0 0 0 0 6.951434298e-08 0 0 0 0 6.942809443e-08 0 0 0 0 0 0 0 0 0 0 0 0 0 0 0 6.935789098e-08 0 0 0 0 0 0 0 0 0 0 0 0 0 0 0 0 0 0 0 0 0 0 0 6.954171216e-08 0 0 0 0 0 0 0 0 0 0 0 0 0 0 0 
0 0 0 0 0 0 0 0 0 0 0 6.954964972e-08 0 0 0 0 0 6.95758877e-08 0 6.948059648e-08 0 0 0 0 0 0 0 0 0 0 0 0 0 0 0 0 0 0 6.954926219e-08 0 6.95034281e-08 0 0 0 0 0 0 0 0 0 0 0 0 0 0 0 0 0 0 0 6.952786922e-08 0 6.949781533e-08 0 0 0 0 0 0 6.951141724e-08 0 0 0 6.957273578e-08 6.953744785e-08 0 0 0 0 0 0 0 0 0 6.929714101e-08 0 0 0 6.919475061e-08 0 0 0 0 0 0 0 0 0 0 0 0 
0 0 0 0 0 0 0 0 0 0 0 0 0 0 0 0 0 0 0 0 0 0 0 6.951858561e-08 0 0 6.944775205e-08 0 0 0 0 0 0 0 0 0 0 0 1.390901314e-07 0 6.950340628e-08 0 0 0 0 0 0 0 0 0 1.389965321e-07 0 0 0 6.953971155e-08 0 0 0 0 0 0 0 0 0 0 0 0 0 0 0 6.94314145e-08 0 0 0 0 0 0 0 0 0 0 0 0 0 0 0 0 6.952556457e-08 0 0 0 0 0 0 0 0 0 0 0 0 0 
0 0 0 0 0 0 0 0 0 0 0 0 6.95481805e-08 0 6.95619559e-08 0 0 0 0 0 0 0 0 0 0 0 0 0 0 0 0 0 0 0 0 0 0 0 0 6.934629242e-08 0 0 0 0 6.930221994e-08 0 0 0 0 0 0 0 0 0 0 0 0 0 0 0 0 0 0 0 0 0 0 6.956651709e-08 0 0 6.951007869e-08 0 0 0 0 6.957343928e-08 1.389708346e-07 0 0 0 0 0 0 0 0 0 6.946643812e-08 0 0 6.952800248e-08 0 0 0 0 0 0 6.930443414e-08 6.937628407e-08 0 0 0 
0 0 0 0 0 0 6.944351122e-08 0 0 0 0 0 0 0 0 0 0 0 0 0 6.95398147e-08 0 0 0 0 0 0 0 0 0 0 0 0 0 0 0 6.956692551e-08 0 0 0 0 0 0 0 0 0 0 0 0 0 0 0 0 0 0 0 0 6.948527295e-08 0 0 0 6.895796125e-08 0 0 0 0 0 0 0 0 0 0 0 0 0 0 0 0 0 0 0 0 0 6.947384559e-08 0 0 0 0 0 0 0 0 0 0 6.951247777e-08 0 0 0 0 0 0 
0 0 0 6.952833475e-08 0 0 0 0 0 0 0 0 0 0 0 0 0 6.925796022e-08 0 0 0 0 0 0 0 0 0 0 0 6.953171909e-08 0 0 0 0 0 0 0 0 0 0 0 0 0 0 0 0 0 0 0 0 0 6.94517863e-08 0 0 0 0 0 0 0 0 6.923738408e-08 0 6.936271202e-08 0 0 0 0 0 0 0 0 0 0 0 0 0 0 0 0 0 0 0 0 0 0 0 0 0 0 0 0 0 0 0 0 0 0 0 0 0 0 
0 0 0 0 0 0 0 0 6.948866217e-08 0 0 0 0 0 0 6.953011188e-08 0 0 0 0 0 0 0 0 0 0 0 0 0 0 0 0 0 0 0 0 0 0 0 0 0 0 0 0 0 0 0 0 0 6.947386475e-08 0 0 0 0 0 0 6.935188739e-08 0 0 0 0 0 0 0 0 0 0 0 0 0 0 6.951933793e-08 0 6.949799105e-08 0 0 0 6.957012016e-08 0 6.944983404e-08 0 0 0 0 0 6.938846288e-08 0 1.386926981e-07 0 0 0 0 0 6.943716212e-08 0 0 0 0 0 0 0 
0 0 0 0 0 0 0 0 0 0 0 0 0 0 0 0 0 0 0 0 0 0 0 0 0 0 0 0 0 0 0 0 0 0 0 0 0 0 0 6.946707599e-08 0 0 0 0 0 0 0 0 0 0 0 0 0 0 0 6.94404267e-08 0 0 0 0 0 0 0 6.92361197e-08 0 0 0 0 0 0 0 0 0 0 0 0 0 0 0 0 0 0 0 0 0 0 0 0 0 0 0 0 6.931478373e-08 0 0 0 0 0 0 0 0 
0 0 0 6.937522004e-08 0 0 0 0 0 0 6.955955472e-08 0 0 0 0 0 0 6.952476253e-08 0 0 0 0 0 0 0 0 0 0 0 0 0 0 0 0 0 0 0 0 0 0 0 0 0 6.946188746e-08 0 0 0 0 0 0 6.948638153e-08 0 0 6.934761315e-08 0 0 0 0 0 0 0 0 0 0 0 0 0 0 0 0 0 0 0 0 0 0 0 0 0 0 0 0 0 0 0 0 0 0 0 0 0 6.954742513e-08 0 0 0 0 0 0 0 0 0 
0 0 0 0 0 0 0 0 0 0 0 0 0 0 0 0 0 0 0 0 0 0 0 6.951367286e-08 6.947771376e-08 0 0 0 0 0 0 0 0 0 0 0 0 0 0 6.950073667e-08 0 0 0 0 0 0 0 0 0 0 6.94113286e-08 6.945985126e-08 1.390583522e-07 0 0 0 0 0 0 0 0 0 0 6.956214362e-08 0 0 0 0 0 0 0 0 0 0 6.926760578e-08 0 0 0 0 0 0 0 0 0 6.948861393e-08 0 0 0 0 0 0 0 0 0 0 0 0 0 0 0 0 
0 0 0 0 0 0 0 0 0 0 0 0 0 0 0 0 6.949764629e-08 0 0 0 0 0 0 0 0 0 0 0 0 6.936952425e-08 0 0 0 0 0 0 1.390675996e-07 0 0 0 6.951589578e-08 0 0 0 0 0 0 0 0 0 0 6.951236856e-08 0 0 0 0 0 0 0 0 0 0 0 0 0 0 0 0 6.954511684e-08 0 0 0 0 0 0 0 0 0 0 0 0 0 0 0 0 0 0 0 0 0 0 0 0 0 0 0 0 6.934396902e-08 0 0 0 
0 0 0 0 0 0 0 0 0 0 0 0 0 0 0 0 0 6.955213065e-08 0 6.95021259e-08 0 0 0 0 0 0 0 0 0 0 0 0 6.949717954e-08 0 0 0 0 0 0 0 0 0 0 0 0 0 0 0 0 0 0 0 0 0 0 0 0 0 0 0 0 0 0 6.952339041e-08 0 0 0 0 0 0 0 0 6.945012743e-08 0 0 6.930459021e-08 0 0 6.956040966e-08 0 6.937601856e-08 0 0 0 0 6.954844287e-08 6.948098418e-08 0 0 6.945037433e-08 0 0 6.957148395e-08 0 0 0 0 0 0 0 0 
0 0 0 0 0 0 0 6.939708601e-08 0 0 0 0 6.956384521e-08 6.951748531e-08 0 0 0 0 0 0 6.955211538e-08 0 0 6.935150642e-08 0 0 0 0 0 6.948510256e-08 0 0 6.948336415e-08 6.9401255e-08 0 0 0 0 6.940995021e-08 0 0 0 0 0 0 0 0 0 0 0 0 0 0 0 0 0 0 6.957035996e-08 0 0 0 0 0 0 0 0 0 0 0 0 0 0 0 0 0 0 6.94775676e-08 0 0 0 0 0 0 0 0 0 0 0 0 0 0 0 0 0 0 0 0 0 0 0 0 
0 0 0 0 0 0 0 0 0 0 0 0 0 0 0 0 0 0 0 0 0 0 0 6.91087622e-08 0 0 6.952230584e-08 0 0 0 0 6.929346753e-08 0 0 0 0 0 0 6.957547889e-08 0 0 0 0 0 0 6.952974979e-08 0 0 0 0 0 0 0 0 0 0 0 0 6.937214916e-08 0 0 0 0 0 0 0 0 0 0 0 6.953741645e-08 0 0 6.932659469e-08 0 0 0 0 0 0 0 1.387439672e-07 0 0 0 0 0 6.93888056e-08 0 0 0 0 0 0 0 0 0 0 0 0 0 
0 0 0 0 6.951237727e-08 0 0 0 0 6.947346819e-08 6.94634716e-08 0 0 0 0 0 0 0 6.951293154e-08 0 0 0 0 0 6.956070303e-08 0 0 6.953400184e-08 0 0 0 0 0 0 0 6.957154631e-08 0 0 0 0 0 0 0 0 0 0 0 0 0 0 0 0 0 0 0 0 6.952929474e-08 0 0 0 0 0 0 0 0 0 0 6.934468655e-08 0 0 0 0 0 0 6.95066534e-08 0 6.952635495e-08 0 6.955216771e-08 0 0 0 0 0 0 6.950659723e-08 0 0 0 6.948111034e-08 0 0 0 0 0 6.953093471e-08 0 0 0 0 0 
0 0 0 0 0 0 0 0 0 0 0 0 0 0 0 0 0 0 0 0 0 0 6.940269432e-08 0 0 0 6.953829182e-08 0 0 0 0 0 0 0 0 0 0 0 6.95385145e-08 0 0 0 0 0 0 6.957470298e-08 0 0 0 0 0 0 0 0 0 0 0 0 0 0 0 6.955362686e-08 0 0 0 0 0 0 0 0 0 0 0 0 0 0 0 0 0 0 0 0 0 0 0 0 0 0 0 0 0 1.389798836e-07 0 0 0 0 0 0 0 0 0 
0 0 0 0 0 0 0 0 0 0 0 0 0 0 0 0 0 0 0 0 6.955625079e-08 0 0 0 6.956028224e-08 0 6.955046369e-08 0 0 0 0 0 0 0 0 0 0 0 0 0 0 0 0 0 0 0 0 0 0 0 0 0 0 0 0 0 0 0 6.944039091e-08 0 0 0 6.944983821e-08 0 0 0 0 0 0 0 0 0 0 0 0 0 6.950895538e-08 0 0 0 0 0 0 0 0 0 0 0 0 0 0 6.945033967e-08 0 0 0 0 6.930352434e-08 0 0 0 0 
0 0 0 0 0 0 0 0 0 0 0 0 0 0 0 6.953008751e-08 0 0 6.926776393e-08 0 0 0 0 0 0 0 0 0 0 0 0 0 0 0 0 0 0 0 0 0 0 0 0 0 6.949442477e-08 0 0 0 6.949458825e-08 0 0 0 0 0 6.941035071e-08 0 0 0 0 6.935641192e-08 0 6.932927369e-08 0 0 0 0 0 0 0 0 0 0 6.954089503e-08 6.930777149e-08 0 0 0 0 0 0 0 0 0 0 6.928481452e-08 0 0 0 0 0 0 0 0 0 0 0 0 0 0 0 0 
0 0 0 0 0 0 0 0 0 0 0 0 0 0 0 0 0 0 0 0 0 0 0 0 0 0 0 0 0 0 0 0 0 0 0 0 0 0 0 0 0 0 0 6.948609256e-08 0 0 0 0 0 0 0 6.948280367e-08 0 6.956885511e-08 0 0 0 6.930161038e-08 6.925134474e-08 0 0 0 6.956836375e-08 0 0 0 0 0 0 6.944631484e-08 0 0 0 0 0 0 0 0 0 0 0 0 0 0 0 0 0 0 0 0 0 0 0 0 0 0 0 0 0 0 0 
0 0 0 0 0 0 0 0 0 0 0 0 0 0 0 0 0 0 0 0 0 0 0 0 0 6.954676274e-08 0 0 0 0 0 0 0 0 0 0 0 0 0 0 0 0 0 0 6.933582365e-08 0 0 0 0 0 0 0 0 0 0 0 0 6.957348246e-08 0 0 6.953448483e-08 0 0 0 0 0 0 0 0 0 0 0 0 6.957031431e-08 0 0 0 0 0 0 0 0 0 0 0 0 0 0 6.946933729e-08 6.934354397e-08 0 6.953207793e-08 0 0 0 0 0 0 0 0 0 
0 0 0 0 0 0 0 0 0 0 0 0 6.937652804e-08 0 0 0 0 0 0 0 0 0 0 0 0 0 0 0 0 0 6.951997477e-08 0 0 0 0 0 0 0 0 0 0 0 0 0 0 0 0 0 0 0 0 6.943904954e-08 6.942541178e-08 6.951225551e-08 0 0 0 0 0 6.953918154e-08 0 0 0 0 0 0 0 0 0 0 0 0 0 0 0 0 0 0 0 0 0 0 0 0 6.943466627e-08 0 6.924423759e-08 0 2.086261696e-07 0 0 0 0 0 0 0 0 0 0 0 0 
0 0 0 0 0 0 0 6.957268584e-08 0 0 0 0 6.94121728e-08 0 0 0 0 0 0 0 0 0 0 0 0 0 0 6.94914301e-08 0 6.957387968e-08 0 0 0 0 0 0 0 0 0 0 0 0 6.953976726e-08 6.952909283e-08 0 0 0 0 0 0 0 0 0 0 0 0 0 0 0 0 0 0 0 0 0 0 0 0 0 0 0 0 0 0 0 0 0 0 0 0 0 0 0 0 0 0 0 0 0 0 0 0 0 0 6.944770975e-08 0 0 0 0 0 0 
0 0 1.390943961e-07 0 6.942720795e-08 0 0 0 0 0 6.940655791e-08 0 0 0 0 0 0 0 0 0 0 6.94336404e-08 0 0 6.926161672e-08 0 0 0 0 0 0 0 0 0 6.954026513e-08 0 0 1.390310273e-07 0 0 6.943633067e-08 0 0 0 0 0 0 0 0 6.954836699e-08 0 0 0 0 6.954813287e-08 0 0 0 0 0 0 0 6.946950684e-08 0 0 0 0 0 0 0 0 6.953375972e-08 0 6.944352508e-08 0 0 0 0 0 0 0 0 0 0 0 0 0 0 0 0 0 0 0 0 0 0 0 0 0 0 0 
0 0 0 0 0 0 0 0 0 0 0 0 0 0 0 0 0 0 0 0 0 0 0 0 6.954732382e-08 0 0 0 0 0 6.953676483e-08 0 0 0 0 0 0 6.941266226e-08 0 0 0 0 6.952004414e-08 6.945991275e-08 0 0 0 0 0 0 0 0 0 0 6.929147963e-08 6.932237053e-08 0 0 0 0 0 0 6.955799381e-08 0 0 0 0 0 0 6.957617151e-08 6.936089927e-08 0 0 0 0 0 0 0 0 6.957577598e-08 0 0 0 0 0 6.927431349e-08 0 0 0 0 0 0 1.391433572e-07 0 0 0 0 0 6.952462453e-08 0 0 
0 0 0 0 0 0 0 0 0 0 0 0 0 6.93705099e-08 0 6.947535891e-08 0 0 0 0 0 0 0 0 6.946630271e-08 0 6.95580215e-08 0 0 0 0 0 0 0 0 0 0 6.946247637e-08 0 0 0 0 0 0 0 6.948623575e-08 0 0 0 0 0 6.955816943e-08 0 0 6.947433008e-08 0 0 0 0 0 0 0 0 0 0 0 0 0 6.950217157e-08 0 6.957590288e-08 0 0 0 0 0 0 0 0 0 0 0 0 0 0 0 0 0 0 0 6.918655769e-08 0 0 0 0 0 0 0 0 0 0 
0 0 0 0 0 0 0 0 0 0 0 0 0 0 6.952104632e-08 0 0 0 0 0 0 0 0 0 0 0 0 0 0 0 6.95449036e-08 0 0 0 0 0 0 0 0 0 0 0 0 0 0 0 6.940869106e-08 0 6.931464028e-08 0 0 6.956184483e-08 0 0 0 0 0 0 0 0 6.951261295e-08 0 0 0 0 0 0 0 0 0 0 0 0 0 0 0 0 0 0 0 0 0 0 0 0 6.95211551e-08 6.952788125e-08 0 0 0 0 0 0 0 6.955095271e-08 0 0 0 0 6.9512585e-08 0 
0 0 0 0 0 0 6.94336424e-08 0 0 6.952964954e-08 0 0 6.944048688e-08 0 0 0 0 0 0 6.929011177e-08 0 0 0 0 0 0 0 0 0 0 0 0 0 0 0 0 0 0 0 6.942865288e-08 0 0 6.95444534e-08 0 0 0 0 0 0 0 6.953650523e-08 0 6.954892962e-08 0 0 0 0 0 0 0 0 0 0 0 0 0 0 0 0 0 6.955592458e-08 6.955068461e-08 0 0 0 0 0 0 0 0 0 0 0 0 0 6.941197679e-08 0 0 0 0 6.956208768e-08 6.952217135e-08 0 0 0 0 0 0 6.951763077e-08 0 0 
0 0 0 0 0 0 0 0 0 0 0 0 0 0 0 0 0 0 0 6.936752e-08 0 0 0 0 0 6.946362174e-08 0 0 0 0 0 0 0 0 0 0 0 6.945913266e-08 6.950444499e-08 0 0 6.952547316e-08 0 0 0 0 0 0 0 0 0 0 6.930928459e-08 0 0 0 0 0 0 0 0 0 0 0 0 0 0 0 0 0 0 0 0 0 0 0 0 0 0 6.948434703e-08 0 6.940000783e-08 0 0 0 0 0 0 0 0 0 0 0 0 0 0 0 6.956589557e-08 0 0 0 
0 0 0 0 0 0 6.948544331e-08 0 0 0 0 0 0 0 0 0 6.949439827e-08 0 0 0 0 0 0 0 0 0 0 6.957307315e-08 0 0 0 0 0 0 0 0 0 0 0 6.956309758e-08 0 0 6.940891835e-08 0 0 0 0 0 0 0 0 0 0 0 0 0 0 0 0 0 0 0 0 0 0 0 0 0 0 0 0 0 0 0 6.954733721e-08 6.954138825e-08 0 0 0 0 0 0 0 0 0 0 6.941482465e-08 0 0 0 0 0 0 0 0 0 0 0 0 0 0 
0 0 0 0 0 0 0 0 0 0 0 0 0 0 0 0 0 0 0 0 0 0 0 0 0 0 0 0 0 0 0 0 0 0 0 0 6.954126594e-08 0 0 0 0 0 0 0 0 0 6.948782807e-08 0 0 0 0 0 0 0 0 0 0 0 0 0 0 0 6.9539536e-08 0 0 0 0 0 0 0 0 0 0 0 6.953953496e-08 0 0 0 0 0 0 0 0 0 0 0 0 0 0 0 0 0 0 0 0 0 0 0 0 0 0 
0 0 0 0 0 0 0 0 0 0 0 0 0 0 0 0 6.936846782e-08 0 0 6.946947356e-08 0 0 0 0 0 0 0 0 0 0 0 0 0 0 0 0 0 0 0 0 0 0 0 6.935480575e-08 0 0 0 0 0 6.949574262e-08 6.934419108e-08 0 0 0 0 0 6.938426774e-08 0 0 0 0 0 0 0 6.934454841e-08 0 0 0 0 0 0 0 0 0 0 0 0 0 0 0 0 0 0 0 0 0 0 0 0 0 0 0 0 0 0 0 6.955783667e-08 0 0 0 6.932512294e-08 
0 0 0 0 0 0 0 0 0 0 0 0 0 0 0 0 0 6.948098421e-08 6.954163544e-08 0 0 0 6.943864723e-08 0 0 0 0 0 0 0 0 0 0 0 0 0 0 0 0 0 0 0 0 0 0 0 0 0 0 0 0 0 0 0 0 0 0 0 0 0 0 0 0 0 6.951246008e-08 0 0 0 0 0 1.386679664e-07 6.946755502e-08 0 0 0 0 0 0 0 0 0 0 0 0 0 6.951490376e-08 0 0 0 6.955379491e-08 0 0 0 0 0 0 0 0 0 0 0 
0 0 0 0 0 0 0 0 0 0 0 0 0 0 0 0 0 0 0 6.949622316e-08 6.942973676e-08 0 6.951933073e-08 0 0 0 0 0 0 0 0 6.950609141e-08 0 6.940250727e-08 0 0 0 0 0 0 6.946582361e-08 0 0 0 0 0 0 0 0 0 0 0 0 6.935103614e-08 6.955281377e-08 0 0 0 0 0 0 0 0 0 0 0 0 0 0 6.952119633e-08 0 0 0 0 0 0 0 0 0 0 6.935043368e-08 0 0 0 0 0 0 0 0 0 0 0 0 0 0 0 0 0 0 0 0 
0 0 0 0 0 0 0 0 0 0 0 0 0 0 0 0 0 0 0 0 0 0 0 0 0 0 0 0 0 0 0 6.941581097e-08 0 0 0 0 0 0 0 0 0 0 0 0 0 0 0 0 0 0 0 0 0 0 0 0 0 0 6.938457488e-08 0 0 0 0 0 0 0 0 0 0 0 0 0 0 0 6.938616668e-08 0 0 0 0 0 0 0 0 0 0 0 0 0 0 0 0 0 0 0 0 0 0 0 0 0 0 
0 0 0 0 0 0 0 0 0 0 0 0 0 0 0 0 0 0 0 0 0 0 0 0 0 0 0 0 0 0 0 0 0 0 0 0 0 0 0 0 0 0 0 0 0 0 0 6.946040561e-08 0 0 0 0 0 0 0 0 0 0 0 0 0 0 0 0 6.917808039e-08 0 0 0 0 0 0 0 0 0 0 6.95587187e-08 0 6.929781738e-08 0 0 0 0 0 0 0 0 0 0 0 0 0 0 0 0 0 0 0 0 0 0 0 
0 0 0 0 0 0 1.390023107e-07 0 0 0 0 0 0 6.925922771e-08 0 0 6.946194461e-08 0 0 0 0 6.934994353e-08 0 0 0 0 0 0 0 0 0 0 0 0 0 0 0 0 0 0 0 6.944279005e-08 0 0 6.934093131e-08 0 0 0 0 0 0 0 0 0 0 0 0 0 0 0 0 0 0 0 0 0 0 0 0 0 6.940648294e-08 0 0 0 0 0 0 6.9478658e-08 0 0 0 0 0 6.953966495e-08 0 0 0 6.944716466e-08 0 0 0 0 0 0 0 0 0 0 0 0 0 
0 0 0 0 0 0 0 0 0 0 0 0 0 0 0 0 0 0 0 0 0 0 6.955367078e-08 0 0 0 0 6.952688122e-08 0 0 0 0 0 0 0 0 0 0 0 0 0 0 0 0 0 0 0 0 0 6.95242617e-08 0 0 0 0 0 0 0 0 0 0 0 0 0 0 6.932171437e-08 0 0 0 0 0 0 0 0 0 0 0 0 0 0 0 0 0 0 0 0 0 0 0 0 0 0 0 0 0 0 0 0 0 0 0 6.93952347e-08 
0 0 0 0 0 0 0 0 6.927065905e-08 0 0 0 0 0 0 0 0 0 0 0 0 0 0 0 0 0 0 6.948413379e-08 0 0 0 6.943376992e-08 0 6.951301313e-08 0 0 0 0 0 0 0 0 0 0 0 0 0 0 0 0 0 0 0 0 6.943061388e-08 0 0 0 0 0 0 0 0 0 0 0 0 0 0 0 0 0 0 0 0 0 0 0 0 6.932382732e-08 0 0 0 0 0 0 0 0 0 6.939936355e-08 6.953409864e-08 0 0 0 0 0 0 0 0 0 6.935120196e-08 
# Errors [psd_monitor/psd_sampel_pos.dat] I_err:
0 0 0 0 6.953215195e-08 0 0 0 0 6.9516542e-08 0 0 0 0 0 0 0 0 0 0 0 0 0 0 0 0 0 0 0 0 0 0 0 0 0 0 0 0 0 0 0 0 0 0 0 0 0 0 0 0 0 0 0 0 0 0 6.953058447e-08 0 0 0 0 0 0 0 0 0 0 0 0 0 0 0 0 0 0 0 0 0 0 0 0 0 0 0 0 0 0 0 6.923864021e-08 0 0 0 6.94517627e-08 0 0 0 0 6.948276489e-08 0 0 6.952990918e-08 
0 0 0 0 0 0 0 0 0 0 0 0 0 0 0 0 0 0 0 0 0 0 0 0 0 0 0 0 0 0 0 0 0 0 0 0 0 0 0 0 0 0 0 0 0 0 0 0 0 0 0 0 0 0 0 0 0 0 0 0 0 0 0 0 0 9.826220764e-08 0 6.955060278e-08 6.940521145e-08 0 0 0 0 6.95001053e-08 0 0 0 0 0 6.952695972e-08 0 0 0 0 0 0 0 0 0 6.947500923e-08 0 0 0 0 0 0 0 0 0 0 0 
0 0 0 0 0 0 0 6.939658329e-08 0 0 0 0 0 0 6.942771886e-08 0 0 0 0 0 0 0 0 0 0 0 0 0 0 0 0 6.955907053e-08 0 0 0 0 0 0 0 0 0 0 0 0 0 0 0 0 0 0 0 0 0 0 0 0 0 0 0 0 0 0 0 0 0 0 0 0 0 0 0 0 0 0 0 0 0 0 0 0 0 0 0 0 0 0 0 0 0 0 0 6.950911685e-08 0 0 0 0 0 0 6.951502024e-08 0 6.954583826e-08 
0 0 0 0 0 0 0 0 0 0 0 0 0 0 0 0 0 0 0 0 0 0 0 0 0 0 0 0 0 0 6.949569444e-08 0 0 0 0 0 0 6.942593882e-08 0 0 0 0 0 0 0 0 0 6.9555532e-08 0 0 0 0 0 0 0 0 6.946928119e-08 0 0 0 0 0 0 0 0 0 0 0 0 0 0 0 0 0 0 0 0 6.951538232e-08 0 0 0 0 0 0 0 0 0 0 0 0 0 0 6.947070529e-08 0 0 0 0 0 0 0 0 
0 0 0 0 0 0 6.940592876e-08 0 0 0 0 0 0 0 0 0 0 0 0 0 0 6.957006039e-08 0 0 0 0 0 0 0 0 0 0 0 0 0 0 0 0 0 0 0 0 0 0 0 0 0 0 0 0 0 0 6.952663557e-08 0 0 0 0 0 0 0 0 0 6.952066502e-08 0 0 0 0 6.949796964e-08 0 0 0 0 0 0 0 0 0 0 0 0 0 0 0 0 0 0 0 0 0 0 0 0 0 0 0 0 0 0 0 0 0 
0 0 0 0 0 0 0 0 0 0 0 0 0 0 0 0 0 0 0 0 0 0 0 0 0 0 0 6.956778969e-08 0 0 0 0 0 0 0 0 0 6.945681312e-08 0 0 0 0 0 0 0 0 0 0 0 0 0 0 0 0 0 0 0 0 6.936994421e-08 0 0 0 0 0 0 0 0 0 0 6.955802669e-08 0 0 0 0 0 0 0 6.950305047e-08 0 0 0 0 0 0 0 0 0 0 0 0 0 0 0 0 0 0 0 0 0 0 0 
0 6.940153599e-08 0 0 0 0 0 0 0 0 0 0 6.947276381e-08 0 0 0 0 0 0 0 0 0 0 0 0 0 0 0 0 0 0 9.831036515e-08 0 0 0 0 9.829306487e-08 0 0 0 6.956441296e-08 0 0 0 0 0 0 0 0 0 0 0 0 0 0 0 0 0 0 0 0 0 6.949250051e-08 0 0 0 0 0 0 0 0 6.950362834e-08 0 0 0 6.95031154e-08 0 0 0 0 0 6.952843329e-08 6.955701214e-08 6.944654206e-08 0 0 0 0 0 6.956991192e-08 0 0 0 0 0 6.950868159e-08 6.950553611e-08 0 0 0 6.955797878e-08 
0 0 0 0 0 0 0 0 0 0 0 0 0 0 0 0 0 0 0 0 0 0 0 0 0 6.950761537e-08 0 0 0 0 0 0 0 0 0 0 0 0 0 0 0 6.936347369e-08 0 0 6.957441322e-08 0 6.953867435e-08 0 0 0 0 0 0 0 0 0 0 0 0 0 0 0 9.831630141e-08 0 0 0 0 0 0 0 0 6.939781477e-08 0 0 0 0 0 6.955272337e-08 0 0 0 0 0 0 0 0 0 0 0 0 0 0 0 0 0 6.94500483e-08 0 0 0 0 0 
0 0 0 0 0 0 0 0 0 0 0 0 0 0 0 0 0 0 0 0 0 0 0 0 0 0 0 0 0 0 0 0 0 6.953177864e-08 6.95577349e-08 0 0 0 0 0 0 0 0 0 0 0 0 0 0 6.956308947e-08 0 0 0 0 0 0 0 0 0 0 0 0 6.952395261e-08 0 6.954974017e-08 0 0 0 6.951737704e-08 0 0 0 0 0 0 0 0 0 0 0 0 0 0 0 0 0 0 0 0 6.957638985e-08 0 0 0 0 0 0 0 0 0 0 0 
0 0 0 0 0 0 0 0 6.945231636e-08 0 0 0 0 0 0 0 0 0 0 0 6.944628104e-08 0 0 0 0 0 0 0 0 0 0 0 6.95463846e-08 0 0 0 0 0 0 6.932840557e-08 0 0 0 0 0 0 0 0 0 0 0 0 0 0 0 0 0 0 0 0 6.929149697e-08 0 0 0 0 0 0 0 0 0 0 0 0 0 0 0 0 0 0 0 0 0 0 0 0 0 0 0 6.955410552e-08 0 0 0 0 0 0 0 0 0 0 0 0 
0 0 0 0 0 0 0 0 0 0 0 0 0 0 0 0 0 0 0 0 0 0 0 0 0 0 0 0 0 0 0 0 0 0 0 0 6.946578496e-08 6.929540802e-08 0 0 6.953550119e-08 0 0 0 0 0 6.954048263e-08 0 0 0 6.949968641e-08 0 0 0 0 0 0 0 0 6.936860097e-08 0 0 0 6.951366907e-08 0 0 0 0 0 0 0 0 0 0 0 6.939196255e-08 0 0 0 0 0 0 0 0 0 0 0 6.948167366e-08 0 0 6.922425088e-08 0 0 0 0 0 0 0 0 0 0 
0 0 0 0 0 0 0 0 0 0 0 0 0 0 0 0 0 0 0 0 0 0 0 0 0 0 0 0 6.949113979e-08 0 0 6.951695323e-08 6.952841909e-08 0 0 0 0 0 0 0 0 0 0 0 0 0 0 0 0 0 0 0 6.949902071e-08 0 0 0 0 0 0 0 0 0 0 0 0 0 0 0 0 0 0 0 0 0 0 6.956628767e-08 0 0 0 0 0 0 0 0 0 0 0 6.953963052e-08 0 0 0 0 0 0 6.955315065e-08 0 0 0 0 0 0 
0 6.955084046e-08 6.952571962e-08 0 0 0 0 0 0 0 0 0 0 0 0 0 0 6.938046669e-08 0 0 0 0 0 0 0 0 0 0 0 6.953139141e-08 6.950551351e-08 0 0 0 0 0 0 0 0 0 0 0 0 0 0 0 6.951158276e-08 0 0 6.941985067e-08 0 0 0 0 0 0 0 0 0 0 0 0 6.93315541e-08 0 0 0 0 0 0 0 0 0 6.947704334e-08 6.954523768e-08 0 0 0 0 0 0 0 0 0 0 0 0 0 9.835018301e-08 0 0 0 0 0 0 0 0 0 0 0 0 0 
6.952553454e-08 0 0 0 0 0 0 0 0 0 6.954910323e-08 0 0 0 0 0 0 0 0 0 0 0 0 6.94996334e-08 6.953974538e-08 0 0 0 0 0 0 0 0 6.953881178e-08 0 0 0 0 0 0 0 0 0 0 0 0 0 0 0 0 0 0 6.951011863e-08 0 0 0 0 0 0 6.941815615e-08 0 0 0 0 0 0 0 0 6.947406921e-08 0 0 0 0 0 0 0 0 0 6.950191153e-08 0 0 0 0 0 0 0 0 0 0 6.93835544e-08 0 0 0 0 0 0 0 0 0 0 0 
0 0 0 0 0 0 0 0 0 0 0 0 0 0 0 0 0 0 0 0 0 0 0 0 0 6.940941725e-08 0 0 0 0 0 0 0 0 0 0 0 0 0 0 0 0 0 0 0 9.824192424e-08 0 0 0 0 0 0 0 0 0 0 0 0 0 0 6.955118621e-08 6.94759661e-08 0 0 0 0 0 0 0 0 0 0 0 0 0 0 0 0 0 0 0 0 0 0 0 0 0 0 0 0 0 0 0 6.95672943e-08 0 0 0 0 0 0 0 
0 0 0 0 0 0 0 0 0 0 0 0 0 0 0 0 0 0 0 0 0 0 6.955100953e-08 0 6.950188167e-08 0 0 0 0 0 0 0 0 0 0 0 0 6.94977759e-08 0 0 0 0 0 0 6.950172543e-08 6.939024317e-08 0 0 0 0 0 0 0 0 0 0 0 0 0 0 0 0 0 0 0 0 0 0 0 0 0 0 6.955126307e-08 0 0 0 0 0 0 0 0 0 0 0 0 0 0 0 0 0 0 0 0 0 0 0 6.92581966e-08 0 0 0 0 
0 0 0 0 0 0 0 0 0 0 0 0 0 0 0 6.948135084e-08 0 0 0 0 0 0 0 0 0 0 0 0 0 0 0 0 0 0 0 0 0 0 0 0 6.941032629e-08 0 0 0 0 0 0 0 0 0 0 0 0 6.926531013e-08 0 0 0 6.945276937e-08 0 0 0 0 0 0 0 0 0 0 0 0 0 0 0 0 6.950198243e-08 6.953011668e-08 0 0 6.945334948e-08 0 0 0 0 0 0 0 0 0 0 0 0 0 0 0 0 0 0 6.94627223e-08 0 0 0 
0 0 0 0 0 0 0 0 0 0 0 0 0 0 0 0 0 0 0 0 0 0 0 0 0 0 0 0 0 0 0 0 0 0 0 0 6.950147157e-08 0 0 0 0 0 6.955282122e-08 0 0 0 0 0 0 0 0 0 0 0 0 0 0 6.956255431e-08 0 0 6.944432056e-08 0 0 0 0 0 0 6.934928355e-08 0 6.950942058e-08 0 0 0 0 0 0 0 0 0 0 0 0 0 0 0 0 0 0 0 0 0 0 0 0 0 0 0 0 6.948466159e-08 0 6.941345705e-08 
0 0 0 0 0 0 0 0 0 6.947866462e-08 0 6.955589536e-08 0 0 0 0 0 0 0 0 0 0 0 0 0 0 6.933780084e-08 0 0 0 0 0 0 0 9.836277984e-08 0 0 0 6.947467141e-08 0 0 0 0 0 0 0 0 0 0 0 0 0 0 0 0 0 0 0 0 6.954694065e-08 0 0 0 0 0 0 0 0 0 0 0 0 6.951733545e-08 6.952857231e-08 6.955432788e-08 0 0 0 0 0 0 0 0 0 0 0 6.946300077e-08 0 0 0 0 0 0 6.956384889e-08 0 0 0 0 0 0 0 
6.957341163e-08 0 0 6.955683857e-08 0 0 0 0 0 0 0 0 0 0 0 0 0 0 0 0 0 0 0 0 6.950817978e-08 0 0 0 0 0 0 0 0 0 0 0 0 0 0 0 0 6.954846542e-08 0 0 0 0 0 0 0 0 0 0 0 0 0 0 0 0 0 0 0 0 0 0 0 0 0 0 0 0 0 0 0 0 0 0 0 6.943582097e-08 0 0 0 0 0 0 0 0 0 0 0 0 0 0 0 0 0 0 0 0 0 0 0 
6.955619282e-08 0 0 6.945590842e-08 0 0 0 6.949869784e-08 0 0 0 0 0 0 0 0 0 0 0 0 0 0 0 0 0 0 0 0 0 6.949889505e-08 0 6.950653069e-08 0 0 0 0 0 0 0 0 0 0 0 0 0 0 0 0 0 0 0 0 0 0 0 0 0 0 0 0 0 0 0 0 0 6.95494797e-08 0 0 6.951037389e-08 0 0 6.951077584e-08 0 0 0 0 0 6.952821453e-08 0 0 0 0 0 0 6.953509095e-08 0 0 0 0 0 0 0 0 0 0 0 0 0 0 0 0 
0 0 6.952026492e-08 0 0 0 0 0 0 0 0 0 0 0 0 0 0 0 0 6.94821892e-08 0 0 0 0 0 0 1.202739543e-07 0 0 0 0 0 0 0 6.957275526e-08 0 0 0 0 0 0 0 0 0 0 0 0 0 0 0 0 0 0 0 0 0 0 6.954012378e-08 0 0 0 0 0 0 0 0 0 0 0 0 0 0 0 0 0 0 0 0 0 0 0 0 0 0 0 0 0 0 0 0 0 0 0 0 0 0 0 0 0 6.928222254e-08 0 
0 0 6.931593417e-08 0 0 6.943092067e-08 0 0 0 0 0 0 0 0 0 6.955205842e-08 0 0 0 0 0 0 0 0 0 0 0 0 0 0 0 0 0 0 0 0 0 0 0 0 0 0 0 0 0 6.946814057e-08 0 0 6.929428176e-08 6.937188233e-08 0 0 0 0 0 6.950003721e-08 0 0 0 0 0 0 0 0 0 0 0 6.948839872e-08 0 0 0 0 0 0 0 0 0 0 0 0 0 0 0 0 0 0 6.946007043e-08 0 0 0 0 0 0 0 0 0 0 0 0 0 6.947993898e-08 
6.952259393e-08 0 0 0 0 0 0 0 0 0 0 0 0 0 0 0 6.947929568e-08 0 0 0 0 0 0 0 0 6.94582354e-08 0 0 0 0 0 0 0 0 0 0 0 0 0 0 6.945117403e-08 0 0 0 0 0 0 0 6.951300817e-08 0 0 0 0 0 0 0 0 0 0 0 0 0 0 0 0 0 0 0 0 0 6.942783487e-08 0 6.945955611e-08 0 0 0 6.949175882e-08 0 0 0 0 0 0 0 0 0 0 0 0 0 0 0 0 0 0 0 0 0 0 0 0 
0 0 0 0 0 0 6.945982328e-08 6.95341208e-08 0 0 0 0 0 0 0 0 0 0 0 0 0 0 0 0 0 0 0 0 0 0 0 0 0 0 0 0 0 0 0 0 0 0 6.95594131e-08 0 0 6.953510601e-08 0 0 0 6.92990754e-08 6.953412864e-08 0 0 0 0 0 0 0 6.955752507e-08 0 0 0 0 0 0 0 0 0 0 0 0 0 0 0 0 0 0 0 0 0 0 0 0 0 0 0 6.940991528e-08 0 0 0 0 0 0 0 0 0 0 0 0 0 0 
6.949877291e-08 0 0 0 0 0 0 0 0 0 6.955790228e-08 0 0 0 0 0 0 0 0 0 0 6.941262367e-08 0 0 0 0 0 0 0 6.946744165e-08 0 0 6.95282818e-08 0 0 0 0 0 0 0 0 0 6.952635518e-08 0 0 0 0 0 0 0 0 0 0 0 0 0 0 0 0 0 0 0 0 0 0 0 0 0 0 0 0 0 0 0 0 0 0 0 0 6.951381616e-08 0 0 0 0 0 0 6.947589363e-08 0 0 0 0 0 6.924725639e-08 0 0 0 0 0 0 0 0 
0 0 0 0 0 0 0 0 0 0 6.954911063e-08 0 0 0 0 0 0 0 0 0 0 0 6.95258995e-08 0 0 0 0 0 0 0 0 6.938594735e-08 0 0 0 0 0 6.945731117e-08 0 0 6.950701764e-08 0 0 0 0 0 6.949651588e-08 0 6.951367787e-08 0 6.95652663e-08 6.935558076e-08 0 0 0 0 0 0 0 6.956832106e-08 0 0 0 0 0 0 0 0 6.942869707e-08 0 0 0 0 0 0 0 0 0 0 0 0 0 0 0 0 0 0 0 0 0 0 0 0 0 0 0 0 0 0 0 0 
0 0 0 0 0 6.947820329e-08 0 0 0 0 0 0 0 6.939401657e-08 0 0 6.957652018e-08 0 0 0 6.937709096e-08 6.949142173e-08 0 0 0 0 0 0 0 0 0 0 0 6.929743295e-08 0 0 0 0 6.952725209e-08 0 6.95110044e-08 0 0 0 6.936786245e-08 0 0 0 0 0 0 6.956398896e-08 0 6.940844401e-08 0 0 0 0 0 0 0 0 0 0 0 0 6.947000425e-08 0 0 0 0 0 0 0 0 0 0 0 0 0 0 0 0 0 0 0 0 0 0 0 0 0 0 0 0 0 0 0 0 0 0 
0 0 0 0 0 0 0 6.933000066e-08 0 0 0 0 0 0 0 0 0 0 0 0 0 0 6.939462641e-08 0 0 0 0 0 6.954525054e-08 6.956689403e-08 6.949183381e-08 0 6.948152439e-08 0 0 0 6.948171516e-08 0 0 0 0 0 0 0 0 0 0 0 6.946791637e-08 6.952715683e-08 0 0 0 0 0 0 0 6.942963609e-08 0 0 0 0 0 0 0 0 0 0 0 0 6.956964393e-08 0 9.836280793e-08 0 0 0 0 0 0 0 0 0 0 0 0 0 0 0 0 0 0 0 0 0 0 0 0 0 0 0 0 
0 0 0 0 0 0 0 0 0 0 0 0 0 0 0 0 0 0 0 0 0 0 0 0 0 0 0 0 0 0 0 6.939888357e-08 0 0 0 0 6.955228492e-08 0 0 0 0 0 0 6.945596352e-08 0 0 6.953422178e-08 0 0 0 0 6.95641251e-08 0 0 0 0 0 0 0 0 0 0 0 0 0 0 0 0 0 0 0 0 6.937387767e-08 0 0 0 0 0 0 0 6.955239154e-08 0 0 0 0 0 0 0 0 0 0 0 0 0 0 0 0 0 0 0 0 
0 0 0 0 0 0 0 0 0 0 0 0 0 0 0 0 0 0 0 0 0 0 0 0 0 0 0 0 0 0 0 0 0 0 0 0 0 0 0 0 9.812672154e-08 0 0 0 0 0 0 0 0 0 0 0 0 0 0 0 0 0 0 0 0 0 0 0 0 0 0 0 0 0 0 6.951064341e-08 0 0 0 0 0 0 0 0 0 0 0 0 6.950859172e-08 0 0 0 0 6.928760618e-08 0 0 0 0 0 0 0 0 0 0 0 
0 0 0 0 0 0 0 0 0 0 0 0 0 0 0 0 0 0 0 0 0 6.95532597e-08 0 0 0 0 0 6.954206977e-08 0 0 0 0 0 0 0 0 0 0 0 0 0 0 0 0 0 0 0 0 0 6.936121699e-08 0 6.946044318e-08 0 0 0 0 0 0 0 0 0 0 0 0 0 0 6.952109271e-08 0 0 0 0 0 6.941729309e-08 0 0 0 0 0 0 0 0 6.953100373e-08 0 0 0 6.956387487e-08 6.940631783e-08 0 0 0 0 0 0 0 0 0 0 0 0 0 0 
0 0 0 0 0 0 6.951270604e-08 0 0 0 0 0 0 0 0 0 0 0 0 0 6.951871296e-08 0 0 6.951425041e-08 0 0 0 0 0 0 6.942547604e-08 0 0 0 9.818053283e-08 0 0 6.949519704e-08 0 0 6.941567229e-08 0 0 0 0 0 0 0 0 0 0 0 6.951021734e-08 0 0 0 0 0 0 0 0 0 0 0 0 0 0 0 0 0 0 6.953034533e-08 0 9.830448196e-08 0 0 0 0 0 0 6.935119249e-08 0 0 0 0 0 0 0 0 6.957592176e-08 0 0 0 0 0 0 0 0 0 0 0 
0 0 0 0 0 0 0 0 0 0 0 0 0 0 0 0 0 0 0 0 0 0 0 6.946767616e-08 0 0 0 6.953286341e-08 0 0 0 0 0 0 0 0 0 9.819419202e-08 0 0 6.952744097e-08 0 0 0 0 6.935171018e-08 0 0 0 0 0 0 0 0 6.934797717e-08 0 0 0 6.950564325e-08 0 0 6.945265448e-08 0 0 0 0 6.954034587e-08 0 6.948252152e-08 0 0 6.943882673e-08 0 0 0 0 0 0 0 0 0 6.95054847e-08 6.950231454e-08 0 0 0 0 0 0 0 0 6.952324132e-08 0 0 0 0 6.9577645e-08 0 6.954141103e-08 0 0 
0 0 0 0 0 0 0 0 0 0 0 0 0 0 0 0 0 0 0 0 0 0 0 0 0 0 0 0 0 0 0 0 0 0 0 0 6.956679011e-08 0 0 6.940656812e-08 0 0 0 0 6.948145856e-08 0 0 0 0 0 0 0 0 0 0 0 0 0 6.950388867e-08 0 0 0 0 0 0 0 0 6.947858062e-08 0 0 0 0 0 0 0 0 6.937268685e-08 0 0 0 0 0 0 0 0 0 0 0 0 0 0 6.949375418e-08 0 0 0 6.956683636e-08 0 0 0 0 0 
0 0 0 0 0 0 0 6.94503975e-08 0 0 0 0 0 0 0 6.952342789e-08 0 0 0 0 0 0 0 0 0 0 0 0 0 0 0 0 0 0 0 0 0 0 0 0 0 6.95442602e-08 0 0 0 0 0 0 0 0 0 0 0 0 6.946393922e-08 0 0 0 0 0 0 0 0 0 0 6.947963985e-08 0 0 9.81932922e-08 6.955062858e-08 0 0 0 0 0 0 0 0 0 0 6.954212878e-08 0 0 0 0 0 0 0 0 0 0 6.948307299e-08 0 0 0 0 0 0 0 0 0 
6.942978823e-08 0 0 0 0 0 0 0 0 0 0 0 0 0 0 0 0 0 0 0 0 0 0 0 0 0 0 6.9408407e-08 0 0 6.949460252e-08 0 0 0 0 0 0 0 0 0 0 0 0 0 0 0 0 0 6.953754603e-08 6.946101336e-08 0 0 0 0 0 0 0 0 0 0 0 0 0 0 6.946612312e-08 0 9.831428998e-08 0 0 0 0 0 0 0 0 6.950888303e-08 0 0 0 0 0 0 0 0 6.955548001e-08 0 0 0 0 0 0 0 0 0 0 0 0 0 0 6.956753129e-08 0 
0 0 0 6.950009373e-08 0 0 0 0 0 0 6.953116461e-08 0 0 6.953440235e-08 0 6.956707195e-08 0 0 0 0 0 0 0 0 0 0 0 0 0 0 0 0 0 0 0 0 0 0 0 0 0 0 0 0 0 0 0 0 0 0 0 0 6.950127077e-08 0 0 0 0 0 0 0 0 0 0 0 6.946777046e-08 0 6.952857232e-08 0 0 0 0 0 0 0 0 0 0 0 0 0 0 0 0 0 6.954659556e-08 0 6.95662548e-08 0 0 0 0 0 0 0 0 0 0 0 0 0 0 
0 0 0 0 0 0 6.950995678e-08 0 0 0 0 0 0 0 0 0 0 0 0 0 0 0 0 0 0 0 0 0 0 0 0 0 0 0 6.950820412e-08 0 0 6.948266621e-08 0 0 0 0 0 6.949941122e-08 0 6.950045092e-08 0 6.947652822e-08 0 0 0 0 0 0 0 0 0 0 0 0 0 0 0 0 0 0 0 0 0 0 0 0 0 0 0 0 0 0 0 0 0 0 0 0 6.954289159e-08 0 0 0 0 0 0 0 0 0 0 0 0 6.956126782e-08 0 0 0 
0 0 0 0 0 0 0 0 0 0 0 0 0 0 6.951783074e-08 0 0 0 0 0 0 6.955115356e-08 0 0 0 6.955094959e-08 0 6.948994675e-08 0 0 0 0 0 6.951245938e-08 0 0 0 0 0 0 0 0 0 0 0 0 0 0 6.942396078e-08 0 0 0 0 6.951106372e-08 0 0 0 0 0 0 0 0 0 0 0 6.94389566e-08 0 0 0 0 0 0 0 0 0 0 0 0 0 0 0 0 0 0 0 0 0 0 0 0 0 0 0 0 0 0 0 0 0 0 0 
0 0 0 0 0 0 6.945964717e-08 0 0 0 0 0 0 0 0 0 0 0 0 0 0 0 0 0 0 0 6.947205898e-08 6.95106181e-08 0 0 0 0 0 0 0 6.95180841e-08 0 0 0 6.944848736e-08 0 0 0 0 0 0 0 0 0 0 0 0 6.949092814e-08 0 0 0 6.951915021e-08 0 0 0 0 0 0 0 0 0 0 0 0 0 0 6.947871767e-08 0 0 0 0 0 0 0 0 0 0 6.953455351e-08 0 0 0 0 0 0 0 0 0 0 0 0 0 0 0 0 0 0 
0 0 0 0 0 0 0 6.948335331e-08 0 0 9.822484959e-08 0 0 0 0 0 0 6.951037949e-08 0 0 0 0 0 0 6.945455509e-08 0 0 0 0 0 0 0 0 0 0 0 0 0 0 0 0 0 6.928794331e-08 0 0 0 6.955150636e-08 0 0 0 0 0 0 0 0 0 0 0 0 0 0 0 0 0 0 0 6.949572965e-08 0 0 0 0 9.809827312e-08 0 0 0 6.945092875e-08 0 0 0 0 0 0 0 0 0 0 0 0 0 0 0 0 0 0 0 0 0 0 0 0 0 
0 0 0 0 0 6.938312115e-08 0 0 0 0 0 0 0 0 0 0 0 0 6.944285213e-08 0 0 6.947072969e-08 0 6.952340815e-08 0 0 6.936315548e-08 0 0 0 0 0 9.831542777e-08 0 6.955630149e-08 0 0 0 0 0 0 0 6.948552764e-08 6.957187921e-08 0 0 0 0 0 9.830570844e-08 0 0 0 6.954638151e-08 0 0 0 0 0 0 0 6.940820179e-08 0 0 0 0 0 0 0 6.945867896e-08 0 0 0 0 0 6.939724342e-08 6.949439656e-08 0 0 0 0 0 0 0 0 0 0 6.942169558e-08 0 0 0 0 0 0 0 0 0 0 0 0 0 
0 0 0 0 0 0 0 0 0 0 0 6.945931871e-08 0 0 0 0 0 0 0 6.955916434e-08 6.943864802e-08 0 6.947271717e-08 6.931418599e-08 0 0 0 0 0 9.817857352e-08 0 0 0 0 0 0 0 0 0 0 0 0 0 0 6.953248822e-08 0 0 0 0 0 0 0 0 0 0 0 0 6.938717214e-08 0 0 0 0 0 0 0 0 0 0 0 6.945063667e-08 6.953959672e-08 6.93783166e-08 0 0 0 0 0 0 0 0 0 0 6.93961321e-08 6.956707039e-08 0 6.955208986e-08 0 0 0 0 0 0 0 0 0 0 0 6.956820358e-08 0 0 6.953300452e-08 
0 0 0 0 0 0 0 6.943299751e-08 0 0 0 0 0 0 6.956323712e-08 0 0 0 0 0 0 0 0 0 0 0 0 0 0 0 0 0 0 0 0 0 0 0 0 0 0 6.954469004e-08 0 0 0 0 0 0 0 0 0 0 0 0 0 0 0 0 6.928787924e-08 0 0 0 0 0 0 0 0 0 0 0 0 0 0 0 0 0 0 0 0 0 0 6.955010478e-08 0 6.938073006e-08 0 0 0 0 0 0 0 0 6.952720011e-08 0 0 0 0 0 0 0 0 
0 0 0 0 0 0 0 0 0 0 0 0 0 0 0 0 0 0 6.949126213e-08 0 0 0 0 0 0 0 0 0 0 0 0 0 0 9.834985103e-08 0 0 0 0 0 0 0 0 0 0 0 0 0 0 0 0 0 0 0 0 0 0 0 0 0 0 0 0 0 0 0 0 6.952815042e-08 0 0 0 6.935302193e-08 0 0 0 0 0 0 0 0 0 0 0 0 0 0 0 0 0 0 0 0 0 0 0 0 0 0 0 0 0 0 
0 0 0 0 0 0 0 0 0 0 0 0 0 0 0 0 0 0 0 0 0 0 0 0 0 0 0 0 0 0 0 0 0 0 0 0 0 0 0 0 6.94694615e-08 0 0 0 6.936154761e-08 0 0 6.951236067e-08 0 6.946409623e-08 0 0 0 0 0 0 0 0 6.927587012e-08 0 0 0 0 0 0 0 0 0 0 0 0 0 0 0 0 0 0 6.936632234e-08 0 0 0 6.955241668e-08 6.947368309e-08 0 0 0 0 0 0 0 0 0 0 0 0 0 0 0 0 0 0 
0 0 0 0 0 0 0 0 0 0 0 0 0 0 0 0 0 0 0 0 6.954332361e-08 0 0 0 0 0 0 0 0 0 0 0 0 0 0 0 0 6.95406732e-08 0 0 0 0 0 0 0 6.95471764e-08 0 0 0 0 0 0 0 0 0 0 0 0 0 0 0 0 0 0 6.952902483e-08 0 0 6.922746747e-08 0 0 0 0 0 0 0 0 0 0 0 0 0 0 0 0 0 0 6.956088255e-08 0 0 0 0 0 0 0 0 0 0 0 0 0 0 
0 0 0 0 0 0 0 0 0 0 0 0 6.956865371e-08 0 0 0 0 0 0 0 0 0 0 0 0 6.938234665e-08 0 0 0 0 0 0 0 0 0 0 0 0 0 0 0 0 0 0 0 0 0 0 0 6.947222494e-08 0 6.946405736e-08 0 0 0 0 0 0 0 0 0 0 0 6.955980863e-08 6.930650552e-08 0 0 0 0 0 0 0 0 0 9.830904645e-08 0 0 0 0 0 0 0 0 0 0 0 0 0 0 0 0 0 0 0 0 0 0 0 0 0 0 
0 0 0 0 0 0 0 0 0 0 0 0 0 0 0 6.952032386e-08 0 0 6.944913356e-08 0 0 0 0 0 0 0 0 0 0 0 0 6.953335158e-08 0 6.953283717e-08 0 0 0 0 0 0 0 0 0 0 0 0 6.948501794e-08 6.952109623e-08 0 0 0 0 6.948286718e-08 0 0 0 0 6.953635196e-08 0 0 0 0 0 0 0 0 0 0 0 0 0 0 0 0 0 0 0 6.945275816e-08 0 0 0 0 6.94893635e-08 0 0 0 0 0 0 0 0 0 0 0 0 0 0 6.955250474e-08 0 0 0 
0 0 0 0 0 0 0 0 6.930597161e-08 0 0 0 0 0 0 0 6.950270857e-08 0 0 0 0 0 0 0 0 0 0 0 0 0 6.947565264e-08 0 0 0 0 0 0 0 0 0 0 0 0 9.814237195e-08 0 0 0 0 0 0 0 0 0 0 0 9.828470193e-08 0 0 6.957319605e-08 0 0 0 6.954767037e-08 0 0 0 0 0 0 0 0 0 0 0 6.942072426e-08 0 0 0 6.948951996e-08 0 0 0 0 6.957436291e-08 0 0 0 0 0 0 0 0 0 0 0 0 0 0 0 0 0 
0 0 0 0 0 0 0 0 0 6.952202913e-08 0 0 0 0 0 0 0 0 0 0 0 0 0 0 0 0 0 0 0 0 0 0 0 0 0 0 0 0 0 0 0 6.947546073e-08 6.95236633e-08 0 0 0 0 0 0 0 0 6.955477665e-08 0 0 0 0 6.950256721e-08 0 0 6.935621515e-08 6.947777977e-08 6.957132668e-08 0 0 0 0 0 0 0 0 6.932965573e-08 0 0 0 0 0 9.829502415e-08 0 0 0 0 0 0 0 0 0 0 0 0 0 0 0 0 0 6.949844252e-08 0 0 0 0 0 0 
0 0 0 0 0 0 0 0 0 0 0 0 0 0 0 6.952161386e-08 0 0 0 0 0 0 0 0 0 0 0 0 0 0 0 0 0 6.911427316e-08 0 0 0 0 0 0 6.946315296e-08 0 0 0 0 0 0 0 0 0 0 0 0 0 0 0 0 6.953163656e-08 0 0 0 0 0 0 0 6.94598575e-08 0 0 0 0 0 0 0 0 0 0 0 0 0 0 0 0 0 0 0 0 0 0 0 6.955689676e-08 0 0 0 0 6.936349002e-08 0 0 0 0 0 6.955754099e-08 
0 0 0 0 0 0 0 0 6.926527055e-08 0 6.944068076e-08 0 0 0 0 0 6.9447538e-08 0 6.939377965e-08 0 0 0 0 0 0 0 0 0 0 0 0 0 0 0 0 0 0 0 0 0 0 0 0 0 0 0 0 0 0 0 0 0 0 0 0 0 0 0 0 0 0 0 0 0 0 0 0 0 0 0 0 0 0 0 9.80805151e-08 0 0 0 0 0 0 0 0 0 6.952878027e-08 0 6.946275193e-08 0 0 0 0 0 0 0 0 0 0 0 0 0 0 
9.837148296e-08 6.938456447e-08 0 0 0 0 0 0 0 0 0 0 0 0 6.955079806e-08 0 6.945160762e-08 6.953347269e-08 0 0 6.954417209e-08 0 0 0 0 0 0 0 0 6.935641598e-08 0 0 0 0 0 0 0 0 0 0 0 0 0 0 0 0 0 0 0 0 0 0 0 6.93908293e-08 0 6.954558613e-08 0 0 0 0 0 0 0 6.94454908e-08 0 0 0 0 0 0 6.949134255e-08 0 0 0 0 0 0 0 0 0 0 0 0 0 0 0 0 0 0 0 0 0 0 6.950128455e-08 0 0 0 0 0 0 0 
0 0 0 0 0 0 0 0 0 0 0 0 0 0 0 0 6.950727394e-08 0 0 0 0 0 0 0 0 0 0 0 0 0 0 0 0 0 0 0 0 0 0 0 6.950990678e-08 6.951542529e-08 0 0 0 0 0 0 0 0 0 0 0 0 6.941445153e-08 0 0 0 0 6.950761174e-08 6.947440705e-08 0 0 0 0 0 0 0 0 6.955539694e-08 0 0 0 6.947395037e-08 0 0 0 0 0 0 0 0 0 0 0 0 0 0 0 0 0 0 6.956326939e-08 0 0 0 0 0 0 0 0 
0 0 0 0 0 0 0 0 0 0 0 0 0 0 6.937626487e-08 0 0 6.948923402e-08 0 0 0 0 0 0 0 0 0 0 0 0 0 0 0 0 0 6.949689275e-08 0 0 0 0 0 0 0 0 0 0 0 0 0 0 0 0 0 0 0 0 0 6.941740527e-08 0 0 0 6.940287408e-08 0 0 0 0 0 0 0 0 0 0 0 0 0 6.955163925e-08 0 0 0 0 0 0 0 0 0 0 6.955808252e-08 0 0 0 0 0 0 6.955241014e-08 0 0 0 0 0 6.946599169e-08 0 
0 0 0 0 0 0 0 0 0 0 0 0 0 6.946799262e-08 0 0 6.93990934e-08 0 0 0 0 0 0 6.94880936e-08 0 0 0 0 0 0 0 0 0 0 0 6.931862892e-08 0 0 0 0 0 0 0 0 0 0 0 0 0 0 0 0 6.951318723e-08 0 0 0 0 0 0 0 0 0 6.942436326e-08 0 0 6.957234137e-08 0 0 0 0 0 0 0 6.951903154e-08 6.952807775e-08 0 0 0 0 0 0 6.954245032e-08 0 0 0 0 0 0 0 0 6.954699345e-08 6.9160964e-08 0 0 0 0 0 0 0 0 0 
0 0 0 6.948688165e-08 0 0 0 0 0 0 6.943328217e-08 0 0 0 0 6.940714346e-08 0 0 0 0 0 0 0 0 0 0 0 0 0 0 0 0 0 0 6.956235652e-08 0 0 0 0 0 0 0 0 0 0 0 0 0 0 0 6.954059184e-08 0 0 0 0 0 0 0 0 0 0 0 6.953420085e-08 0 0 0 0 6.954266629e-08 0 0 0 6.932939654e-08 0 0 0 0 0 6.950272412e-08 0 0 0 0 0 0 0 0 0 0 0 0 0 0 0 0 0 0 0 0 0 0 0 
0 0 0 0 0 0 0 0 0 0 9.83135261e-08 0 0 0 0 0 0 0 0 0 6.953731655e-08 0 0 0 0 0 0 0 0 0 0 0 0 0 0 0 0 0 0 0 0 0 0 0 0 0 0 0 0 0 0 0 0 0 0 0 0 6.948302863e-08 0 0 6.957451329e-08 6.956532221e-08 0 0 0 6.94783389e-08 0 0 0 0 6.956371175e-08 0 0 0 0 0 0 0 0 0 0 0 0 6.950153798e-08 0 0 0 0 0 0 0 6.949222324e-08 0 0 0 0 0 0 0 0 0 
0 0 0 0 0 0 0 0 0 0 0 0 0 0 0 0 0 0 0 0 6.953366836e-08 0 0 0 9.810533772e-08 0 0 0 0 0 0 0 0 6.944419307e-08 0 0 0 0 0 0 0 0 0 0 0 0 0 0 6.946585819e-08 0 0 0 0 0 0 0 0 0 0 0 0 0 0 0 0 6.955716262e-08 0 0 0 0 0 0 0 0 0 0 0 0 0 0 0 0 0 0 0 0 6.953039212e-08 0 0 0 6.917497995e-08 0 0 0 0 0 0 0 0 0 0 
0 0 0 0 0 0 0 0 0 0 0 0 0 0 0 0 0 6.952530507e-08 0 0 0 0 0 0 0 0 0 0 0 0 6.933909393e-08 0 0 0 6.936353017e-08 0 0 0 0 6.922387261e-08 0 0 0 0 0 0 6.942745955e-08 0 0 6.946487225e-08 6.95525655e-08 0 0 0 6.951953765e-08 0 0 0 0 0 6.952553235e-08 0 0 0 0 0 0 0 0 0 0 0 0 0 0 0 0 0 0 0 0 6.952212648e-08 0 0 0 0 0 6.927395075e-08 0 0 0 0 0 0 0 0 6.95669225e-08 0 0 0 0 
0 0 0 0 6.951426152e-08 0 0 0 0 0 0 0 0 0 0 0 0 6.947753141e-08 0 0 0 0 6.947283085e-08 6.952395097e-08 0 0 0 0 0 6.95479296e-08 0 0 0 6.950726325e-08 0 0 0 0 0 0 0 0 0 0 0 0 6.951748367e-08 0 0 0 0 0 0 6.948157368e-08 0 0 0 0 0 0 0 0 0 6.950549484e-08 0 0 0 0 0 0 0 0 0 0 0 0 0 0 0 0 0 0 0 0 0 0 0 0 0 6.922532768e-08 0 0 6.948438776e-08 0 0 0 6.950813305e-08 0 0 0 0 
0 0 0 0 0 0 0 0 0 0 0 0 0 0 0 0 0 0 0 0 0 0 0 0 0 0 0 0 0 0 0 0 0 0 0 6.954256895e-08 0 0 0 0 6.951434298e-08 0 0 0 0 6.942809443e-08 0 0 0 0 0 0 0 0 0 0 0 0 0 0 0 6.935789098e-08 0 0 0 0 0 0 0 0 0 0 0 0 0 0 0 0 0 0 0 0 0 0 0 6.954171216e-08 0 0 0 0 0 0 0 0 0 0 0 0 0 0 0 
0 0 0 0 0 0 0 0 0 0 0 6.954964972e-08 0 0 0 0 0 6.95758877e-08 0 6.948059648e-08 0 0 0 0 0 0 0 0 0 0 0 0 0 0 0 0 0 0 6.954926219e-08 0 6.95034281e-08 0 0 0 0 0 0 0 0 0 0 0 0 0 0 0 0 0 0 0 6.952786922e-08 0 6.949781533e-08 0 0 0 0 0 0 6.951141724e-08 0 0 0 6.957273578e-08 6.953744785e-08 0 0 0 0 0 0 0 0 0 6.929714101e-08 0 0 0 6.919475061e-08 0 0 0 0 0 0 0 0 0 0 0 0 
0 0 0 0 0 0 0 0 0 0 0 0 0 0 0 0 0 0 0 0 0 0 0 6.951858561e-08 0 0 6.944775205e-08 0 0 0 0 0 0 0 0 0 0 0 9.83515811e-08 0 6.950340628e-08 0 0 0 0 0 0 0 0 0 9.828544233e-08 0 0 0 6.953971155e-08 0 0 0 0 0 0 0 0 0 0 0 0 0 0 0 6.94314145e-08 0 0 0 0 0 0 0 0 0 0 0 0 0 0 0 0 6.952556457e-08 0 0 0 0 0 0 0 0 0 0 0 0 0 
0 0 0 0 0 0 0 0 0 0 0 0 6.95481805e-08 0 6.95619559e-08 0 0 0 0 0 0 0 0 0 0 0 0 0 0 0 0 0 0 0 0 0 0 0 0 6.934629242e-08 0 0 0 0 6.930221994e-08 0 0 0 0 0 0 0 0 0 0 0 0 0 0 0 0 0 0 0 0 0 0 6.956651709e-08 0 0 6.951007869e-08 0 0 0 0 6.957343928e-08 9.826722995e-08 0 0 0 0 0 0 0 0 0 6.946643812e-08 0 0 6.952800248e-08 0 0 0 0 0 0 6.930443414e-08 6.937628407e-08 0 0 0 
0 0 0 0 0 0 6.944351122e-08 0 0 0 0 0 0 0 0 0 0 0 0 0 6.95398147e-08 0 0 0 0 0 0 0 0 0 0 0 0 0 0 0 6.956692551e-08 0 0 0 0 0 0 0 0 0 0 0 0 0 0 0 0 0 0 0 0 6.948527295e-08 0 0 0 6.895796125e-08 0 0 0 0 0 0 0 0 0 0 0 0 0 0 0 0 0 0 0 0 0 6.947384559e-08 0 0 0 0 0 0 0 0 0 0 6.951247777e-08 0 0 0 0 0 0 
0 0 0 6.952833475e-08 0 0 0 0 0 0 0 0 0 0 0 0 0 6.925796022e-08 0 0 0 0 0 0 0 0 0 0 0 6.953171909e-08 0 0 0 0 0 0 0 0 0 0 0 0 0 0 0 0 0 0 0 0 0 6.94517863e-08 0 0 0 0 0 0 0 0 6.923738408e-08 0 6.936271202e-08 0 0 0 0 0 0 0 0 0 0 0 0 0 0 0 0 0 0 0 0 0 0 0 0 0 0 0 0 0 0 0 0 0 0 0 0 0 0 
0 0 0 0 0 0 0 0 6.948866217e-08 0 0 0 0 0 0 6.953011188e-08 0 0 0 0 0 0 0 0 0 0 0 0 0 0 0 0 0 0 0 0 0 0 0 0 0 0 0 0 0 0 0 0 0 6.947386475e-08 0 0 0 0 0 0 6.935188739e-08 0 0 0 0 0 0 0 0 0 0 0 0 0 0 6.951933793e-08 0 6.949799105e-08 0 0 0 6.957012016e-08 0 6.944983404e-08 0 0 0 0 0 6.938846288e-08 0 9.807062006e-08 0 0 0 0 0 6.943716212e-08 0 0 0 0 0 0 0 
0 0 0 0 0 0 0 0 0 0 0 0 0 0 0 0 0 0 0 0 0 0 0 0 0 0 0 0 0 0 0 0 0 0 0 0 0 0 0 6.946707599e-08 0 0 0 0 0 0 0 0 0 0 0 0 0 0 0 6.94404267e-08 0 0 0 0 0 0 0 6.92361197e-08 0 0 0 0 0 0 0 0 0 0 0 0 0 0 0 0 0 0 0 0 0 0 0 0 0 0 0 0 6.931478373e-08 0 0 0 0 0 0 0 0 
0 0 0 6.937522004e-08 0 0 0 0 0 0 6.955955472e-08 0 0 0 0 0 0 6.952476253e-08 0 0 0 0 0 0 0 0 0 0 0 0 0 0 0 0 0 0 0 0 0 0 0 0 0 6.946188746e-08 0 0 0 0 0 0 6.948638153e-08 0 0 6.934761315e-08 0 0 0 0 0 0 0 0 0 0 0 0 0 0 0 0 0 0 0 0 0 0 0 0 0 0 0 0 0 0 0 0 0 0 0 0 0 6.954742513e-08 0 0 0 0 0 0 0 0 0 
0 0 0 0 0 0 0 0 0 0 0 0 0 0 0 0 0 0 0 0 0 0 0 6.951367286e-08 6.947771376e-08 0 0 0 0 0 0 0 0 0 0 0 0 0 0 6.950073667e-08 0 0 0 0 0 0 0 0 0 0 6.94113286e-08 6.945985126e-08 9.832911458e-08 0 0 0 0 0 0 0 0 0 0 6.956214362e-08 0 0 0 0 0 0 0 0 0 0 6.926760578e-08 0 0 0 0 0 0 0 0 0 6.948861393e-08 0 0 0 0 0 0 0 0 0 0 0 0 0 0 0 0 
0 0 0 0 0 0 0 0 0 0 0 0 0 0 0 0 6.949764629e-08 0 0 0 0 0 0 0 0 0 0 0 0 6.936952425e-08 0 0 0 0 0 0 9.833567593e-08 0 0 0 6.951589578e-08 0 0 0 0 0 0 0 0 0 0 6.951236856e-08 0 0 0 0 0 0 0 0 0 0 0 0 0 0 0 0 6.954511684e-08 0 0 0 0 0 0 0 0 0 0 0 0 0 0 0 0 0 0 0 0 0 0 0 0 0 0 0 0 6.934396902e-08 0 0 0 
0 0 0 0 0 0 0 0 0 0 0 0 0 0 0 0 0 6.955213065e-08 0 6.95021259e-08 0 0 0 0 0 0 0 0 0 0 0 0 6.949717954e-08 0 0 0 0 0 0 0 0 0 0 0 0 0 0 0 0 0 0 0 0 0 0 0 0 0 0 0 0 0 0 6.952339041e-08 0 0 0 0 0 0 0 0 6.945012743e-08 0 0 6.930459021e-08 0 0 6.956040966e-08 0 6.937601856e-08 0 0 0 0 6.954844287e-08 6.948098418e-08 0 0 6.945037433e-08 0 0 6.957148395e-08 0 0 0 0 0 0 0 0 
0 0 0 0 0 0 0 6.939708601e-08 0 0 0 0 6.956384521e-08 6.951748531e-08 0 0 0 0 0 0 6.955211538e-08 0 0 6.935150642e-08 0 0 0 0 0 6.948510256e-08 0 0 6.948336415e-08 6.9401255e-08 0 0 0 0 6.940995021e-08 0 0 0 0 0 0 0 0 0 0 0 0 0 0 0 0 0 0 6.957035996e-08 0 0 0 0 0 0 0 0 0 0 0 0 0 0 0 0 0 0 6.94775676e-08 0 0 0 0 0 0 0 0 0 0 0 0 0 0 0 0 0 0 0 0 0 0 0 0 
0 0 0 0 0 0 0 0 0 0 0 0 0 0 0 0 0 0 0 0 0 0 0 6.91087622e-08 0 0 6.952230584e-08 0 0 0 0 6.929346753e-08 0 0 0 0 0 0 6.957547889e-08 0 0 0 0 0 0 6.952974979e-08 0 0 0 0 0 0 0 0 0 0 0 0 6.937214916e-08 0 0 0 0 0 0 0 0 0 0 0 6.953741645e-08 0 0 6.932659469e-08 0 0 0 0 0 0 0 9.810709501e-08 0 0 0 0 0 6.93888056e-08 0 0 0 0 0 0 0 0 0 0 0 0 0 
0 0 0 0 6.951237727e-08 0 0 0 0 6.947346819e-08 6.94634716e-08 0 0 0 0 0 0 0 6.951293154e-08 0 0 0 0 0 6.956070303e-08 0 0 6.953400184e-08 0 0 0 0 0 0 0 6.957154631e-08 0 0 0 0 0 0 0 0 0 0 0 0 0 0 0 0 0 0 0 0 6.952929474e-08 0 0 0 0 0 0 0 0 0 0 6.934468655e-08 0 0 0 0 0 0 6.95066534e-08 0 6.952635495e-08 0 6.955216771e-08 0 0 0 0 0 0 6.950659723e-08 0 0 0 6.948111034e-08 0 0 0 0 0 6.953093471e-08 0 0 0 0 0 
0 0 0 0 0 0 0 0 0 0 0 0 0 0 0 0 0 0 0 0 0 0 6.940269432e-08 0 0 0 6.953829182e-08 0 0 0 0 0 0 0 0 0 0 0 6.95385145e-08 0 0 0 0 0 0 6.957470298e-08 0 0 0 0 0 0 0 0 0 0 0 0 0 0 0 6.955362686e-08 0 0 0 0 0 0 0 0 0 0 0 0 0 0 0 0 0 0 0 0 0 0 0 0 0 0 0 0 0 9.827363716e-08 0 0 0 0 0 0 0 0 0 
0 0 0 0 0 0 0 0 0 0 0 0 0 0 0 0 0 0 0 0 6.955625079e-08 0 0 0 6.956028224e-08 0 6.955046369e-08 0 0 0 0 0 0 0 0 0 0 0 0 0 0 0 0 0 0 0 0 0 0 0 0 0 0 0 0 0 0 0 6.944039091e-08 0 0 0 6.944983821e-08 0 0 0 0 0 0 0 0 0 0 0 0 0 6.950895538e-08 0 0 0 0 0 0 0 0 0 0 0 0 0 0 6.945033967e-08 0 0 0 0 6.930352434e-08 0 0 0 0 
0 0 0 0 0 0 0 0 0 0 0 0 0 0 0 6.953008751e-08 0 0 6.926776393e-08 0 0 0 0 0 0 0 0 0 0 0 0 0 0 0 0 0 0 0 0 0 0 0 0 0 6.949442477e-08 0 0 0 6.949458825e-08 0 0 0 0 0 6.941035071e-08 0 0 0 0 6.935641192e-08 0 6.932927369e-08 0 0 0 0 0 0 0 0 0 0 6.954089503e-08 6.930777149e-08 0 0 0 0 0 0 0 0 0 0 6.928481452e-08 0 0 0 0 0 0 0 0 0 0 0 0 0 0 0 0 
0 0 0 0 0 0 0 0 0 0 0 0 0 0 0 0 0 0 0 0 0 0 0 0 0 0 0 0 0 0 0 0 0 0 0 0 0 0 0 0 0 0 0 6.948609256e-08 0 0 0 0 0 0 0 6.948280367e-08 0 6.956885511e-08 0 0 0 6.930161038e-08 6.925134474e-08 0 0 0 6.956836375e-08 0 0 0 0 0 0 6.944631484e-08 0 0 0 0 0 0 0 0 0 0 0 0 0 0 0 0 0 0 0 0 0 0 0 0 0 0 0 0 0 0 0 
0 0 0 0 0 0 0 0 0 0 0 0 0 0 0 0 0 0 0 0 0 0 0 0 0 6.954676274e-08 0 0 0 0 0 0 0 0 0 0 0 0 0 0 0 0 0 0 6.933582365e-08 0 0 0 0 0 0 0 0 0 0 0 0 6.957348246e-08 0 0 6.953448483e-08 0 0 0 0 0 0 0 0 0 0 0 0 6.957031431e-08 0 0 0 0 0 0 0 0 0 0 0 0 0 0 6.946933729e-08 6.934354397e-08 0 6.953207793e-08 0 0 0 0 0 0 0 0 0 
0 0 0 0 0 0 0 0 0 0 0 0 6.937652804e-08 0 0 0 0 0 0 0 0 0 0 0 0 0 0 0 0 0 6.951997477e-08 0 0 0 0 0 0 0 0 0 0 0 0 0 0 0 0 0 0 0 0 6.943904954e-08 6.942541178e-08 6.951225551e-08 0 0 0 0 0 6.953918154e-08 0 0 0 0 0 0 0 0 0 0 0 0 0 0 0 0 0 0 0 0 0 0 0 0 6.943466627e-08 0 6.924423759e-08 0 1.204503767e-07 0 0 0 0 0 0 0 0 0 0 0 0 
0 0 0 0 0 0 0 6.957268584e-08 0 0 0 0 6.94121728e-08 0 0 0 0 0 0 0 0 0 0 0 0 0 0 6.94914301e-08 0 6.957387968e-08 0 0 0 0 0 0 0 0 0 0 0 0 6.953976726e-08 6.952909283e-08 0 0 0 0 0 0 0 0 0 0 0 0 0 0 0 0 0 0 0 0 0 0 0 0 0 0 0 0 0 0 0 0 0 0 0 0 0 0 0 0 0 0 0 0 0 0 0 0 0 0 6.944770975e-08 0 0 0 0 0 0 
0 0 9.835460572e-08 0 6.942720795e-08 0 0 0 0 0 6.940655791e-08 0 0 0 0 0 0 0 0 0 0 6.94336404e-08 0 0 6.926161672e-08 0 0 0 0 0 0 0 0 0 6.954026513e-08 0 0 9.830985709e-08 0 0 6.943633067e-08 0 0 0 0 0 0 0 0 6.954836699e-08 0 0 0 0 6.954813287e-08 0 0 0 0 0 0 0 6.946950684e-08 0 0 0 0 0 0 0 0 6.953375972e-08 0 6.944352508e-08 0 0 0 0 0 0 0 0 0 0 0 0 0 0 0 0 0 0 0 0 0 0 0 0 0 0 0 
0 0 0 0 0 0 0 0 0 0 0 0 0 0 0 0 0 0 0 0 0 0 0 0 6.954732382e-08 0 0 0 0 0 6.953676483e-08 0 0 0 0 0 0 6.941266226e-08 0 0 0 0 6.952004414e-08 6.945991275e-08 0 0 0 0 0 0 0 0 0 0 6.929147963e-08 6.932237053e-08 0 0 0 0 0 0 6.955799381e-08 0 0 0 0 0 0 6.957617151e-08 6.936089927e-08 0 0 0 0 0 0 0 0 6.957577598e-08 0 0 0 0 0 6.927431349e-08 0 0 0 0 0 0 9.838921172e-08 0 0 0 0 0 6.952462453e-08 0 0 
0 0 0 0 0 0 0 0 0 0 0 0 0 6.93705099e-08 0 6.947535891e-08 0 0 0 0 0 0 0 0 6.946630271e-08 0 6.95580215e-08 0 0 0 0 0 0 0 0 0 0 6.946247637e-08 0 0 0 0 0 0 0 6.948623575e-08 0 0 0 0 0 6.955816943e-08 0 0 6.947433008e-08 0 0 0 0 0 0 0 0 0 0 0 0 0 6.950217157e-08 0 6.957590288e-08 0 0 0 0 0 0 0 0 0 0 0 0 0 0 0 0 0 0 0 6.918655769e-08 0 0 0 0 0 0 0 0 0 0 
0 0 0 0 0 0 0 0 0 0 0 0 0 0 6.952104632e-08 0 0 0 0 0 0 0 0 0 0 0 0 0 0 0 6.95449036e-08 0 0 0 0 0 0 0 0 0 0 0 0 0 0 0 6.940869106e-08 0 6.931464028e-08 0 0 6.956184483e-08 0 0 0 0 0 0 0 0 6.951261295e-08 0 0 0 0 0 0 0 0 0 0 0 0 0 0 0 0 0 0 0 0 0 0 0 0 6.95211551e-08 6.952788125e-08 0 0 0 0 0 0 0 6.955095271e-08 0 0 0 0 6.9512585e-08 0 
0 0 0 0 0 0 6.94336424e-08 0 0 6.952964954e-08 0 0 6.944048688e-08 0 0 0 0 0 0 6.929011177e-08 0 0 0 0 0 0 0 0 0 0 0 0 0 0 0 0 0 0 0 6.942865288e-08 0 0 6.95444534e-08 0 0 0 0 0 0 0 6.953650523e-08 0 6.954892962e-08 0 0 0 0 0 0 0 0 0 0 0 0 0 0 0 0 0 6.955592458e-08 6.955068461e-08 0 0 0 0 0 0 0 0 0 0 0 0 0 6.941197679e-08 0 0 0 0 6.956208768e-08 6.952217135e-08 0 0 0 0 0 0 6.951763077e-08 0 0 
0 0 0 0 0 0 0 0 0 0 0 0 0 0 0 0 0 0 0 6.936752e-08 0 0 0 0 0 6.946362174e-08 0 0 0 0 0 0 0 0 0 0 0 6.945913266e-08 6.950444499e-08 0 0 6.952547316e-08 0 0 0 0 0 0 0 0 0 0 6.930928459e-08 0 0 0 0 0 0 0 0 0 0 0 0 0 0 0 0 0 0 0 0 0 0 0 0 0 0 6.948434703e-08 0 6.940000783e-08 0 0 0 0 0 0 0 0 0 0 0 0 0 0 0 6.956589557e-08 0 0 0 
0 0 0 0 0 0 6.948544331e-08 0 0 0 0 0 0 0 0 0 6.949439827e-08 0 0 0 0 0 0 0 0 0 0 6.957307315e-08 0 0 0 0 0 0 0 0 0 0 0 6.956309758e-08 0 0 6.940891835e-08 0 0 0 0 0 0 0 0 0 0 0 0 0 0 0 0 0 0 0 0 0 0 0 0 0 0 0 0 0 0 0 6.954733721e-08 6.954138825e-08 0 0 0 0 0 0 0 0 0 0 6.941482465e-08 0 0 0 0 0 0 0 0 0 0 0 0 0 0 
0 0 0 0 0 0 0 0 0 0 0 0 0 0 0 0 0 0 0 0 0 0 0 0 0 0 0 0 0 0 0 0 0 0 0 0 6.954126594e-08 0 0 0 0 0 0 0 0 0 6.948782807e-08 0 0 0 0 0 0 0 0 0 0 0 0 0 0 0 6.9539536e-08 0 0 0 0 0 0 0 0 0 0 0 6.953953496e-08 0 0 0 0 0 0 0 0 0 0 0 0 0 0 0 0 0 0 0 0 0 0 0 0 0 0 
0 0 0 0 0 0 0 0 0 0 0 0 0 0 0 0 6.936846782e-08 0 0 6.946947356e-08 0 0 0 0 0 0 0 0 0 0 0 0 0 0 0 0 0 0 0 0 0 0 0 6.935480575e-08 0 0 0 0 0 6.949574262e-08 6.934419108e-08 0 0 0 0 0 6.938426774e-08 0 0 0 0 0 0 0 6.934454841e-08 0 0 0 0 0 0 0 0 0 0 0 0 0 0 0 0 0 0 0 0 0 0 0 0 0 0 0 0 0 0 0 6.955783667e-08 0 0 0 6.932512294e-08 
0 0 0 0 0 0 0 0 0 0 0 0 0 0 0 0 0 6.948098421e-08 6.954163544e-08 0 0 0 6.943864723e-08 0 0 0 0 0 0 0 0 0 0 0 0 0 0 0 0 0 0 0 0 0 0 0 0 0 0 0 0 0 0 0 0 0 0 0 0 0 0 0 0 0 6.951246008e-08 0 0 0 0 0 9.80535773e-08 6.946755502e-08 0 0 0 0 0 0 0 0 0 0 0 0 0 6.951490376e-08 0 0 0 6.955379491e-08 0 0 0 0 0 0 0 0 0 0 0 
0 0 0 0 0 0 0 0 0 0 0 0 0 0 0 0 0 0 0 6.949622316e-08 6.942973676e-08 0 6.951933073e-08 0 0 0 0 0 0 0 0 6.950609141e-08 0 6.940250727e-08 0 0 0 0 0 0 6.946582361e-08 0 0 0 0 0 0 0 0 0 0 0 0 6.935103614e-08 6.955281377e-08 0 0 0 0 0 0 0 0 0 0 0 0 0 0 6.952119633e-08 0 0 0 0 0 0 0 0 0 0 6.935043368e-08 0 0 0 0 0 0 0 0 0 0 0 0 0 0 0 0 0 0 0 0 
0 0 0 0 0 0 0 0 0 0 0 0 0 0 0 0 0 0 0 0 0 0 0 0 0 0 0 0 0 0 0 6.941581097e-08 0 0 0 0 0 0 0 0 0 0 0 0 0 0 0 0 0 0 0 0 0 0 0 0 0 0 6.938457488e-08 0 0 0 0 0 0 0 0 0 0 0 0 0 0 0 6.938616668e-08 0 0 0 0 0 0 0 0 0 0 0 0 0 0 0 0 0 0 0 0 0 0 0 0 0 0 
0 0 0 0 0 0 0 0 0 0 0 0 0 0 0 0 0 0 0 0 0 0 0 0 0 0 0 0 0 0 0 0 0 0 0 0 0 0 0 0 0 0 0 0 0 0 0 6.946040561e-08 0 0 0 0 0 0 0 0 0 0 0 0 0 0 0 0 6.917808039e-08 0 0 0 0 0 0 0 0 0 0 6.95587187e-08 0 6.929781738e-08 0 0 0 0 0 0 0 0 0 0 0 0 0 0 0 0 0 0 0 0 0 0 0 
0 0 0 0 0 0 9.828949988e-08 0 0 0 0 0 0 6.925922771e-08 0 0 6.946194461e-08 0 0 0 0 6.934994353e-08 0 0 0 0 0 0 0 0 0 0 0 0 0 0 0 0 0 0 0 6.944279005e-08 0 0 6.934093131e-08 0 0 0 0 0 0 0 0 0 0 0 0 0 0 0 0 0 0 0 0 0 0 0 0 0 6.940648294e-08 0 0 0 0 0 0 6.9478658e-08 0 0 0 0 0 6.953966495e-08 0 0 0 6.944716466e-08 0 0 0 0 0 0 0 0 0 0 0 0 0 
0 0 0 0 0 0 0 0 0 0 0 0 0 0 0 0 0 0 0 0 0 0 6.955367078e-08 0 0 0 0 6.952688122e-08 0 0 0 0 0 0 0 0 0 0 0 0 0 0 0 0 0 0 0 0 0 6.95242617e-08 0 0 0 0 0 0 0 0 0 0 0 0 0 0 6.932171437e-08 0 0 0 0 0 0 0 0 0 0 0 0 0 0 0 0 0 0 0 0 0 0 0 0 0 0 0 0 0 0 0 0 0 0 0 6.93952347e-08 
0 0 0 0 0 0 0 0 6.927065905e-08 0 0 0 0 0 0 0 0 0 0 0 0 0 0 0 0 0 0 6.948413379e-08 0 0 0 6.943376992e-08 0 6.951301313e-08 0 0 0 0 0 0 0 0 0 0 0 0 0 0 0 0 0 0 0 0 6.943061388e-08 0 0 0 0 0 0 0 0 0 0 0 0 0 0 0 0 0 0 0 0 0 0 0 0 6.932382732e-08 0 0 0 0 0 0 0 0 0 6.939936355e-08 6.953409864e-08 0 0 0 0 0 0 0 0 0 6.935120196e-08 
# Events [psd_monitor/psd_sampel_pos.dat] N:
0 0 0 0 1 0 0 0 0 1 0 0 0 0 0 0 0 0 0 0 0 0 0 0 0 0 0 0 0 0 0 0 0 0 0 0 0 0 0 0 0 0 0 0 0 0 0 0 0 0 0 0 0 0 0 0 1 0 0 0 0 0 0 0 0 0 0 0 0 0 0 0 0 0 0 0 0 0 0 0 0 0 0 0 0 0 0 0 1 0 0 0 1 0 0 0 0 1 0 0 1 
0 0 0 0 0 0 0 0 0 0 0 0 0 0 0 0 0 0 0 0 0 0 0 0 0 0 0 0 0 0 0 0 0 0 0 0 0 0 0 0 0 0 0 0 0 0 0 0 0 0 0 0 0 0 0 0 0 0 0 0 0 0 0 0 0 2 0 1 1 0 0 0 0 1 0 0 0 0 0 1 0 0 0 0 0 0 0 0 0 1 0 0 0 0 0 0 0 0 0 0 0 
0 0 0 0 0 0 0 1 0 0 0 0 0 0 1 0 0 0 0 0 0 0 0 0 0 0 0 0 0 0 0 1 0 0 0 0 0 0 0 0 0 0 0 0 0 0 0 0 0 0 0 0 0 0 0 0 0 0 0 0 0 0 0 0 0 0 0 0 0 0 0 0 0 0 0 0 0 0 0 0 0 0 0 0 0 0 0 0 0 0 0 1 0 0 0 0 0 0 1 0 1 
0 0 0 0 0 0 0 0 0 0 0 0 0 0 0 0 0 0 0 0 0 0 0 0 0 0 0 0 0 0 1 0 0 0 0 0 0 1 0 0 0 0 0 0 0 0 0 1 0 0 0 0 0 0 0 0 1 0 0 0 0 0 0 0 0 0 0 0 0 0 0 0 0 0 0 0 0 1 0 0 0 0 0 0 0 0 0 0 0 0 0 0 1 0 0 0 0 0 0 0 0 
0 0 0 0 0 0 1 0 0 0 0 0 0 0 0 0 0 0 0 0 0 1 0 0 0 0 0 0 0 0 0 0 0 0 0 0 0 0 0 0 0 0 0 0 0 0 0 0 0 0 0 0 1 0 0 0 0 0 0 0 0 0 1 0 0 0 0 1 0 0 0 0 0 0 0 0 0 0 0 0 0 0 0 0 0 0 0 0 0 0 0 0 0 0 0 0 0 0 0 0 0 
0 0 0 0 0 0 0 0 0 0 0 0 0 0 0 0 0 0 0 0 0 0 0 0 0 0 0 1 0 0 0 0 0 0 0 0 0 1 0 0 0 0 0 0 0 0 0 0 0 0 0 0 0 0 0 0 0 0 1 0 0 0 0 0 0 0 0 0 0 1 0 0 0 0 0 0 0 1 0 0 0 0 0 0 0 0 0 0 0 0 0 0 0 0 0 0 0 0 0 0 0 
0 1 0 0 0 0 0 0 0 0 0 0 1 0 0 0 0 0 0 0 0 0 0 0 0 0 0 0 0 0 0 2 0 0 0 0 2 0 0 0 1 0 0 0 0 0 0 0 0 0 0 0 0 0 0 0 0 0 0 0 0 0 1 0 0 0 0 0 0 0 0 1 0 0 0 1 0 0 0 0 0 1 1 1 0 0 0 0 0 1 0 0 0 0 0 1 1 0 0 0 1 
0 0 0 0 0 0 0 0 0 0 0 0 0 0 0 0 0 0 0 0 0 0 0 0 0 1 0 0 0 0 0 0 0 0 0 0 0 0 0 0 0 1 0 0 1 0 1 0 0 0 0 0 0 0 0 0 0 0 0 0 0 0 2 0 0 0 0 0 0 0 0 1 0 0 0 0 0 1 0 0 0 0 0 0 0 0 0 0 0 0 0 0 0 0 0 1 0 0 0 0 0 
0 0 0 0 0 0 0 0 0 0 0 0 0 0 0 0 0 0 0 0 0 0 0 0 0 0 0 0 0 0 0 0 0 1 1 0 0 0 0 0 0 0 0 0 0 0 0 0 0 1 0 0 0 0 0 0 0 0 0 0 0 0 1 0 1 0 0 0 1 0 0 0 0 0 0 0 0 0 0 0 0 0 0 0 0 0 0 0 0 1 0 0 0 0 0 0 0 0 0 0 0 
0 0 0 0 0 0 0 0 1 0 0 0 0 0 0 0 0 0 0 0 1 0 0 0 0 0 0 0 0 0 0 0 1 0 0 0 0 0 0 1 0 0 0 0 0 0 0 0 0 0 0 0 0 0 0 0 0 0 0 0 1 0 0 0 0 0 0 0 0 0 0 0 0 0 0 0 0 0 0 0 0 0 0 0 0 0 0 0 1 0 0 0 0 0 0 0 0 0 0 0 0 
0 0 0 0 0 0 0 0 0 0 0 0 0 0 0 0 0 0 0 0 0 0 0 0 0 0 0 0 0 0 0 0 0 0 0 0 1 1 0 0 1 0 0 0 0 0 1 0 0 0 1 0 0 0 0 0 0 0 0 1 0 0 0 1 0 0 0 0 0 0 0 0 0 0 0 1 0 0 0 0 0 0 0 0 0 0 0 1 0 0 1 0 0 0 0 0 0 0 0 0 0 
0 0 0 0 0 0 0 0 0 0 0 0 0 0 0 0 0 0 0 0 0 0 0 0 0 0 0 0 1 0 0 1 1 0 0 0 0 0 0 0 0 0 0 0 0 0 0 0 0 0 0 0 1 0 0 0 0 0 0 0 0 0 0 0 0 0 0 0 0 0 0 0 0 0 0 1 0 0 0 0 0 0 0 0 0 0 0 1 0 0 0 0 0 0 1 0 0 0 0 0 0 
0 1 1 0 0 0 0 0 0 0 0 0 0 0 0 0 0 1 0 0 0 0 0 0 0 0 0 0 0 1 1 0 0 0 0 0 0 0 0 0 0 0 0 0 0 0 1 0 0 1 0 0 0 0 0 0 0 0 0 0 0 0 1 0 0 0 0 0 0 0 0 0 1 1 0 0 0 0 0 0 0 0 0 0 0 0 0 2 0 0 0 0 0 0 0 0 0 0 0 0 0 
1 0 0 0 0 0 0 0 0 0 1 0 0 0 0 0 0 0 0 0 0 0 0 1 1 0 0 0 0 0 0 0 0 1 0 0 0 0 0 0 0 0 0 0 0 0 0 0 0 0 0 0 1 0 0 0 0 0 0 1 0 0 0 0 0 0 0 0 1 0 0 0 0 0 0 0 0 0 1 0 0 0 0 0 0 0 0 0 0 1 0 0 0 0 0 0 0 0 0 0 0 
0 0 0 0 0 0 0 0 0 0 0 0 0 0 0 0 0 0 0 0 0 0 0 0 0 1 0 0 0 0 0 0 0 0 0 0 0 0 0 0 0 0 0 0 0 2 0 0 0 0 0 0 0 0 0 0 0 0 0 0 1 1 0 0 0 0 0 0 0 0 0 0 0 0 0 0 0 0 0 0 0 0 0 0 0 0 0 0 0 0 0 0 0 1 0 0 0 0 0 0 0 
0 0 0 0 0 0 0 0 0 0 0 0 0 0 0 0 0 0 0 0 0 0 1 0 1 0 0 0 0 0 0 0 0 0 0 0 0 1 0 0 0 0 0 0 1 1 0 0 0 0 0 0 0 0 0 0 0 0 0 0 0 0 0 0 0 0 0 0 0 0 0 0 1 0 0 0 0 0 0 0 0 0 0 0 0 0 0 0 0 0 0 0 0 0 0 0 1 0 0 0 0 
0 0 0 0 0 0 0 0 0 0 0 0 0 0 0 1 0 0 0 0 0 0 0 0 0 0 0 0 0 0 0 0 0 0 0 0 0 0 0 0 1 0 0 0 0 0 0 0 0 0 0 0 0 1 0 0 0 1 0 0 0 0 0 0 0 0 0 0 0 0 0 0 0 0 1 1 0 0 1 0 0 0 0 0 0 0 0 0 0 0 0 0 0 0 0 0 0 1 0 0 0 
0 0 0 0 0 0 0 0 0 0 0 0 0 0 0 0 0 0 0 0 0 0 0 0 0 0 0 0 0 0 0 0 0 0 0 0 1 0 0 0 0 0 1 0 0 0 0 0 0 0 0 0 0 0 0 0 0 1 0 0 1 0 0 0 0 0 0 1 0 1 0 0 0 0 0 0 0 0 0 0 0 0 0 0 0 0 0 0 0 0 0 0 0 0 0 0 0 0 1 0 1 
0 0 0 0 0 0 0 0 0 1 0 1 0 0 0 0 0 0 0 0 0 0 0 0 0 0 1 0 0 0 0 0 0 0 2 0 0 0 1 0 0 0 0 0 0 0 0 0 0 0 0 0 0 0 0 0 0 0 0 1 0 0 0 0 0 0 0 0 0 0 0 0 1 1 1 0 0 0 0 0 0 0 0 0 0 0 1 0 0 0 0 0 0 1 0 0 0 0 0 0 0 
1 0 0 1 0 0 0 0 0 0 0 0 0 0 0 0 0 0 0 0 0 0 0 0 1 0 0 0 0 0 0 0 0 0 0 0 0 0 0 0 0 1 0 0 0 0 0 0 0 0 0 0 0 0 0 0 0 0 0 0 0 0 0 0 0 0 0 0 0 0 0 0 0 0 0 0 0 1 0 0 0 0 0 0 0 0 0 0 0 0 0 0 0 0 0 0 0 0 0 0 0 
1 0 0 1 0 0 0 1 0 0 0 0 0 0 0 0 0 0 0 0 0 0 0 0 0 0 0 0 0 1 0 1 0 0 0 0 0 0 0 0 0 0 0 0 0 0 0 0 0 0 0 0 0 0 0 0 0 0 0 0 0 0 0 0 0 1 0 0 1 0 0 1 0 0 0 0 0 1 0 0 0 0 0 0 1 0 0 0 0 0 0 0 0 0 0 0 0 0 0 0 0 
0 0 1 0 0 0 0 0 0 0 0 0 0 0 0 0 0 0 0 1 0 0 0 0 0 0 3 0 0 0 0 0 0 0 1 0 0 0 0 0 0 0 0 0 0 0 0 0 0 0 0 0 0 0 0 0 0 1 0 0 0 0 0 0 0 0 0 0 0 0 0 0 0 0 0 0 0 0 0 0 0 0 0 0 0 0 0 0 0 0 0 0 0 0 0 0 0 0 0 1 0 
0 0 1 0 0 1 0 0 0 0 0 0 0 0 0 1 0 0 0 0 0 0 0 0 0 0 0 0 0 0 0 0 0 0 0 0 0 0 0 0 0 0 0 0 0 1 0 0 1 1 0 0 0 0 0 1 0 0 0 0 0 0 0 0 0 0 0 1 0 0 0 0 0 0 0 0 0 0 0 0 0 0 0 0 0 0 1 0 0 0 0 0 0 0 0 0 0 0 0 0 1 
1 0 0 0 0 0 0 0 0 0 0 0 0 0 0 0 1 0 0 0 0 0 0 0 0 1 0 0 0 0 0 0 0 0 0 0 0 0 0 0 1 0 0 0 0 0 0 0 1 0 0 0 0 0 0 0 0 0 0 0 0 0 0 0 0 0 0 0 0 0 1 0 1 0 0 0 1 0 0 0 0 0 0 0 0 0 0 0 0 0 0 0 0 0 0 0 0 0 0 0 0 
0 0 0 0 0 0 1 1 0 0 0 0 0 0 0 0 0 0 0 0 0 0 0 0 0 0 0 0 0 0 0 0 0 0 0 0 0 0 0 0 0 0 1 0 0 1 0 0 0 1 1 0 0 0 0 0 0 0 1 0 0 0 0 0 0 0 0 0 0 0 0 0 0 0 0 0 0 0 0 0 0 0 0 0 0 0 1 0 0 0 0 0 0 0 0 0 0 0 0 0 0 
1 0 0 0 0 0 0 0 0 0 1 0 0 0 0 0 0 0 0 0 0 1 0 0 0 0 0 0 0 1 0 0 1 0 0 0 0 0 0 0 0 0 1 0 0 0 0 0 0 0 0 0 0 0 0 0 0 0 0 0 0 0 0 0 0 0 0 0 0 0 0 0 0 0 0 0 0 0 0 1 0 0 0 0 0 0 1 0 0 0 0 0 1 0 0 0 0 0 0 0 0 
0 0 0 0 0 0 0 0 0 0 1 0 0 0 0 0 0 0 0 0 0 0 1 0 0 0 0 0 0 0 0 1 0 0 0 0 0 1 0 0 1 0 0 0 0 0 1 0 1 0 1 1 0 0 0 0 0 0 0 1 0 0 0 0 0 0 0 0 1 0 0 0 0 0 0 0 0 0 0 0 0 0 0 0 0 0 0 0 0 0 0 0 0 0 0 0 0 0 0 0 0 
0 0 0 0 0 1 0 0 0 0 0 0 0 1 0 0 1 0 0 0 1 1 0 0 0 0 0 0 0 0 0 0 0 1 0 0 0 0 1 0 1 0 0 0 1 0 0 0 0 0 0 1 0 1 0 0 0 0 0 0 0 0 0 0 0 0 1 0 0 0 0 0 0 0 0 0 0 0 0 0 0 0 0 0 0 0 0 0 0 0 0 0 0 0 0 0 0 0 0 0 0 
0 0 0 0 0 0 0 1 0 0 0 0 0 0 0 0 0 0 0 0 0 0 1 0 0 0 0 0 1 1 1 0 1 0 0 0 1 0 0 0 0 0 0 0 0 0 0 0 1 1 0 0 0 0 0 0 0 1 0 0 0 0 0 0 0 0 0 0 0 0 1 0 2 0 0 0 0 0 0 0 0 0 0 0 0 0 0 0 0 0 0 0 0 0 0 0 0 0 0 0 0 
0 0 0 0 0 0 0 0 0 0 0 0 0 0 0 0 0 0 0 0 0 0 0 0 0 0 0 0 0 0 0 1 0 0 0 0 1 0 0 0 0 0 0 1 0 0 1 0 0 0 0 1 0 0 0 0 0 0 0 0 0 0 0 0 0 0 0 0 0 0 0 0 1 0 0 0 0 0 0 0 1 0 0 0 0 0 0 0 0 0 0 0 0 0 0 0 0 0 0 0 0 
0 0 0 0 0 0 0 0 0 0 0 0 0 0 0 0 0 0 0 0 0 0 0 0 0 0 0 0 0 0 0 0 0 0 0 0 0 0 0 0 2 0 0 0 0 0 0 0 0 0 0 0 0 0 0 0 0 0 0 0 0 0 0 0 0 0 0 0 0 0 0 1 0 0 0 0 0 0 0 0 0 0 0 0 1 0 0 0 0 1 0 0 0 0 0 0 0 0 0 0 0 
0 0 0 0 0 0 0 0 0 0 0 0 0 0 0 0 0 0 0 0 0 1 0 0 0 0 0 1 0 0 0 0 0 0 0 0 0 0 0 0 0 0 0 0 0 0 0 0 0 1 0 1 0 0 0 0 0 0 0 0 0 0 0 0 0 0 1 0 0 0 0 0 1 0 0 0 0 0 0 0 0 1 0 0 0 1 1 0 0 0 0 0 0 0 0 0 0 0 0 0 0 
0 0 0 0 0 0 1 0 0 0 0 0 0 0 0 0 0 0 0 0 1 0 0 1 0 0 0 0 0 0 1 0 0 0 2 0 0 1 0 0 1 0 0 0 0 0 0 0 0 0 0 0 1 0 0 0 0 0 0 0 0 0 0 0 0 0 0 0 0 0 0 1 0 2 0 0 0 0 0 0 1 0 0 0 0 0 0 0 0 1 0 0 0 0 0 0 0 0 0 0 0 
0 0 0 0 0 0 0 0 0 0 0 0 0 0 0 0 0 0 0 0 0 0 0 1 0 0 0 1 0 0 0 0 0 0 0 0 0 2 0 0 1 0 0 0 0 1 0 0 0 0 0 0 0 0 1 0 0 0 1 0 0 1 0 0 0 0 1 0 1 0 0 1 0 0 0 0 0 0 0 0 0 1 1 0 0 0 0 0 0 0 0 1 0 0 0 0 1 0 1 0 0 
0 0 0 0 0 0 0 0 0 0 0 0 0 0 0 0 0 0 0 0 0 0 0 0 0 0 0 0 0 0 0 0 0 0 0 0 1 0 0 1 0 0 0 0 1 0 0 0 0 0 0 0 0 0 0 0 0 0 1 0 0 0 0 0 0 0 0 1 0 0 0 0 0 0 0 0 1 0 0 0 0 0 0 0 0 0 0 0 0 0 0 1 0 0 0 1 0 0 0 0 0 
0 0 0 0 0 0 0 1 0 0 0 0 0 0 0 1 0 0 0 0 0 0 0 0 0 0 0 0 0 0 0 0 0 0 0 0 0 0 0 0 0 1 0 0 0 0 0 0 0 0 0 0 0 0 1 0 0 0 0 0 0 0 0 0 0 1 0 0 2 1 0 0 0 0 0 0 0 0 0 0 1 0 0 0 0 0 0 0 0 0 0 1 0 0 0 0 0 0 0 0 0 
1 0 0 0 0 0 0 0 0 0 0 0 0 0 0 0 0 0 0 0 0 0 0 0 0 0 0 1 0 0 1 0 0 0 0 0 0 0 0 0 0 0 0 0 0 0 0 0 1 1 0 0 0 0 0 0 0 0 0 0 0 0 0 0 1 0 2 0 0 0 0 0 0 0 0 1 0 0 0 0 0 0 0 0 1 0 0 0 0 0 0 0 0 0 0 0 0 0 0 1 0 
0 0 0 1 0 0 0 0 0 0 1 0 0 1 0 1 0 0 0 0 0 0 0 0 0 0 0 0 0 0 0 0 0 0 0 0 0 0 0 0 0 0 0 0 0 0 0 0 0 0 0 0 1 0 0 0 0 0 0 0 0 0 0 0 1 0 1 0 0 0 0 0 0 0 0 0 0 0 0 0 0 0 0 0 1 0 1 0 0 0 0 0 0 0 0 0 0 0 0 0 0 
0 0 0 0 0 0 1 0 0 0 0 0 0 0 0 0 0 0 0 0 0 0 0 0 0 0 0 0 0 0 0 0 0 0 1 0 0 1 0 0 0 0 0 1 0 1 0 1 0 0 0 0 0 0 0 0 0 0 0 0 0 0 0 0 0 0 0 0 0 0 0 0 0 0 0 0 0 0 0 0 0 0 0 0 1 0 0 0 0 0 0 0 0 0 0 0 0 1 0 0 0 
0 0 0 0 0 0 0 0 0 0 0 0 0 0 1 0 0 0 0 0 0 1 0 0 0 1 0 1 0 0 0 0 0 1 0 0 0 0 0 0 0 0 0 0 0 0 0 0 1 0 0 0 0 1 0 0 0 0 0 0 0 0 0 0 0 1 0 0 0 0 0 0 0 0 0 0 0 0 0 0 0 0 0 0 0 0 0 0 0 0 0 0 0 0 0 0 0 0 0 0 0 
0 0 0 0 0 0 1 0 0 0 0 0 0 0 0 0 0 0 0 0 0 0 0 0 0 0 1 1 0 0 0 0 0 0 0 1 0 0 0 1 0 0 0 0 0 0 0 0 0 0 0 0 1 0 0 0 1 0 0 0 0 0 0 0 0 0 0 0 0 0 0 1 0 0 0 0 0 0 0 0 0 0 1 0 0 0 0 0 0 0 0 0 0 0 0 0 0 0 0 0 0 
0 0 0 0 0 0 0 1 0 0 2 0 0 0 0 0 0 1 0 0 0 0 0 0 1 0 0 0 0 0 0 0 0 0 0 0 0 0 0 0 0 0 1 0 0 0 1 0 0 0 0 0 0 0 0 0 0 0 0 0 0 0 0 0 0 0 1 0 0 0 0 2 0 0 0 1 0 0 0 0 0 0 0 0 0 0 0 0 0 0 0 0 0 0 0 0 0 0 0 0 0 
0 0 0 0 0 1 0 0 0 0 0 0 0 0 0 0 0 0 1 0 0 1 0 1 0 0 1 0 0 0 0 0 2 0 1 0 0 0 0 0 0 0 1 1 0 0 0 0 0 2 0 0 0 1 0 0 0 0 0 0 0 1 0 0 0 0 0 0 0 1 0 0 0 0 0 1 1 0 0 0 0 0 0 0 0 0 0 1 0 0 0 0 0 0 0 0 0 0 0 0 0 
0 0 0 0 0 0 0 0 0 0 0 1 0 0 0 0 0 0 0 1 1 0 1 1 0 0 0 0 0 2 0 0 0 0 0 0 0 0 0 0 0 0 0 0 1 0 0 0 0 0 0 0 0 0 0 0 0 1 0 0 0 0 0 0 0 0 0 0 0 1 1 1 0 0 0 0 0 0 0 0 0 0 1 1 0 1 0 0 0 0 0 0 0 0 0 0 0 1 0 0 1 
0 0 0 0 0 0 0 1 0 0 0 0 0 0 1 0 0 0 0 0 0 0 0 0 0 0 0 0 0 0 0 0 0 0 0 0 0 0 0 0 0 1 0 0 0 0 0 0 0 0 0 0 0 0 0 0 0 0 1 0 0 0 0 0 0 0 0 0 0 0 0 0 0 0 0 0 0 0 0 0 0 1 0 1 0 0 0 0 0 0 0 0 1 0 0 0 0 0 0 0 0 
0 0 0 0 0 0 0 0 0 0 0 0 0 0 0 0 0 0 1 0 0 0 0 0 0 0 0 0 0 0 0 0 0 2 0 0 0 0 0 0 0 0 0 0 0 0 0 0 0 0 0 0 0 0 0 0 0 0 0 0 0 0 0 0 0 0 1 0 0 0 1 0 0 0 0 0 0 0 0 0 0 0 0 0 0 0 0 0 0 0 0 0 0 0 0 0 0 0 0 0 0 
0 0 0 0 0 0 0 0 0 0 0 0 0 0 0 0 0 0 0 0 0 0 0 0 0 0 0 0 0 0 0 0 0 0 0 0 0 0 0 0 1 0 0 0 1 0 0 1 0 1 0 0 0 0 0 0 0 0 1 0 0 0 0 0 0 0 0 0 0 0 0 0 0 0 0 0 0 1 0 0 0 1 1 0 0 0 0 0 0 0 0 0 0 0 0 0 0 0 0 0 0 
0 0 0 0 0 0 0 0 0 0 0 0 0 0 0 0 0 0 0 0 1 0 0 0 0 0 0 0 0 0 0 0 0 0 0 0 0 1 0 0 0 0 0 0 0 1 0 0 0 0 0 0 0 0 0 0 0 0 0 0 0 0 0 0 1 0 0 1 0 0 0 0 0 0 0 0 0 0 0 0 0 0 0 0 0 0 1 0 0 0 0 0 0 0 0 0 0 0 0 0 0 
0 0 0 0 0 0 0 0 0 0 0 0 1 0 0 0 0 0 0 0 0 0 0 0 0 1 0 0 0 0 0 0 0 0 0 0 0 0 0 0 0 0 0 0 0 0 0 0 0 1 0 1 0 0 0 0 0 0 0 0 0 0 0 1 1 0 0 0 0 0 0 0 0 0 2 0 0 0 0 0 0 0 0 0 0 0 0 0 0 0 0 0 0 0 0 0 0 0 0 0 0 
0 0 0 0 0 0 0 0 0 0 0 0 0 0 0 1 0 0 1 0 0 0 0 0 0 0 0 0 0 0 0 1 0 1 0 0 0 0 0 0 0 0 0 0 0 0 1 1 0 0 0 0 1 0 0 0 0 1 0 0 0 0 0 0 0 0 0 0 0 0 0 0 0 0 0 0 0 1 0 0 0 0 1 0 0 0 0 0 0 0 0 0 0 0 0 0 0 1 0 0 0 
0 0 0 0 0 0 0 0 1 0 0 0 0 0 0 0 1 0 0 0 0 0 0 0 0 0 0 0 0 0 1 0 0 0 0 0 0 0 0 0 0 0 0 2 0 0 0 0 0 0 0 0 0 0 0 2 0 0 1 0 0 0 1 0 0 0 0 0 0 0 0 0 0 0 1 0 0 0 1 0 0 0 0 1 0 0 0 0 0 0 0 0 0 0 0 0 0 0 0 0 0 
0 0 0 0 0 0 0 0 0 1 0 0 0 0 0 0 0 0 0 0 0 0 0 0 0 0 0 0 0 0 0 0 0 0 0 0 0 0 0 0 0 1 1 0 0 0 0 0 0 0 0 1 0 0 0 0 1 0 0 1 1 1 0 0 0 0 0 0 0 0 1 0 0 0 0 0 2 0 0 0 0 0 0 0 0 0 0 0 0 0 0 0 0 0 1 0 0 0 0 0 0 
0 0 0 0 0 0 0 0 0 0 0 0 0 0 0 1 0 0 0 0 0 0 0 0 0 0 0 0 0 0 0 0 0 1 0 0 0 0 0 0 1 0 0 0 0 0 0 0 0 0 0 0 0 0 0 0 0 1 0 0 0 0 0 0 0 1 0 0 0 0 0 0 0 0 0 0 0 0 0 0 0 0 0 0 0 0 0 0 0 1 0 0 0 0 1 0 0 0 0 0 1 
0 0 0 0 0 0 0 0 1 0 1 0 0 0 0 0 1 0 1 0 0 0 0 0 0 0 0 0 0 0 0 0 0 0 0 0 0 0 0 0 0 0 0 0 0 0 0 0 0 0 0 0 0 0 0 0 0 0 0 0 0 0 0 0 0 0 0 0 0 0 0 0 0 0 2 0 0 0 0 0 0 0 0 0 1 0 1 0 0 0 0 0 0 0 0 0 0 0 0 0 0 
2 1 0 0 0 0 0 0 0 0 0 0 0 0 1 0 1 1 0 0 1 0 0 0 0 0 0 0 0 1 0 0 0 0 0 0 0 0 0 0 0 0 0 0 0 0 0 0 0 0 0 0 0 1 0 1 0 0 0 0 0 0 0 1 0 0 0 0 0 0 1 0 0 0 0 0 0 0 0 0 0 0 0 0 0 0 0 0 0 0 0 0 0 1 0 0 0 0 0 0 0 
0 0 0 0 0 0 0 0 0 0 0 0 0 0 0 0 1 0 0 0 0 0 0 0 0 0 0 0 0 0 0 0 0 0 0 0 0 0 0 0 1 1 0 0 0 0 0 0 0 0 0 0 0 0 1 0 0 0 0 1 1 0 0 0 0 0 0 0 0 1 0 0 0 1 0 0 0 0 0 0 0 0 0 0 0 0 0 0 0 0 0 0 1 0 0 0 0 0 0 0 0 
0 0 0 0 0 0 0 0 0 0 0 0 0 0 1 0 0 1 0 0 0 0 0 0 0 0 0 0 0 0 0 0 0 0 0 1 0 0 0 0 0 0 0 0 0 0 0 0 0 0 0 0 0 0 0 0 0 1 0 0 0 1 0 0 0 0 0 0 0 0 0 0 0 0 0 1 0 0 0 0 0 0 0 0 0 0 1 0 0 0 0 0 0 1 0 0 0 0 0 1 0 
0 0 0 0 0 0 0 0 0 0 0 0 0 1 0 0 1 0 0 0 0 0 0 1 0 0 0 0 0 0 0 0 0 0 0 1 0 0 0 0 0 0 0 0 0 0 0 0 0 0 0 0 1 0 0 0 0 0 0 0 0 0 1 0 0 1 0 0 0 0 0 0 0 1 1 0 0 0 0 0 0 1 0 0 0 0 0 0 0 0 1 1 0 0 0 0 0 0 0 0 0 
0 0 0 1 0 0 0 0 0 0 1 0 0 0 0 1 0 0 0 0 0 0 0 0 0 0 0 0 0 0 0 0 0 0 1 0 0 0 0 0 0 0 0 0 0 0 0 0 0 0 1 0 0 0 0 0 0 0 0 0 0 0 1 0 0 0 0 1 0 0 0 1 0 0 0 0 0 1 0 0 0 0 0 0 0 0 0 0 0 0 0 0 0 0 0 0 0 0 0 0 0 
0 0 0 0 0 0 0 0 0 0 2 0 0 0 0 0 0 0 0 0 1 0 0 0 0 0 0 0 0 0 0 0 0 0 0 0 0 0 0 0 0 0 0 0 0 0 0 0 0 0 0 0 0 0 0 0 0 1 0 0 1 1 0 0 0 1 0 0 0 0 1 0 0 0 0 0 0 0 0 0 0 0 0 1 0 0 0 0 0 0 0 1 0 0 0 0 0 0 0 0 0 
0 0 0 0 0 0 0 0 0 0 0 0 0 0 0 0 0 0 0 0 1 0 0 0 2 0 0 0 0 0 0 0 0 1 0 0 0 0 0 0 0 0 0 0 0 0 0 0 1 0 0 0 0 0 0 0 0 0 0 0 0 0 0 0 0 1 0 0 0 0 0 0 0 0 0 0 0 0 0 0 0 0 0 0 0 0 1 0 0 0 1 0 0 0 0 0 0 0 0 0 0 
0 0 0 0 0 0 0 0 0 0 0 0 0 0 0 0 0 1 0 0 0 0 0 0 0 0 0 0 0 0 1 0 0 0 1 0 0 0 0 1 0 0 0 0 0 0 1 0 0 1 1 0 0 0 1 0 0 0 0 0 1 0 0 0 0 0 0 0 0 0 0 0 0 0 0 0 0 0 0 0 0 1 0 0 0 0 0 1 0 0 0 0 0 0 0 0 1 0 0 0 0 
0 0 0 0 1 0 0 0 0 0 0 0 0 0 0 0 0 1 0 0 0 0 1 1 0 0 0 0 0 1 0 0 0 1 0 0 0 0 0 0 0 0 0 0 0 0 1 0 0 0 0 0 0 1 0 0 0 0 0 0 0 0 0 1 0 0 0 0 0 0 0 0 0 0 0 0 0 0 0 0 0 0 0 0 0 0 0 0 0 1 0 0 1 0 0 0 1 0 0 0 0 
0 0 0 0 0 0 0 0 0 0 0 0 0 0 0 0 0 0 0 0 0 0 0 0 0 0 0 0 0 0 0 0 0 0 0 1 0 0 0 0 1 0 0 0 0 1 0 0 0 0 0 0 0 0 0 0 0 0 0 0 0 1 0 0 0 0 0 0 0 0 0 0 0 0 0 0 0 0 0 0 0 0 0 0 0 1 0 0 0 0 0 0 0 0 0 0 0 0 0 0 0 
0 0 0 0 0 0 0 0 0 0 0 1 0 0 0 0 0 1 0 1 0 0 0 0 0 0 0 0 0 0 0 0 0 0 0 0 0 0 1 0 1 0 0 0 0 0 0 0 0 0 0 0 0 0 0 0 0 0 0 0 1 0 1 0 0 0 0 0 0 1 0 0 0 1 1 0 0 0 0 0 0 0 0 0 1 0 0 0 1 0 0 0 0 0 0 0 0 0 0 0 0 
0 0 0 0 0 0 0 0 0 0 0 0 0 0 0 0 0 0 0 0 0 0 0 1 0 0 1 0 0 0 0 0 0 0 0 0 0 0 2 0 1 0 0 0 0 0 0 0 0 0 2 0 0 0 1 0 0 0 0 0 0 0 0 0 0 0 0 0 0 0 1 0 0 0 0 0 0 0 0 0 0 0 0 0 0 0 0 1 0 0 0 0 0 0 0 0 0 0 0 0 0 
0 0 0 0 0 0 0 0 0 0 0 0 1 0 1 0 0 0 0 0 0 0 0 0 0 0 0 0 0 0 0 0 0 0 0 0 0 0 0 1 0 0 0 0 1 0 0 0 0 0 0 0 0 0 0 0 0 0 0 0 0 0 0 0 0 0 0 1 0 0 1 0 0 0 0 1 2 0 0 0 0 0 0 0 0 0 1 0 0 1 0 0 0 0 0 0 1 1 0 0 0 
0 0 0 0 0 0 1 0 0 0 0 0 0 0 0 0 0 0 0 0 1 0 0 0 0 0 0 0 0 0 0 0 0 0 0 0 1 0 0 0 0 0 0 0 0 0 0 0 0 0 0 0 0 0 0 0 0 1 0 0 0 1 0 0 0 0 0 0 0 0 0 0 0 0 0 0 0 0 0 0 0 0 0 1 0 0 0 0 0 0 0 0 0 0 1 0 0 0 0 0 0 
0 0 0 1 0 0 0 0 0 0 0 0 0 0 0 0 0 1 0 0 0 0 0 0 0 0 0 0 0 1 0 0 0 0 0 0 0 0 0 0 0 0 0 0 0 0 0 0 0 0 0 1 0 0 0 0 0 0 0 0 1 0 1 0 0 0 0 0 0 0 0 0 0 0 0 0 0 0 0 0 0 0 0 0 0 0 0 0 0 0 0 0 0 0 0 0 0 0 0 0 0 
0 0 0 0 0 0 0 0 1 0 0 0 0 0 0 1 0 0 0 0 0 0 0 0 0 0 0 0 0 0 0 0 0 0 0 0 0 0 0 0 0 0 0 0 0 0 0 0 0 1 0 0 0 0 0 0 1 0 0 0 0 0 0 0 0 0 0 0 0 0 0 1 0 1 0 0 0 1 0 1 0 0 0 0 0 1 0 2 0 0 0 0 0 1 0 0 0 0 0 0 0 
0 0 0 0 0 0 0 0 0 0 0 0 0 0 0 0 0 0 0 0 0 0 0 0 0 0 0 0 0 0 0 0 0 0 0 0 0 0 0 1 0 0 0 0 0 0 0 0 0 0 0 0 0 0 0 1 0 0 0 0 0 0 0 1 0 0 0 0 0 0 0 0 0 0 0 0 0 0 0 0 0 0 0 0 0 0 0 0 0 0 0 0 1 0 0 0 0 0 0 0 0 
0 0 0 1 0 0 0 0 0 0 1 0 0 0 0 0 0 1 0 0 0 0 0 0 0 0 0 0 0 0 0 0 0 0 0 0 0 0 0 0 0 0 0 1 0 0 0 0 0 0 1 0 0 1 0 0 0 0 0 0 0 0 0 0 0 0 0 0 0 0 0 0 0 0 0 0 0 0 0 0 0 0 0 0 0 0 0 0 0 0 0 1 0 0 0 0 0 0 0 0 0 
0 0 0 0 0 0 0 0 0 0 0 0 0 0 0 0 0 0 0 0 0 0 0 1 1 0 0 0 0 0 0 0 0 0 0 0 0 0 0 1 0 0 0 0 0 0 0 0 0 0 1 1 2 0 0 0 0 0 0 0 0 0 0 1 0 0 0 0 0 0 0 0 0 0 1 0 0 0 0 0 0 0 0 0 1 0 0 0 0 0 0 0 0 0 0 0 0 0 0 0 0 
0 0 0 0 0 0 0 0 0 0 0 0 0 0 0 0 1 0 0 0 0 0 0 0 0 0 0 0 0 1 0 0 0 0 0 0 2 0 0 0 1 0 0 0 0 0 0 0 0 0 0 1 0 0 0 0 0 0 0 0 0 0 0 0 0 0 0 0 1 0 0 0 0 0 0 0 0 0 0 0 0 0 0 0 0 0 0 0 0 0 0 0 0 0 0 0 0 1 0 0 0 
0 0 0 0 0 0 0 0 0 0 0 0 0 0 0 0 0 1 0 1 0 0 0 0 0 0 0 0 0 0 0 0 1 0 0 0 0 0 0 0 0 0 0 0 0 0 0 0 0 0 0 0 0 0 0 0 0 0 0 0 0 0 0 1 0 0 0 0 0 0 0 0 1 0 0 1 0 0 1 0 1 0 0 0 0 1 1 0 0 1 0 0 1 0 0 0 0 0 0 0 0 
0 0 0 0 0 0 0 1 0 0 0 0 1 1 0 0 0 0 0 0 1 0 0 1 0 0 0 0 0 1 0 0 1 1 0 0 0 0 1 0 0 0 0 0 0 0 0 0 0 0 0 0 0 0 0 0 0 1 0 0 0 0 0 0 0 0 0 0 0 0 0 0 0 0 0 0 1 0 0 0 0 0 0 0 0 0 0 0 0 0 0 0 0 0 0 0 0 0 0 0 0 
0 0 0 0 0 0 0 0 0 0 0 0 0 0 0 0 0 0 0 0 0 0 0 1 0 0 1 0 0 0 0 1 0 0 0 0 0 0 1 0 0 0 0 0 0 1 0 0 0 0 0 0 0 0 0 0 0 0 1 0 0 0 0 0 0 0 0 0 0 0 1 0 0 1 0 0 0 0 0 0 0 2 0 0 0 0 0 1 0 0 0 0 0 0 0 0 0 0 0 0 0 
0 0 0 0 1 0 0 0 0 1 1 0 0 0 0 0 0 0 1 0 0 0 0 0 1 0 0 1 0 0 0 0 0 0 0 1 0 0 0 0 0 0 0 0 0 0 0 0 0 0 0 0 0 0 0 0 1 0 0 0 0 0 0 0 0 0 0 1 0 0 0 0 0 0 1 0 1 0 1 0 0 0 0 0 0 1 0 0 0 1 0 0 0 0 0 1 0 0 0 0 0 
0 0 0 0 0 0 0 0 0 0 0 0 0 0 0 0 0 0 0 0 0 0 1 0 0 0 1 0 0 0 0 0 0 0 0 0 0 0 1 0 0 0 0 0 0 1 0 0 0 0 0 0 0 0 0 0 0 0 0 0 0 1 0 0 0 0 0 0 0 0 0 0 0 0 0 0 0 0 0 0 0 0 0 0 0 0 0 0 0 0 0 2 0 0 0 0 0 0 0 0 0 
0 0 0 0 0 0 0 0 0 0 0 0 0 0 0 0 0 0 0 0 1 0 0 0 1 0 1 0 0 0 0 0 0 0 0 0 0 0 0 0 0 0 0 0 0 0 0 0 0 0 0 0 0 0 0 0 0 0 1 0 0 0 1 0 0 0 0 0 0 0 0 0 0 0 0 0 1 0 0 0 0 0 0 0 0 0 0 0 0 0 0 1 0 0 0 0 1 0 0 0 0 
0 0 0 0 0 0 0 0 0 0 0 0 0 0 0 1 0 0 1 0 0 0 0 0 0 0 0 0 0 0 0 0 0 0 0 0 0 0 0 0 0 0 0 0 1 0 0 0 1 0 0 0 0 0 1 0 0 0 0 1 0 1 0 0 0 0 0 0 0 0 0 0 1 1 0 0 0 0 0 0 0 0 0 0 1 0 0 0 0 0 0 0 0 0 0 0 0 0 0 0 0 
0 0 0 0 0 0 0 0 0 0 0 0 0 0 0 0 0 0 0 0 0 0 0 0 0 0 0 0 0 0 0 0 0 0 0 0 0 0 0 0 0 0 0 1 0 0 0 0 0 0 0 1 0 1 0 0 0 1 1 0 0 0 1 0 0 0 0 0 0 1 0 0 0 0 0 0 0 0 0 0 0 0 0 0 0 0 0 0 0 0 0 0 0 0 0 0 0 0 0 0 0 
0 0 0 0 0 0 0 0 0 0 0 0 0 0 0 0 0 0 0 0 0 0 0 0 0 1 0 0 0 0 0 0 0 0 0 0 0 0 0 0 0 0 0 0 1 0 0 0 0 0 0 0 0 0 0 0 0 1 0 0 1 0 0 0 0 0 0 0 0 0 0 0 0 1 0 0 0 0 0 0 0 0 0 0 0 0 0 0 1 1 0 1 0 0 0 0 0 0 0 0 0 
0 0 0 0 0 0 0 0 0 0 0 0 1 0 0 0 0 0 0 0 0 0 0 0 0 0 0 0 0 0 1 0 0 0 0 0 0 0 0 0 0 0 0 0 0 0 0 0 0 0 0 1 1 1 0 0 0 0 0 1 0 0 0 0 0 0 0 0 0 0 0 0 0 0 0 0 0 0 0 0 0 0 0 0 1 0 1 0 3 0 0 0 0 0 0 0 0 0 0 0 0 
0 0 0 0 0 0 0 1 0 0 0 0 1 0 0 0 0 0 0 0 0 0 0 0 0 0 0 1 0 1 0 0 0 0 0 0 0 0 0 0 0 0 1 1 0 0 0 0 0 0 0 0 0 0 0 0 0 0 0 0 0 0 0 0 0 0 0 0 0 0 0 0 0 0 0 0 0 0 0 0 0 0 0 0 0 0 0 0 0 0 0 0 0 0 1 0 0 0 0 0 0 
0 0 2 0 1 0 0 0 0 0 1 0 0 0 0 0 0 0 0 0 0 1 0 0 1 0 0 0 0 0 0 0 0 0 1 0 0 2 0 0 1 0 0 0 0 0 0 0 0 1 0 0 0 0 1 0 0 0 0 0 0 0 1 0 0 0 0 0 0 0 0 1 0 1 0 0 0 0 0 0 0 0 0 0 0 0 0 0 0 0 0 0 0 0 0 0 0 0 0 0 0 
0 0 0 0 0 0 0 0 0 0 0 0 0 0 0 0 0 0 0 0 0 0 0 0 1 0 0 0 0 0 1 0 0 0 0 0 0 1 0 0 0 0 1 1 0 0 0 0 0 0 0 0 0 0 1 1 0 0 0 0 0 0 1 0 0 0 0 0 0 1 1 0 0 0 0 0 0 0 0 1 0 0 0 0 0 1 0 0 0 0 0 0 2 0 0 0 0 0 1 0 0 
0 0 0 0 0 0 0 0 0 0 0 0 0 1 0 1 0 0 0 0 0 0 0 0 1 0 1 0 0 0 0 0 0 0 0 0 0 1 0 0 0 0 0 0 0 1 0 0 0 0 0 1 0 0 1 0 0 0 0 0 0 0 0 0 0 0 0 0 1 0 1 0 0 0 0 0 0 0 0 0 0 0 0 0 0 0 0 0 0 0 1 0 0 0 0 0 0 0 0 0 0 
0 0 0 0 0 0 0 0 0 0 0 0 0 0 1 0 0 0 0 0 0 0 0 0 0 0 0 0 0 0 1 0 0 0 0 0 0 0 0 0 0 0 0 0 0 0 1 0 1 0 0 1 0 0 0 0 0 0 0 0 1 0 0 0 0 0 0 0 0 0 0 0 0 0 0 0 0 0 0 0 0 0 0 0 0 1 1 0 0 0 0 0 0 0 1 0 0 0 0 1 0 
0 0 0 0 0 0 1 0 0 1 0 0 1 0 0 0 0 0 0 1 0 0 0 0 0 0 0 0 0 0 0 0 0 0 0 0 0 0 0 1 0 0 1 0 0 0 0 0 0 0 1 0 1 0 0 0 0 0 0 0 0 0 0 0 0 0 0 0 0 0 1 1 0 0 0 0 0 0 0 0 0 0 0 0 0 1 0 0 0 0 1 1 0 0 0 0 0 0 1 0 0 
0 0 0 0 0 0 0 0 0 0 0 0 0 0 0 0 0 0 0 1 0 0 0 0 0 1 0 0 0 0 0 0 0 0 0 0 0 1 1 0 0 1 0 0 0 0 0 0 0 0 0 0 1 0 0 0 0 0 0 0 0 0 0 0 0 0 0 0 0 0 0 0 0 0 0 0 0 0 0 1 0 1 0 0 0 0 0 0 0 0 0 0 0 0 0 0 0 1 0 0 0 
0 0 0 0 0 0 1 0 0 0 0 0 0 0 0 0 1 0 0 0 0 0 0 0 0 0 0 1 0 0 0 0 0 0 0 0 0 0 0 1 0 0 1 0 0 0 0 0 0 0 0 0 0 0 0 0 0 0 0 0 0 0 0 0 0 0 0 0 0 0 0 0 0 0 1 1 0 0 0 0 0 0 0 0 0 0 1 0 0 0 0 0 0 0 0 0 0 0 0 0 0 
0 0 0 0 0 0 0 0 0 0 0 0 0 0 0 0 0 0 0 0 0 0 0 0 0 0 0 0 0 0 0 0 0 0 0 0 1 0 0 0 0 0 0 0 0 0 1 0 0 0 0 0 0 0 0 0 0 0 0 0 0 0 1 0 0 0 0 0 0 0 0 0 0 0 1 0 0 0 0 0 0 0 0 0 0 0 0 0 0 0 0 0 0 0 0 0 0 0 0 0 0 
0 0 0 0 0 0 0 0 0 0 0 0 0 0 0 0 1 0 0 1 0 0 0 0 0 0 0 0 0 0 0 0 0 0 0 0 0 0 0 0 0 0 0 1 0 0 0 0 0 1 1 0 0 0 0 0 1 0 0 0 0 0 0 0 1 0 0 0 0 0 0 0 0 0 0 0 0 0 0 0 0 0 0 0 0 0 0 0 0 0 0 0 0 0 0 0 1 0 0 0 1 
0 0 0 0 0 0 0 0 0 0 0 0 0 0 0 0 0 1 1 0 0 0 1 0 0 0 0 0 0 0 0 0 0 0 0 0 0 0 0 0 0 0 0 0 0 0 0 0 0 0 0 0 0 0 0 0 0 0 0 0 0 0 0 0 1 0 0 0 0 0 2 1 0 0 0 0 0 0 0 0 0 0 0 0 0 1 0 0 0 1 0 0 0 0 0 0 0 0 0 0 0 
0 0 0 0 0 0 0 0 0 0 0 0 0 0 0 0 0 0 0 1 1 0 1 0 0 0 0 0 0 0 0 1 0 1 0 0 0 0 0 0 1 0 0 0 0 0 0 0 0 0 0 0 0 1 1 0 0 0 0 0 0 0 0 0 0 0 0 0 0 1 0 0 0 0 0 0 0 0 0 0 1 0 0 0 0 0 0 0 0 0 0 0 0 0 0 0 0 0 0 0 0 
0 0 0 0 0 0 0 0 0 0 0 0 0 0 0 0 0 0 0 0 0 0 0 0 0 0 0 0 0 0 0 1 0 0 0 0 0 0 0 0 0 0 0 0 0 0 0 0 0 0 0 0 0 0 0 0 0 0 1 0 0 0 0 0 0 0 0 0 0 0 0 0 0 0 1 0 0 0 0 0 0 0 0 0 0 0 0 0 0 0 0 0 0 0 0 0 0 0 0 0 0 
0 0 0 0 0 0 0 0 0 0 0 0 0 0 0 0 0 0 0 0 0 0 0 0 0 0 0 0 0 0 0 0 0 0 0 0 0 0 0 0 0 0 0 0 0 0 0 1 0 0 0 0 0 0 0 0 0 0 0 0 0 0 0 0 1 0 0 0 0 0 0 0 0 0 0 1 0 1 0 0 0 0 0 0 0 0 0 0 0 0 0 0 0 0 0 0 0 0 0 0 0 
0 0 0 0 0 0 2 0 0 0 0 0 0 1 0 0 1 0 0 0 0 1 0 0 0 0 0 0 0 0 0 0 0 0 0 0 0 0 0 0 0 1 0 0 1 0 0 0 0 0 0 0 0 0 0 0 0 0 0 0 0 0 0 0 0 0 0 0 0 0 1 0 0 0 0 0 0 1 0 0 0 0 0 1 0 0 0 1 0 0 0 0 0 0 0 0 0 0 0 0 0 
0 0 0 0 0 0 0 0 0 0 0 0 0 0 0 0 0 0 0 0 0 0 1 0 0 0 0 1 0 0 0 0 0 0 0 0 0 0 0 0 0 0 0 0 0 0 0 0 0 1 0 0 0 0 0 0 0 0 0 0 0 0 0 0 1 0 0 0 0 0 0 0 0 0 0 0 0 0 0 0 0 0 0 0 0 0 0 0 0 0 0 0 0 0 0 0 0 0 0 0 1 
0 0 0 0 0 0 0 0 1 0 0 0 0 0 0 0 0 0 0 0 0 0 0 0 0 0 0 1 0 0 0 1 0 1 0 0 0 0 0 0 0 0 0 0 0 0 0 0 0 0 0 0 0 0 1 0 0 0 0 0 0 0 0 0 0 0 0 0 0 0 0 0 0 0 0 0 0 0 0 1 0 0 0 0 0 0 0 0 0 1 1 0 0 0 0 0 0 0 0 0 1 
