# Format: McCode with text headers
# URL: http://www.mccode.org
# Creator: McStas 2.7.1 - Oct. 04, 2021
# Instrument: FullInstrument_v4.6_curvature_scan.instr
# Ncount: 10000000
# Trace: no
# Gravitation: no
# Seed: 1635321992
# Directory: slit_pos_1/63
# Param: slitwidth=0.01
# Param: virtual_slit_d=0.6337
# Param: SourceE=5
# Param: DeltaSourceE=2
# Param: EI=5
# Param: A3=0
# Param: A4=-90
# Param: SAMPLE=3
# Param: file_name=EGECE_13WaveLmax1_geometry.dat.txt
# Param: RV_mono_Bool=0.5
# Param: RH_mono_Bool=0.5
# Param: Be_filter=1
# Param: old_mono=0
# Param: sampleHeight=0.01
# Param: sampleRadius=0.005
# Param: samplePosY=0
# Date: Tue Oct 26 11:15:05 2021 (1635239705)
# type: array_2d(100, 100)
# Source: PSI_CAMEA (FullInstrument_v4.6_curvature_scan.instr)
# component: SlitMonitor
# position: 1.44368 0 2.64455
# title: PSD monitor
# Ncount: 10000000
# filename: SlitMonitor.dat
# statistics: X0=-0.00697286; dX=0.284937; Y0=0.00483137; dY=0.282205;
# signal: Min=0; Max=3.47211e-07; Mean=1.2575e-08;
# values: 0.00012575 2.95493e-06 1811
# xvar: X
# yvar: Y
# xlabel: X position [cm]
# ylabel: Y position [cm]
# zvar: I
# zlabel: Signal per bin
# xylimits: -1 1 -1 1
# variables: I I_err N
# Data [SlitMonitor/SlitMonitor.dat] I:
0 0 0 0 0 0 0 0 0 0 0 0 0 0 0 0 0 0 0 0 0 0 0 0 0 0 0 0 0 0 0 0 0 0 0 0 0 0 0 0 0 0 0 0 0 0 0 0 0 0 0 0 0 0 0 0 0 0 0 0 0 0 0 0 0 0 0 0 0 0 0 0 0 0 0 0 0 0 0 0 0 0 0 0 0 0 0 0 0 0 0 0 0 0 0 0 0 0 0 0 
0 0 0 0 0 0 0 0 0 0 0 0 0 0 0 0 0 0 0 0 0 0 0 0 0 0 0 0 0 0 0 0 0 0 0 0 0 0 0 0 0 0 0 0 0 0 0 0 0 0 0 0 0 0 0 0 0 0 0 0 0 0 0 0 0 0 0 0 0 0 0 0 0 0 0 0 0 0 0 0 0 0 0 0 0 0 0 0 0 0 0 0 0 0 0 0 0 0 0 0 
0 0 0 0 0 0 0 0 0 0 0 0 0 0 0 0 0 0 0 0 0 0 0 0 0 0 0 0 0 0 0 0 0 0 0 0 0 0 0 0 0 0 0 0 0 0 0 0 0 0 0 0 0 0 0 0 0 0 0 0 0 0 0 0 0 0 0 0 0 0 0 0 0 0 0 0 0 0 0 0 0 0 0 0 0 0 0 0 0 0 0 0 0 0 0 0 0 0 0 0 
0 0 0 0 0 0 0 0 0 0 0 0 0 0 0 0 0 0 0 0 0 0 0 0 0 0 0 0 0 0 0 0 0 0 0 0 0 0 0 0 0 0 0 0 0 0 0 0 0 0 0 0 0 0 0 0 0 0 0 0 0 0 0 0 0 0 0 0 0 0 0 0 0 0 0 0 0 0 0 0 0 0 0 0 0 0 0 0 0 0 0 0 0 0 0 0 0 0 0 0 
0 0 0 0 0 0 0 0 0 0 0 0 0 0 0 0 0 0 0 0 0 0 0 0 0 0 0 0 0 0 0 0 0 0 0 0 0 0 0 0 0 0 0 0 0 0 0 0 0 0 0 0 0 0 0 0 0 0 0 0 0 0 0 0 0 0 0 0 0 0 0 0 0 0 0 0 0 0 0 0 0 0 0 0 0 0 0 0 0 0 0 0 0 0 0 0 0 0 0 0 
0 0 0 0 0 0 0 0 0 0 0 0 0 0 0 0 0 0 0 0 0 0 0 0 0 0 0 0 0 0 0 0 0 0 0 0 0 0 0 0 0 0 0 0 0 0 0 0 0 0 0 0 0 0 0 0 0 0 0 0 0 0 0 0 0 0 0 0 0 0 0 0 0 0 0 0 0 0 0 0 0 0 0 0 0 0 0 0 0 0 0 0 0 0 0 0 0 0 0 0 
0 0 0 0 0 0 0 0 0 0 0 0 0 0 0 0 0 0 0 0 0 0 0 0 0 0 0 0 0 0 0 0 0 0 0 0 0 0 0 0 0 0 0 0 0 0 0 0 0 0 0 0 0 0 0 0 0 0 0 0 0 0 0 0 0 0 0 0 0 0 0 0 0 0 0 0 0 0 0 0 0 0 0 0 0 0 0 0 0 0 0 0 0 0 0 0 0 0 0 0 
0 0 0 0 0 0 0 0 0 0 0 0 0 0 0 0 0 0 0 0 0 0 0 0 0 0 0 0 0 0 0 0 0 0 0 0 0 0 0 0 0 0 0 0 0 0 0 0 0 0 0 0 0 0 0 0 0 0 0 0 0 0 0 0 0 0 0 0 0 0 0 0 0 0 0 0 0 0 0 0 0 0 0 0 0 0 0 0 0 0 0 0 0 0 0 0 0 0 0 0 
0 0 0 0 0 0 0 0 0 0 0 0 0 0 0 0 0 0 0 0 0 0 0 0 0 0 0 0 0 0 0 0 0 0 0 0 0 0 0 0 0 0 0 0 0 0 0 0 0 0 0 0 0 0 0 0 0 0 0 0 0 0 0 0 0 0 0 0 0 0 0 0 0 0 0 0 0 0 0 0 0 0 0 0 0 0 0 0 0 0 0 0 0 0 0 0 0 0 0 0 
0 0 0 0 0 0 0 0 0 0 0 0 0 0 0 0 0 0 0 0 0 0 0 0 0 0 0 0 0 0 0 0 0 0 0 0 0 0 0 0 0 0 0 0 0 0 0 0 0 0 0 0 0 0 0 0 0 0 0 0 0 0 0 0 0 0 0 0 0 0 0 0 0 0 0 0 0 0 0 0 0 0 0 0 0 0 0 0 0 0 0 0 0 0 0 0 0 0 0 0 
0 0 0 0 0 0 0 0 0 0 0 0 0 0 0 0 0 0 0 0 0 0 0 0 0 0 0 0 0 0 0 0 0 0 0 0 0 0 0 0 0 0 0 0 0 0 0 0 0 0 0 0 0 0 0 0 0 0 0 0 0 0 0 0 0 0 0 0 0 0 0 0 0 0 0 0 0 0 0 0 0 0 0 0 0 0 0 0 0 0 0 0 0 0 0 0 0 0 0 0 
0 0 0 0 0 0 0 0 0 0 0 0 0 0 0 0 0 0 0 0 0 0 0 0 0 0 0 0 0 0 0 0 0 0 0 0 0 0 0 0 0 0 0 0 0 0 0 0 0 0 0 0 0 0 0 0 0 0 0 0 0 0 0 0 0 0 0 0 0 0 0 0 0 0 0 0 0 0 0 0 0 0 0 0 0 0 0 0 0 0 0 0 0 0 0 0 0 0 0 0 
0 0 0 0 0 0 0 0 0 0 0 0 0 0 0 0 0 0 0 0 0 0 0 0 0 0 0 0 0 0 0 0 0 0 0 0 0 0 0 0 0 0 0 0 0 0 0 0 0 0 0 0 0 0 0 0 0 0 0 0 0 0 0 0 0 0 0 0 0 0 0 0 0 0 0 0 0 0 0 0 0 0 0 0 0 0 0 0 0 0 0 0 0 0 0 0 0 0 0 0 
0 0 0 0 0 0 0 0 0 0 0 0 0 0 0 0 0 0 0 0 0 0 0 0 0 0 0 0 0 0 0 0 0 0 0 0 0 0 0 0 0 0 0 0 0 0 0 0 0 0 0 0 0 0 0 0 0 0 0 0 0 0 0 0 0 0 0 0 0 0 0 0 0 0 0 0 0 0 0 0 0 0 0 0 0 0 0 0 0 0 0 0 0 0 0 0 0 0 0 0 
0 0 0 0 0 0 0 0 0 0 0 0 0 0 0 0 0 0 0 0 0 0 0 0 0 0 0 0 0 0 0 0 0 0 0 0 0 0 0 0 0 0 0 0 0 0 0 0 0 0 0 0 0 0 0 0 0 0 0 0 0 0 0 0 0 0 0 0 0 0 0 0 0 0 0 0 0 0 0 0 0 0 0 0 0 0 0 0 0 0 0 0 0 0 0 0 0 0 0 0 
0 0 0 0 0 0 0 0 0 0 0 0 0 0 0 0 0 0 0 0 0 0 0 0 0 0 0 0 0 0 0 0 0 0 0 0 0 0 0 0 0 0 0 0 0 0 0 0 0 0 0 0 0 0 0 0 0 0 0 0 0 0 0 0 0 0 0 0 0 0 0 0 0 0 0 0 0 0 0 0 0 0 0 0 0 0 0 0 0 0 0 0 0 0 0 0 0 0 0 0 
0 0 0 0 0 0 0 0 0 0 0 0 0 0 0 0 0 0 0 0 0 0 0 0 0 0 0 0 0 0 0 0 0 0 0 0 0 0 0 0 0 0 0 0 0 0 0 0 0 0 0 0 0 0 0 0 0 0 0 0 0 0 0 0 0 0 0 0 0 0 0 0 0 0 0 0 0 0 0 0 0 0 0 0 0 0 0 0 0 0 0 0 0 0 0 0 0 0 0 0 
0 0 0 0 0 0 0 0 0 0 0 0 0 0 0 0 0 0 0 0 0 0 0 0 0 0 0 0 0 0 0 0 0 0 0 0 0 0 0 0 0 0 0 0 0 0 0 0 0 0 0 0 0 0 0 0 0 0 0 0 0 0 0 0 0 0 0 0 0 0 0 0 0 0 0 0 0 0 0 0 0 0 0 0 0 0 0 0 0 0 0 0 0 0 0 0 0 0 0 0 
0 0 0 0 0 0 0 0 0 0 0 0 0 0 0 0 0 0 0 0 0 0 0 0 0 0 0 0 0 0 0 0 0 0 0 0 0 0 0 0 0 0 0 0 0 0 0 0 0 0 0 0 0 0 0 0 0 0 0 0 0 0 0 0 0 0 0 0 0 0 0 0 0 0 0 0 0 0 0 0 0 0 0 0 0 0 0 0 0 0 0 0 0 0 0 0 0 0 0 0 
0 0 0 0 0 0 0 0 0 0 0 0 0 0 0 0 0 0 0 0 0 0 0 0 0 0 0 0 0 0 0 0 0 0 0 0 0 0 0 0 0 0 0 0 0 0 0 0 0 0 0 0 0 0 0 0 0 0 0 0 0 0 0 0 0 0 0 0 0 0 0 0 0 0 0 0 0 0 0 0 0 0 0 0 0 0 0 0 0 0 0 0 0 0 0 0 0 0 0 0 
0 0 0 0 0 0 0 0 0 0 0 0 0 0 0 0 0 0 0 0 0 0 0 0 0 0 0 0 0 0 0 0 0 0 0 0 0 0 0 0 0 0 0 0 0 0 0 0 0 0 0 0 0 0 0 0 0 0 0 0 0 0 0 0 0 0 0 0 0 0 0 0 0 0 0 0 0 0 0 0 0 0 0 0 0 0 0 0 0 0 0 0 0 0 0 0 0 0 0 0 
0 0 0 0 0 0 0 0 0 0 0 0 0 0 0 0 0 0 0 0 0 0 0 0 0 0 0 0 0 0 0 0 0 0 0 0 0 0 0 0 0 0 0 0 0 0 0 0 0 0 0 0 0 0 0 0 0 0 0 0 0 0 0 0 0 0 0 0 0 0 0 0 0 0 0 0 0 0 0 0 0 0 0 0 0 0 0 0 0 0 0 0 0 0 0 0 0 0 0 0 
0 0 0 0 0 0 0 0 0 0 0 0 0 0 0 0 0 0 0 0 0 0 0 0 0 0 0 0 0 0 0 0 0 0 0 0 0 0 0 0 0 0 0 0 0 0 0 0 0 0 0 0 0 0 0 0 0 0 0 0 0 0 0 0 0 0 0 0 0 0 0 0 0 0 0 0 0 0 0 0 0 0 0 0 0 0 0 0 0 0 0 0 0 0 0 0 0 0 0 0 
0 0 0 0 0 0 0 0 0 0 0 0 0 0 0 0 0 0 0 0 0 0 0 0 0 0 0 0 0 0 0 0 0 0 0 0 0 0 0 0 0 0 0 0 0 0 0 0 0 0 0 0 0 0 0 0 0 0 0 0 0 0 0 0 0 0 0 0 0 0 0 0 0 0 0 0 0 0 0 0 0 0 0 0 0 0 0 0 0 0 0 0 0 0 0 0 0 0 0 0 
0 0 0 0 0 0 0 0 0 0 0 0 0 0 0 0 0 0 0 0 0 0 0 0 0 0 0 0 0 0 0 0 0 0 0 0 6.948156646e-08 0 0 0 0 0 0 0 0 0 0 0 0 0 0 0 0 0 0 0 0 6.956378039e-08 0 0 0 0 0 0 0 0 0 0 0 0 0 0 0 0 0 0 0 0 0 0 0 0 0 0 0 0 0 0 0 0 0 0 0 0 0 0 0 0 0 0 
0 0 0 0 0 0 0 0 0 0 0 0 0 0 0 0 0 0 0 0 0 0 0 0 0 0 6.941291577e-08 0 6.935302617e-08 0 6.926561079e-08 1.390277024e-07 2.08377507e-07 0 0 0 0 0 0 1.388313637e-07 6.942942097e-08 6.945748646e-08 2.080357259e-07 6.950620947e-08 1.389001432e-07 0 6.942205368e-08 6.929111321e-08 0 6.954025482e-08 0 6.927053534e-08 6.950616688e-08 0 6.953230315e-08 0 6.936540022e-08 2.780332306e-07 6.952134535e-08 0 1.388243618e-07 0 0 0 6.947459396e-08 0 6.942804788e-08 0 0 6.950776295e-08 6.939805306e-08 1.389319243e-07 1.387080525e-07 0 0 6.955497043e-08 0 0 0 0 0 0 0 0 0 0 0 0 0 0 0 0 0 0 0 0 0 0 0 0 
0 0 0 0 0 0 0 0 0 0 0 0 0 0 0 0 0 0 0 0 0 0 0 0 0 6.940067576e-08 1.388921888e-07 0 6.944595117e-08 6.952567788e-08 0 0 0 6.93845417e-08 0 6.938179448e-08 6.952612114e-08 1.388165719e-07 6.945798055e-08 0 0 1.387349978e-07 0 0 0 0 6.954470347e-08 6.943122741e-08 6.944308279e-08 1.389125996e-07 6.926791726e-08 0 6.95481249e-08 1.388461753e-07 0 6.938561658e-08 0 0 2.079148442e-07 6.953071557e-08 0 0 0 0 0 0 0 6.947354315e-08 0 6.954305682e-08 1.382936149e-07 6.949890431e-08 0 0 0 0 0 0 0 0 0 0 0 0 0 0 0 0 0 0 0 0 0 0 0 0 0 0 0 0 
0 0 0 0 0 0 0 0 0 0 0 0 0 0 0 0 0 0 0 0 0 0 0 0 0 0 0 0 0 6.957516187e-08 0 6.933123473e-08 0 1.388434795e-07 0 0 6.917984824e-08 0 1.383736614e-07 6.950332332e-08 0 0 6.956000465e-08 6.955162193e-08 0 0 0 6.949578732e-08 1.389702202e-07 6.956422013e-08 0 0 0 0 0 1.389400021e-07 6.941420621e-08 0 0 2.773561115e-07 6.955350022e-08 6.951984266e-08 6.922316912e-08 6.941309009e-08 0 6.956644845e-08 6.95271595e-08 6.920302937e-08 0 6.949310528e-08 0 6.946349936e-08 0 0 1.383028997e-07 0 0 0 0 0 0 0 0 0 0 0 0 0 0 0 0 0 0 0 0 0 0 0 0 0 
0 0 0 0 0 0 0 0 0 0 0 0 0 0 0 0 0 0 0 0 0 0 0 0 0 6.94276223e-08 6.941257613e-08 0 0 6.929324998e-08 6.946265813e-08 0 0 6.954468928e-08 0 6.955854874e-08 0 0 6.934242417e-08 6.947955182e-08 6.947042637e-08 2.084054334e-07 6.950404562e-08 6.956365611e-08 0 0 2.080558684e-07 0 6.92879283e-08 0 0 1.389635907e-07 1.387609588e-07 6.939249195e-08 0 6.954005999e-08 0 0 1.388599797e-07 6.94648998e-08 6.957005922e-08 1.388848429e-07 0 0 0 0 6.920647993e-08 0 6.947417209e-08 6.930170797e-08 1.387832367e-07 6.932071035e-08 0 6.956244191e-08 1.386645313e-07 0 0 0 0 0 0 0 0 0 0 0 0 0 0 0 0 0 0 0 0 0 0 0 0 0 
0 0 0 0 0 0 0 0 0 0 0 0 0 0 0 0 0 0 0 0 0 0 0 0 0 2.082062344e-07 6.947663283e-08 0 0 6.948053762e-08 0 0 0 3.470941885e-07 0 0 0 1.391101397e-07 2.079564886e-07 6.95169064e-08 0 6.945921037e-08 1.389235789e-07 0 6.955935921e-08 0 0 0 0 6.944120154e-08 0 6.948409518e-08 6.930920821e-08 0 0 3.472112902e-07 0 1.389986088e-07 0 0 6.92908519e-08 0 6.928090447e-08 0 6.953566512e-08 6.949533039e-08 0 0 6.951361968e-08 6.955970926e-08 6.943461785e-08 6.954637075e-08 0 0 6.957372608e-08 0 0 0 0 0 0 0 0 0 0 0 0 0 0 0 0 0 0 0 0 0 0 0 0 0 
0 0 0 0 0 0 0 0 0 0 0 0 0 0 0 0 0 0 0 0 0 0 0 0 0 1.388451532e-07 6.928986401e-08 0 0 6.936555134e-08 1.389135354e-07 6.95368206e-08 0 0 0 6.945359439e-08 0 1.389685987e-07 0 0 6.942122176e-08 0 0 2.08424423e-07 1.390990834e-07 0 1.388910116e-07 0 0 0 6.944456058e-08 1.389270759e-07 0 6.927891049e-08 0 1.389887273e-07 6.941365282e-08 0 6.935984999e-08 1.390364844e-07 0 0 0 0 6.92718734e-08 6.930558268e-08 6.939039701e-08 0 0 0 0 6.957686133e-08 0 6.942932432e-08 0 0 0 0 0 0 0 0 0 0 0 0 0 0 0 0 0 0 0 0 0 0 0 0 0 0 
0 0 0 0 0 0 0 0 0 0 0 0 0 0 0 0 0 0 0 0 0 0 0 0 0 0 6.9528235e-08 0 6.956446733e-08 0 0 6.954034567e-08 0 6.923923557e-08 0 0 6.949164516e-08 0 0 6.945125529e-08 6.946883017e-08 0 0 6.931260973e-08 6.955810825e-08 0 0 6.943277369e-08 6.944455484e-08 6.953049138e-08 6.956299571e-08 0 6.953767567e-08 1.387048801e-07 0 6.9400144e-08 6.956734036e-08 6.921613199e-08 0 0 6.93639706e-08 0 0 1.390480794e-07 0 0 0 0 0 0 6.947629033e-08 0 0 6.946829939e-08 0 0 0 0 0 0 0 0 0 0 0 0 0 0 0 0 0 0 0 0 0 0 0 0 0 0 
0 0 0 0 0 0 0 0 0 0 0 0 0 0 0 0 0 0 0 0 0 0 0 0 0 6.926511526e-08 6.919541834e-08 0 1.388909049e-07 6.94439367e-08 0 0 6.93834235e-08 0 2.08315923e-07 0 6.916988615e-08 0 0 0 6.955615217e-08 0 6.940927864e-08 0 0 6.934688561e-08 6.949692363e-08 0 6.944544632e-08 6.934936389e-08 0 6.954782144e-08 6.957381644e-08 1.390827801e-07 0 0 6.952543126e-08 6.949578578e-08 1.387374304e-07 6.933415614e-08 1.389622764e-07 0 1.390322484e-07 0 0 6.947819188e-08 6.897728311e-08 0 0 6.946460037e-08 0 0 6.948949999e-08 6.947697301e-08 1.388728237e-07 0 0 0 0 0 0 0 0 0 0 0 0 0 0 0 0 0 0 0 0 0 0 0 0 0 
0 0 0 0 0 0 0 0 0 0 0 0 0 0 0 0 0 0 0 0 0 0 0 0 0 0 0 0 6.935668779e-08 6.941056701e-08 0 6.954298319e-08 0 6.931119011e-08 0 6.953592586e-08 0 6.933188717e-08 0 0 0 0 0 0 0 0 0 0 6.917474421e-08 1.389710547e-07 6.943373713e-08 0 0 0 6.956392796e-08 0 0 0 0 6.935576312e-08 0 6.953398842e-08 6.950746077e-08 6.957216385e-08 1.391263311e-07 0 0 0 1.389557466e-07 0 6.95015434e-08 0 1.390816855e-07 6.944497338e-08 1.386056531e-07 0 0 0 0 0 0 0 0 0 0 0 0 0 0 0 0 0 0 0 0 0 0 0 0 0 
0 0 0 0 0 0 0 0 0 0 0 0 0 0 0 0 0 0 0 0 0 0 0 0 0 0 0 0 0 6.933383007e-08 6.953275871e-08 0 0 0 0 0 0 0 1.389587098e-07 6.953182421e-08 6.928647906e-08 0 0 6.947419573e-08 6.95767774e-08 6.945982518e-08 0 2.774465465e-07 0 0 0 6.944953234e-08 0 0 0 0 6.94571754e-08 0 6.945710362e-08 0 0 0 0 1.388100212e-07 0 0 0 0 0 0 6.933628295e-08 0 6.949227773e-08 0 0 0 0 0 0 0 0 0 0 0 0 0 0 0 0 0 0 0 0 0 0 0 0 0 0 0 
0 0 0 0 0 0 0 0 0 0 0 0 0 0 0 0 0 0 0 0 0 0 0 0 0 0 0 0 1.390837067e-07 0 0 0 2.780457486e-07 1.386511336e-07 1.387010891e-07 0 1.388590856e-07 6.919064455e-08 0 0 6.940022387e-08 0 6.956456849e-08 6.944775936e-08 1.389265375e-07 1.389473137e-07 0 6.944156526e-08 1.387231434e-07 0 0 0 0 0 1.387967498e-07 1.389826945e-07 0 6.935400473e-08 6.936678631e-08 6.952453313e-08 1.390446941e-07 6.943886268e-08 6.950674107e-08 6.957490066e-08 6.952642018e-08 0 6.954859631e-08 0 0 0 0 6.954431308e-08 0 0 0 0 0 0 0 0 0 0 0 0 0 0 0 0 0 0 0 0 0 0 0 0 0 0 0 0 
0 0 0 0 0 0 0 0 0 0 0 0 0 0 0 0 0 0 0 0 0 0 0 0 0 0 6.933283884e-08 1.387731007e-07 1.38521271e-07 6.92206114e-08 0 0 0 6.937922304e-08 0 0 1.389028475e-07 0 0 6.956461027e-08 6.947264595e-08 0 0 0 6.944121437e-08 0 1.386394608e-07 0 0 0 0 0 6.940489303e-08 0 6.954968446e-08 0 0 0 6.9510006e-08 0 6.953370207e-08 0 1.388026589e-07 0 0 1.388146222e-07 0 6.955207944e-08 6.935212907e-08 0 6.945175678e-08 6.951373337e-08 6.927904197e-08 1.38937735e-07 0 0 0 0 0 0 0 0 0 0 0 0 0 0 0 0 0 0 0 0 0 0 0 0 0 0 
0 0 0 0 0 0 0 0 0 0 0 0 0 0 0 0 0 0 0 0 0 0 0 0 0 0 0 6.948124432e-08 0 6.938926926e-08 6.921880417e-08 0 0 6.943561759e-08 0 0 2.083827866e-07 6.947777048e-08 0 6.939073718e-08 0 6.948912881e-08 6.946598225e-08 0 0 6.931928802e-08 2.08577111e-07 2.083467687e-07 6.949603525e-08 6.946644609e-08 0 6.949630359e-08 0 1.387121716e-07 6.953216907e-08 0 1.390492695e-07 0 0 6.925167027e-08 0 6.951954912e-08 6.930701108e-08 0 0 6.943940006e-08 1.388474284e-07 0 0 6.942611888e-08 1.387362808e-07 0 0 0 1.386849936e-07 0 0 0 0 0 0 0 0 0 0 0 0 0 0 0 0 0 0 0 0 0 0 0 0 0 
0 0 0 0 0 0 0 0 0 0 0 0 0 0 0 0 0 0 0 0 0 0 0 0 0 0 0 6.927075545e-08 0 0 6.922815234e-08 0 0 0 0 0 0 6.946554673e-08 1.386233469e-07 2.084729717e-07 0 0 6.945988398e-08 1.386670108e-07 6.952893854e-08 1.389083397e-07 0 0 6.955036329e-08 1.390698296e-07 6.925284134e-08 0 6.940434267e-08 0 2.082904432e-07 6.94494421e-08 0 6.948940381e-08 0 6.923311653e-08 6.943114345e-08 0 6.94156407e-08 0 1.388159122e-07 6.955330211e-08 1.389203634e-07 0 6.955925243e-08 6.949422178e-08 0 2.080962842e-07 6.953366056e-08 6.956431491e-08 6.946718222e-08 0 0 0 0 0 0 0 0 0 0 0 0 0 0 0 0 0 0 0 0 0 0 0 0 0 
0 0 0 0 0 0 0 0 0 0 0 0 0 0 0 0 0 0 0 0 0 0 0 0 0 1.389414669e-07 6.951533982e-08 0 0 0 1.386814903e-07 0 0 0 0 0 1.386443793e-07 0 0 6.952472021e-08 6.937420673e-08 1.387098558e-07 0 6.933613195e-08 1.38958831e-07 2.083784343e-07 0 6.938965088e-08 1.390912583e-07 0 1.388666789e-07 6.94021753e-08 0 0 0 0 0 1.388696782e-07 0 6.93284399e-08 6.926782192e-08 0 6.952422872e-08 0 0 6.949775374e-08 0 6.953310027e-08 6.938002177e-08 6.934560772e-08 6.937655805e-08 0 0 6.948897384e-08 0 0 0 0 0 0 0 0 0 0 0 0 0 0 0 0 0 0 0 0 0 0 0 0 0 0 
0 0 0 0 0 0 0 0 0 0 0 0 0 0 0 0 0 0 0 0 0 0 0 0 0 0 0 0 0 1.389417945e-07 6.952272538e-08 6.949519514e-08 0 0 0 6.942081803e-08 6.9547838e-08 0 0 0 0 1.387569266e-07 6.94829988e-08 2.080259674e-07 6.939003466e-08 6.93073782e-08 0 1.388252656e-07 0 0 0 6.942504972e-08 6.942308805e-08 0 6.952818562e-08 6.93815909e-08 6.954255834e-08 6.937485971e-08 0 1.387375736e-07 6.954908121e-08 0 6.945235219e-08 6.947341006e-08 0 6.922482171e-08 0 2.083811973e-07 1.3910928e-07 0 0 0 6.952894998e-08 0 0 0 0 0 0 0 0 0 0 0 0 0 0 0 0 0 0 0 0 0 0 0 0 0 0 0 
0 0 0 0 0 0 0 0 0 0 0 0 0 0 0 0 0 0 0 0 0 0 0 0 0 0 0 0 0 0 1.387542027e-07 0 6.941188437e-08 6.950529317e-08 0 6.95468789e-08 0 0 6.916172281e-08 6.935280801e-08 0 6.94733579e-08 1.38898874e-07 0 6.953631421e-08 6.945922586e-08 6.920744815e-08 0 2.775380333e-07 0 6.947387564e-08 1.390690881e-07 6.954184686e-08 0 1.389629483e-07 0 6.93957944e-08 6.947537918e-08 0 6.932553905e-08 6.953206582e-08 6.953735816e-08 6.933322167e-08 0 1.387839584e-07 6.953490283e-08 6.956067249e-08 0 0 0 2.778357837e-07 6.931571224e-08 6.924848256e-08 6.95168836e-08 0 0 0 0 0 0 0 0 0 0 0 0 0 0 0 0 0 0 0 0 0 0 0 0 0 0 
0 0 0 0 0 0 0 0 0 0 0 0 0 0 0 0 0 0 0 0 0 0 0 0 0 1.388284173e-07 6.932268702e-08 0 2.083652298e-07 0 1.386159501e-07 0 0 0 1.387221268e-07 6.953982677e-08 0 1.39011605e-07 6.943041018e-08 1.388523391e-07 6.929958279e-08 0 1.389091401e-07 6.929391112e-08 6.948265393e-08 0 6.916827287e-08 0 1.390500458e-07 2.083453681e-07 0 6.956711167e-08 6.940968982e-08 6.95180058e-08 0 2.081933285e-07 0 0 0 0 6.944077963e-08 6.928373798e-08 6.955620996e-08 0 0 6.955343518e-08 6.957260742e-08 6.952719677e-08 0 6.93435878e-08 0 0 0 6.941452124e-08 2.086142091e-07 0 0 0 0 0 0 0 0 0 0 0 0 0 0 0 0 0 0 0 0 0 0 0 0 0 
0 0 0 0 0 0 0 0 0 0 0 0 0 0 0 0 0 0 0 0 0 0 0 0 0 0 0 6.950294618e-08 0 1.390874598e-07 1.387598205e-07 6.930176678e-08 1.390802513e-07 0 0 6.956072575e-08 0 6.940065329e-08 1.386455088e-07 1.389865716e-07 6.955609959e-08 2.080937401e-07 0 6.939569361e-08 2.084102153e-07 0 0 0 6.95555481e-08 6.953389672e-08 6.955960887e-08 0 6.937484758e-08 6.952392248e-08 6.952396397e-08 0 6.953742835e-08 0 0 0 6.953272496e-08 1.390804472e-07 6.953009312e-08 1.389522868e-07 0 0 0 6.956192819e-08 6.957064255e-08 0 0 6.951052794e-08 6.920859298e-08 1.389818814e-07 0 0 0 0 0 0 0 0 0 0 0 0 0 0 0 0 0 0 0 0 0 0 0 0 0 0 
0 0 0 0 0 0 0 0 0 0 0 0 0 0 0 0 0 0 0 0 0 0 0 0 6.946331799e-08 6.954196848e-08 0 6.952885744e-08 0 6.929290627e-08 0 1.390248824e-07 1.385204575e-07 0 6.952662027e-08 1.389319647e-07 0 0 6.952943891e-08 6.951340864e-08 1.38775468e-07 0 0 0 1.387387698e-07 6.952150201e-08 6.947182363e-08 6.948796749e-08 0 1.388863636e-07 0 6.939949556e-08 6.937757441e-08 1.389868427e-07 6.95255064e-08 6.955107145e-08 0 1.387271337e-07 0 0 6.939650418e-08 6.953905479e-08 0 0 0 0 0 0 0 6.928034144e-08 1.390938828e-07 1.390432339e-07 0 0 0 0 0 0 0 0 0 0 0 0 0 0 0 0 0 0 0 0 0 0 0 0 0 0 0 0 
0 0 0 0 0 0 0 0 0 0 0 0 0 0 0 0 0 0 0 0 0 0 0 0 0 0 0 6.93219811e-08 6.950023524e-08 0 0 6.930050147e-08 6.947396276e-08 1.390442083e-07 6.947496414e-08 1.385797504e-07 6.924920924e-08 0 0 0 6.931985216e-08 0 1.389055066e-07 6.946416269e-08 6.926211694e-08 0 6.941800868e-08 0 0 1.38747754e-07 6.929010501e-08 6.957408082e-08 0 0 0 0 0 1.391172229e-07 6.943523887e-08 1.389375873e-07 0 6.927716866e-08 1.386653194e-07 6.942104576e-08 6.932912669e-08 6.939833065e-08 0 0 1.388314613e-07 0 6.943171964e-08 0 6.931679808e-08 0 0 6.946851018e-08 0 0 0 0 0 0 0 0 0 0 0 0 0 0 0 0 0 0 0 0 0 0 0 0 
0 0 0 0 0 0 0 0 0 0 0 0 0 0 0 0 0 0 0 0 0 0 0 0 0 2.082771671e-07 0 0 6.93646126e-08 1.388109442e-07 6.953044069e-08 1.388819305e-07 6.952754453e-08 6.950611579e-08 6.93903849e-08 0 6.935267469e-08 1.384077705e-07 6.955957062e-08 0 2.779254204e-07 0 6.950300974e-08 6.940848228e-08 6.921210275e-08 0 6.940459004e-08 0 0 0 0 2.082284643e-07 6.938895112e-08 0 0 0 2.081470825e-07 0 0 0 0 0 1.390756519e-07 6.953776048e-08 1.385423e-07 0 6.94561114e-08 2.083010826e-07 0 0 2.086002932e-07 0 6.956289575e-08 0 0 0 0 0 0 0 0 0 0 0 0 0 0 0 0 0 0 0 0 0 0 0 0 0 0 0 
0 0 0 0 0 0 0 0 0 0 0 0 0 0 0 0 0 0 0 0 0 0 0 0 0 1.386339056e-07 0 0 1.390642248e-07 6.935541445e-08 6.94353402e-08 0 1.389814488e-07 6.955585666e-08 0 0 0 0 1.388200352e-07 2.085710349e-07 0 0 0 6.933641819e-08 0 0 6.926773792e-08 0 6.946763148e-08 0 6.954672934e-08 0 0 0 6.948815739e-08 6.939320349e-08 2.082852752e-07 0 0 6.940413219e-08 0 0 6.951573109e-08 0 6.948628565e-08 6.951176531e-08 6.950780584e-08 6.94450295e-08 6.924395359e-08 6.95584436e-08 6.925479422e-08 0 6.951606062e-08 1.386166116e-07 6.930396485e-08 0 0 0 0 0 0 0 0 0 0 0 0 0 0 0 0 0 0 0 0 0 0 0 0 0 
0 0 0 0 0 0 0 0 0 0 0 0 0 0 0 0 0 0 0 0 0 0 0 0 0 1.389595004e-07 0 3.471442865e-07 0 1.389900476e-07 0 0 2.083524708e-07 1.390104677e-07 0 6.956611326e-08 0 2.084014569e-07 6.952795518e-08 0 6.932347631e-08 6.945185857e-08 0 0 1.388011807e-07 1.389484089e-07 6.94383394e-08 0 0 2.084663034e-07 0 0 6.93032968e-08 6.953040357e-08 2.085307237e-07 0 0 6.923161695e-08 0 0 0 2.082673954e-07 0 0 0 0 0 6.947722157e-08 0 6.953306102e-08 0 0 0 0 0 0 0 0 0 0 0 0 0 0 0 0 0 0 0 0 0 0 0 0 0 0 0 0 0 0 
0 0 0 0 0 0 0 0 0 0 0 0 0 0 0 0 0 0 0 0 0 0 0 0 6.957214185e-08 6.941073659e-08 0 0 0 1.389277475e-07 0 6.939696562e-08 1.388337233e-07 0 1.389677946e-07 6.94780877e-08 6.957256441e-08 6.948908539e-08 0 0 0 0 6.948670419e-08 1.387913105e-07 0 0 0 0 1.390523093e-07 1.388444727e-07 6.942676153e-08 2.083943365e-07 6.950512944e-08 0 0 1.390699752e-07 2.080315519e-07 6.94371228e-08 0 0 1.389775867e-07 0 6.949256774e-08 0 6.925166801e-08 0 6.91889384e-08 0 6.955242211e-08 6.934946161e-08 0 6.936624589e-08 6.942137616e-08 6.952969732e-08 6.929523907e-08 0 0 0 0 0 0 0 0 0 0 0 0 0 0 0 0 0 0 0 0 0 0 0 0 0 
0 0 0 0 0 0 0 0 0 0 0 0 0 0 0 0 0 0 0 0 0 0 0 0 0 6.953057182e-08 6.941166534e-08 0 0 0 0 1.389503565e-07 2.777886111e-07 0 0 6.940232917e-08 0 6.914855965e-08 6.934536942e-08 0 1.38911895e-07 6.949624532e-08 0 1.38812232e-07 2.776144328e-07 0 0 1.387769496e-07 0 6.957415594e-08 0 6.937039928e-08 6.946583978e-08 6.952244995e-08 6.951706414e-08 0 0 1.389971271e-07 6.939576348e-08 0 0 6.950742885e-08 6.944971374e-08 0 0 0 0 6.916829242e-08 0 0 0 2.084073071e-07 0 6.944534703e-08 6.944458432e-08 0 0 0 0 0 0 0 0 0 0 0 0 0 0 0 0 0 0 0 0 0 0 0 0 0 
0 0 0 0 0 0 0 0 0 0 0 0 0 0 0 0 0 0 0 0 0 0 0 0 0 6.956094947e-08 0 6.956724471e-08 0 0 0 0 0 6.953857012e-08 0 6.953051118e-08 0 6.946774429e-08 6.950267845e-08 0 1.390156757e-07 0 1.387198172e-07 0 1.389137597e-07 6.949997849e-08 6.923171619e-08 1.387013835e-07 1.390508172e-07 0 0 0 6.947075456e-08 6.94944114e-08 0 0 0 6.945973819e-08 6.949578751e-08 6.949055281e-08 0 0 0 0 1.389619e-07 0 1.390063802e-07 0 6.948328365e-08 0 0 6.955349881e-08 6.957446413e-08 0 0 0 0 0 0 0 0 0 0 0 0 0 0 0 0 0 0 0 0 0 0 0 0 0 0 0 
0 0 0 0 0 0 0 0 0 0 0 0 0 0 0 0 0 0 0 0 0 0 0 0 0 6.934232098e-08 6.954601191e-08 6.943551834e-08 0 6.926278742e-08 6.951673661e-08 2.083408861e-07 6.945698887e-08 1.389699708e-07 0 0 6.947595985e-08 0 6.948480678e-08 6.944943225e-08 6.945742377e-08 0 0 0 0 0 0 6.950074883e-08 1.385279889e-07 2.080210042e-07 6.925228725e-08 0 6.92744702e-08 6.950773823e-08 0 0 0 0 6.924788424e-08 0 0 0 6.954425821e-08 0 0 0 0 1.388644586e-07 0 0 6.929405541e-08 0 0 1.387823591e-07 0 0 0 0 0 0 0 0 0 0 0 0 0 0 0 0 0 0 0 0 0 0 0 0 0 0 
0 0 0 0 0 0 0 0 0 0 0 0 0 0 0 0 0 0 0 0 0 0 0 0 0 6.932519709e-08 6.948089979e-08 0 0 0 6.935422572e-08 6.934976133e-08 6.950150549e-08 0 0 1.388489134e-07 0 6.952680917e-08 1.390734872e-07 0 6.956583739e-08 6.953853271e-08 0 6.957115602e-08 0 2.08545668e-07 0 0 0 0 6.954912627e-08 6.957768541e-08 0 0 0 6.953171824e-08 6.947602313e-08 2.081853555e-07 0 0 6.940481489e-08 6.944897083e-08 6.952969488e-08 0 6.948686702e-08 0 0 6.920200384e-08 6.918957764e-08 1.388770406e-07 0 6.92271984e-08 0 6.946547696e-08 6.935850872e-08 0 0 0 0 0 0 0 0 0 0 0 0 0 0 0 0 0 0 0 0 0 0 0 0 0 
0 0 0 0 0 0 0 0 0 0 0 0 0 0 0 0 0 0 0 0 0 0 0 0 0 2.083471075e-07 0 0 6.947092167e-08 6.954025931e-08 6.950853651e-08 0 6.935224179e-08 2.08377915e-07 1.386881877e-07 0 0 0 6.942005382e-08 0 2.083409563e-07 6.95444143e-08 1.3864454e-07 0 6.942061091e-08 6.941432678e-08 0 6.942973558e-08 6.93385915e-08 0 0 0 0 6.921308101e-08 6.954326406e-08 0 6.945693024e-08 0 1.388824183e-07 0 0 2.776363096e-07 0 0 6.948668508e-08 0 0 6.95480073e-08 6.930074944e-08 0 6.946296102e-08 0 0 0 0 0 0 0 0 0 0 0 0 0 0 0 0 0 0 0 0 0 0 0 0 0 0 0 0 0 
0 0 0 0 0 0 0 0 0 0 0 0 0 0 0 0 0 0 0 0 0 0 0 0 0 1.390108943e-07 0 0 0 0 1.388019654e-07 1.385549434e-07 0 1.388636946e-07 6.950865402e-08 1.386236248e-07 6.939707379e-08 1.385368258e-07 6.943590751e-08 6.948700706e-08 1.390836683e-07 6.938875771e-08 0 0 0 1.388638939e-07 1.387628089e-07 1.387557344e-07 0 6.94926796e-08 0 6.95658477e-08 6.944611073e-08 0 1.387625686e-07 0 0 0 6.930143927e-08 0 0 6.951181334e-08 6.953093166e-08 6.949153269e-08 6.955396072e-08 6.949611113e-08 0 0 0 0 0 6.957061098e-08 1.386026251e-07 0 1.38701912e-07 0 0 0 0 0 0 0 0 0 0 0 0 0 0 0 0 0 0 0 0 0 0 0 0 0 
0 0 0 0 0 0 0 0 0 0 0 0 0 0 0 0 0 0 0 0 0 0 0 0 0 0 6.951281089e-08 0 6.932292985e-08 1.383672632e-07 6.953902022e-08 0 0 6.95050953e-08 6.942304164e-08 0 1.387967698e-07 6.945324977e-08 6.952114882e-08 0 0 0 0 6.951537154e-08 0 6.953977155e-08 6.94124316e-08 6.947193796e-08 0 2.085776944e-07 6.933121054e-08 0 0 6.95043204e-08 1.387669073e-07 1.386502153e-07 6.9395713e-08 0 6.954656877e-08 0 0 1.389649696e-07 6.922421284e-08 0 0 0 6.928982748e-08 6.945308584e-08 6.947732799e-08 0 1.388383336e-07 1.390245186e-07 6.940166703e-08 0 0 0 0 0 0 0 0 0 0 0 0 0 0 0 0 0 0 0 0 0 0 0 0 0 0 0 
0 0 0 0 0 0 0 0 0 0 0 0 0 0 0 0 0 0 0 0 0 0 0 0 0 6.95014889e-08 6.929184566e-08 1.389296842e-07 1.389945887e-07 0 6.954972784e-08 6.954132534e-08 1.3906029e-07 0 0 6.940118372e-08 1.388429739e-07 6.957532141e-08 0 0 0 1.386994603e-07 0 0 0 2.080882588e-07 0 6.950736931e-08 6.945148216e-08 2.085143927e-07 6.940195941e-08 2.774942599e-07 1.385373581e-07 0 0 1.388549088e-07 0 6.943333356e-08 6.955982243e-08 6.952722586e-08 0 6.94183192e-08 0 1.38937899e-07 2.775768066e-07 0 6.939964542e-08 6.954274701e-08 1.385671308e-07 2.083269265e-07 6.951913553e-08 6.923307354e-08 1.390217034e-07 0 6.95231218e-08 0 0 0 0 0 0 0 0 0 0 0 0 0 0 0 0 0 0 0 0 0 0 0 0 0 
0 0 0 0 0 0 0 0 0 0 0 0 0 0 0 0 0 0 0 0 0 0 0 0 0 0 0 0 0 6.923756715e-08 0 0 0 6.956789279e-08 1.386196331e-07 6.950162612e-08 0 0 6.943730472e-08 0 6.926481122e-08 0 6.949456779e-08 6.940980861e-08 0 6.955303373e-08 1.390544354e-07 0 6.954201667e-08 0 6.93992339e-08 0 1.389600039e-07 6.945868997e-08 6.936288205e-08 6.952028572e-08 1.387784524e-07 1.387460008e-07 0 0 0 6.95177581e-08 6.926197414e-08 0 1.39004397e-07 0 6.94126446e-08 6.956799802e-08 6.955646803e-08 6.939588935e-08 6.956721241e-08 1.389603521e-07 6.94200926e-08 6.934382275e-08 0 0 0 0 0 0 0 0 0 0 0 0 0 0 0 0 0 0 0 0 0 0 0 0 0 0 
0 0 0 0 0 0 0 0 0 0 0 0 0 0 0 0 0 0 0 0 0 0 0 0 0 0 0 2.080963489e-07 6.937144613e-08 0 1.389374736e-07 0 1.387604992e-07 0 0 0 0 0 0 6.956035992e-08 0 2.082113762e-07 6.947485124e-08 2.083295554e-07 2.085164526e-07 0 6.949811302e-08 0 6.944876765e-08 6.952413312e-08 1.390208496e-07 6.944845173e-08 6.939024176e-08 0 6.952582502e-08 0 6.946832544e-08 0 6.940623467e-08 1.387015165e-07 1.385179229e-07 6.946200837e-08 1.387422308e-07 0 6.940492756e-08 6.944566658e-08 1.386906552e-07 0 1.390591544e-07 0 0 6.946873185e-08 0 0 6.933130986e-08 0 0 0 0 0 0 0 0 0 0 0 0 0 0 0 0 0 0 0 0 0 0 0 0 0 
0 0 0 0 0 0 0 0 0 0 0 0 0 0 0 0 0 0 0 0 0 0 0 0 0 6.944281688e-08 1.390025408e-07 0 0 0 1.389076359e-07 6.94954385e-08 0 0 0 0 0 6.95691462e-08 6.922940516e-08 0 0 2.776513178e-07 1.390901208e-07 6.928279914e-08 0 6.921266739e-08 6.948055099e-08 0 0 1.385222893e-07 0 6.952822797e-08 6.942742493e-08 6.932595452e-08 6.940350706e-08 6.9545656e-08 0 6.951222429e-08 1.388227493e-07 6.945927294e-08 0 6.95632899e-08 6.954163066e-08 0 0 0 6.940898464e-08 0 0 0 0 1.388189657e-07 0 2.08360205e-07 0 0 0 0 0 0 0 0 0 0 0 0 0 0 0 0 0 0 0 0 0 0 0 0 0 0 
0 0 0 0 0 0 0 0 0 0 0 0 0 0 0 0 0 0 0 0 0 0 0 0 0 6.945962511e-08 1.384792444e-07 0 1.38930317e-07 6.949222143e-08 1.386050211e-07 0 0 0 6.930880377e-08 0 1.38932188e-07 0 1.390705216e-07 0 0 0 6.955592396e-08 6.949379468e-08 2.08348933e-07 0 6.929779368e-08 0 0 0 1.389236882e-07 6.943110055e-08 0 0 6.944162076e-08 2.083033398e-07 6.928525849e-08 0 0 0 6.931089693e-08 1.387492401e-07 6.918741531e-08 6.938999202e-08 6.948927141e-08 1.388868458e-07 6.949224591e-08 6.925877683e-08 1.387504575e-07 6.920292247e-08 1.389952416e-07 0 0 6.944722468e-08 1.387241916e-07 0 0 0 0 0 0 0 0 0 0 0 0 0 0 0 0 0 0 0 0 0 0 0 0 0 
0 0 0 0 0 0 0 0 0 0 0 0 0 0 0 0 0 0 0 0 0 0 0 0 0 6.926841385e-08 0 0 6.952693452e-08 6.917151472e-08 0 6.930431546e-08 0 0 0 0 0 6.953523184e-08 0 0 6.956176709e-08 6.944923071e-08 6.944328432e-08 0 6.939910176e-08 6.954887353e-08 0 6.952919064e-08 6.955412902e-08 1.389311329e-07 1.38926971e-07 1.390091414e-07 0 6.950375555e-08 0 6.949543324e-08 6.953232289e-08 0 6.947092734e-08 6.925518802e-08 6.957132547e-08 1.386042032e-07 2.083889009e-07 0 1.389747664e-07 1.389504927e-07 6.949645406e-08 6.940382516e-08 6.953464578e-08 0 0 6.955627858e-08 6.950210228e-08 0 6.940469451e-08 0 0 0 0 0 0 0 0 0 0 0 0 0 0 0 0 0 0 0 0 0 0 0 0 0 
0 0 0 0 0 0 0 0 0 0 0 0 0 0 0 0 0 0 0 0 0 0 0 0 0 2.083487902e-07 6.951361063e-08 1.389938439e-07 0 1.390164835e-07 1.389767789e-07 6.915197832e-08 6.938628594e-08 0 0 0 2.085346675e-07 6.940422978e-08 6.947687354e-08 2.081822362e-07 0 0 1.39147443e-07 0 6.940927822e-08 2.084030204e-07 6.925925546e-08 0 1.389428293e-07 0 6.937792609e-08 0 1.388080305e-07 6.955999306e-08 6.95497269e-08 6.957286571e-08 0 6.951698578e-08 6.932082783e-08 6.951556163e-08 0 6.932982781e-08 0 0 0 1.391097967e-07 0 6.922985478e-08 0 6.946762964e-08 6.957045937e-08 2.082878673e-07 0 6.922702674e-08 0 0 0 0 0 0 0 0 0 0 0 0 0 0 0 0 0 0 0 0 0 0 0 0 0 0 
0 0 0 0 0 0 0 0 0 0 0 0 0 0 0 0 0 0 0 0 0 0 0 0 0 6.936850217e-08 0 1.3892049e-07 1.388900335e-07 0 0 6.945542029e-08 0 0 1.388490894e-07 1.387339465e-07 6.954311733e-08 6.925673289e-08 0 0 6.949459694e-08 0 6.936740096e-08 6.948659389e-08 0 0 6.951038625e-08 6.949785703e-08 1.390036081e-07 0 0 0 6.946095616e-08 1.390391581e-07 6.920535393e-08 0 0 0 0 6.945952056e-08 1.389258146e-07 6.907319758e-08 1.391131729e-07 0 0 6.950854132e-08 0 0 0 6.953143182e-08 0 6.928218248e-08 6.94325151e-08 6.942881491e-08 1.389200535e-07 0 0 0 0 0 0 0 0 0 0 0 0 0 0 0 0 0 0 0 0 0 0 0 0 0 
0 0 0 0 0 0 0 0 0 0 0 0 0 0 0 0 0 0 0 0 0 0 0 0 0 0 6.94441008e-08 0 6.940809938e-08 0 0 0 6.944718356e-08 0 0 0 0 1.389266444e-07 1.38712785e-07 0 0 0 0 6.943980898e-08 6.951395193e-08 6.938314464e-08 6.947507299e-08 0 1.390427268e-07 6.931774142e-08 6.956996524e-08 1.389800944e-07 2.085271594e-07 2.084283484e-07 0 0 0 0 6.937165785e-08 6.934137147e-08 0 2.083397838e-07 6.950746333e-08 0 6.95023557e-08 1.386750504e-07 0 0 6.948000657e-08 0 0 0 6.951447185e-08 0 0 0 0 0 0 0 0 0 0 0 0 0 0 0 0 0 0 0 0 0 0 0 0 0 0 0 
0 0 0 0 0 0 0 0 0 0 0 0 0 0 0 0 0 0 0 0 0 0 0 0 0 1.389958569e-07 6.937649747e-08 6.933687838e-08 0 6.955467534e-08 6.952355113e-08 6.94931929e-08 2.08386102e-07 6.954796527e-08 0 0 0 0 6.947924096e-08 0 6.951466511e-08 0 0 0 0 1.386968656e-07 0 0 0 2.083316582e-07 0 0 0 0 2.086102489e-07 0 6.927716179e-08 0 6.94352685e-08 0 6.923580594e-08 0 0 0 0 6.939681596e-08 6.925433548e-08 0 0 1.389871184e-07 1.389027396e-07 6.956618638e-08 0 6.937213251e-08 0 0 0 0 0 0 0 0 0 0 0 0 0 0 0 0 0 0 0 0 0 0 0 0 0 0 
0 0 0 0 0 0 0 0 0 0 0 0 0 0 0 0 0 0 0 0 0 0 0 0 0 6.917454452e-08 1.389841112e-07 0 0 0 0 0 6.921993428e-08 6.942821933e-08 0 2.083445148e-07 0 0 6.942226782e-08 0 0 0 6.951005131e-08 0 6.9290375e-08 6.955416506e-08 0 6.938715968e-08 1.389669401e-07 1.390042281e-07 0 0 0 6.952765692e-08 0 6.95173439e-08 1.390453347e-07 2.079164367e-07 1.389364423e-07 0 0 6.930036983e-08 0 6.935960489e-08 0 0 0 6.950382314e-08 0 0 6.952270788e-08 0 0 1.390488723e-07 6.952432679e-08 0 0 0 0 0 0 0 0 0 0 0 0 0 0 0 0 0 0 0 0 0 0 0 0 0 
0 0 0 0 0 0 0 0 0 0 0 0 0 0 0 0 0 0 0 0 0 0 0 0 0 6.942199187e-08 1.388495018e-07 0 0 1.388030965e-07 2.084720482e-07 6.942125823e-08 6.947375105e-08 0 1.386894683e-07 6.948641206e-08 1.388478098e-07 0 0 1.386885437e-07 0 0 0 2.083159592e-07 0 6.950560651e-08 1.390962988e-07 2.08380288e-07 0 6.923514842e-08 0 6.95387761e-08 0 0 0 6.928923288e-08 6.956080795e-08 0 0 0 6.954175526e-08 0 0 0 0 0 6.943995948e-08 0 0 6.951718293e-08 1.385276234e-07 6.951767645e-08 0 6.947684038e-08 0 0 0 0 0 0 0 0 0 0 0 0 0 0 0 0 0 0 0 0 0 0 0 0 0 0 
0 0 0 0 0 0 0 0 0 0 0 0 0 0 0 0 0 0 0 0 0 0 0 0 0 0 2.085239277e-07 0 6.922330474e-08 0 0 0 0 6.955972796e-08 0 0 0 0 0 1.386772866e-07 0 0 0 6.926947851e-08 6.949634112e-08 6.943248063e-08 0 0 6.943353805e-08 0 0 0 6.950878698e-08 6.95068952e-08 0 0 6.953859651e-08 6.945383236e-08 1.390004358e-07 0 0 6.940476592e-08 6.936798753e-08 2.085173356e-07 6.940964707e-08 6.92495413e-08 6.954156335e-08 0 1.390668327e-07 6.933860174e-08 0 0 0 0 0 0 0 0 0 0 0 0 0 0 0 0 0 0 0 0 0 0 0 0 0 0 0 0 0 0 
0 0 0 0 0 0 0 0 0 0 0 0 0 0 0 0 0 0 0 0 0 0 0 0 0 6.955258042e-08 0 0 0 6.931409949e-08 0 6.944964168e-08 0 6.942493793e-08 6.945642292e-08 6.947105233e-08 6.936198715e-08 6.938945101e-08 6.948848403e-08 6.955537659e-08 6.944729924e-08 1.389828094e-07 6.955002014e-08 6.947588358e-08 1.389520261e-07 6.948053561e-08 0 0 6.951415909e-08 6.932542404e-08 1.388472925e-07 0 0 6.950683674e-08 0 0 0 0 0 0 6.954460364e-08 0 6.95359278e-08 0 0 6.955484838e-08 6.941561277e-08 0 6.952288171e-08 0 6.940698018e-08 6.955384199e-08 6.954849161e-08 6.948545509e-08 1.391368454e-07 0 0 0 0 0 0 0 0 0 0 0 0 0 0 0 0 0 0 0 0 0 0 0 0 0 
0 0 0 0 0 0 0 0 0 0 0 0 0 0 0 0 0 0 0 0 0 0 0 0 6.94865126e-08 6.925369623e-08 0 0 1.391107271e-07 2.084109746e-07 6.926515024e-08 6.949981388e-08 6.951852664e-08 0 0 0 0 6.930347018e-08 6.949151333e-08 0 1.388203193e-07 6.93680309e-08 0 6.931085793e-08 6.949328165e-08 0 6.957573687e-08 0 0 0 0 0 0 1.386875229e-07 0 0 6.94759186e-08 6.941540136e-08 6.944922444e-08 0 0 0 0 6.926605971e-08 0 0 6.948165421e-08 0 0 1.389581641e-07 6.957752693e-08 1.387933064e-07 0 6.926286043e-08 0 0 0 0 0 0 0 0 0 0 0 0 0 0 0 0 0 0 0 0 0 0 0 0 0 0 
0 0 0 0 0 0 0 0 0 0 0 0 0 0 0 0 0 0 0 0 0 0 0 0 0 0 6.92396469e-08 1.387671341e-07 6.94069028e-08 0 6.931011624e-08 0 0 0 0 0 2.085550011e-07 0 0 0 6.954091544e-08 0 0 6.931830715e-08 6.929040964e-08 6.949580616e-08 0 0 2.08475603e-07 0 0 0 1.387310247e-07 0 6.957024777e-08 0 0 6.953663182e-08 6.930516185e-08 0 1.387776358e-07 0 6.949404111e-08 6.9513507e-08 0 6.94915147e-08 6.934658595e-08 0 0 6.952360574e-08 1.389624045e-07 0 0 1.389332411e-07 0 0 0 0 0 0 0 0 0 0 0 0 0 0 0 0 0 0 0 0 0 0 0 0 0 0 
0 0 0 0 0 0 0 0 0 0 0 0 0 0 0 0 0 0 0 0 0 0 0 0 0 6.956939645e-08 0 1.389241458e-07 0 6.927262875e-08 0 0 0 0 0 0 0 6.946575383e-08 0 1.388571125e-07 1.386141545e-07 6.951435498e-08 6.957122212e-08 0 6.947888039e-08 6.949727918e-08 0 0 1.390415191e-07 1.388165273e-07 0 0 0 0 0 6.956156821e-08 0 0 6.95045481e-08 0 0 6.935849813e-08 6.947102157e-08 1.384999336e-07 1.388027429e-07 0 1.391099193e-07 0 0 6.953059417e-08 6.938393881e-08 0 0 6.948603731e-08 0 0 0 0 0 0 0 0 0 0 0 0 0 0 0 0 0 0 0 0 0 0 0 0 0 0 
0 0 0 0 0 0 0 0 0 0 0 0 0 0 0 0 0 0 0 0 0 0 0 0 0 6.907546327e-08 6.941415144e-08 0 6.952646103e-08 0 0 0 2.081033224e-07 6.938364393e-08 0 0 0 0 6.939150918e-08 0 6.947659219e-08 6.947038134e-08 1.390231976e-07 0 0 6.956516977e-08 6.94319163e-08 6.95337839e-08 1.387636296e-07 0 6.932732666e-08 1.39037683e-07 0 0 6.9511949e-08 0 0 0 1.390513474e-07 6.92842559e-08 0 6.943554997e-08 6.952883341e-08 0 2.778234717e-07 6.953005428e-08 6.940911004e-08 0 0 2.081283088e-07 1.388871961e-07 0 0 0 1.387685622e-07 0 0 0 0 0 0 0 0 0 0 0 0 0 0 0 0 0 0 0 0 0 0 0 0 0 
0 0 0 0 0 0 0 0 0 0 0 0 0 0 0 0 0 0 0 0 0 0 0 0 0 0 0 0 0 0 6.934078305e-08 0 0 0 0 0 0 0 0 0 0 0 6.94737122e-08 0 0 0 0 0 0 0 0 0 0 0 0 0 0 0 0 0 0 0 0 0 0 0 0 0 0 0 0 0 0 0 0 0 0 0 0 0 0 0 0 0 0 0 0 0 0 0 0 0 0 0 0 0 0 0 0 0 
0 0 0 0 0 0 0 0 0 0 0 0 0 0 0 0 0 0 0 0 0 0 0 0 0 0 0 0 0 0 0 0 0 0 0 0 0 0 0 0 0 0 0 0 0 0 0 0 0 0 0 0 0 0 0 0 0 0 0 0 0 0 0 0 0 0 0 0 0 0 0 0 0 0 0 0 0 0 0 0 0 0 0 0 0 0 0 0 0 0 0 0 0 0 0 0 0 0 0 0 
0 0 0 0 0 0 0 0 0 0 0 0 0 0 0 0 0 0 0 0 0 0 0 0 0 0 0 0 0 0 0 0 0 0 0 0 0 0 0 0 0 0 0 0 0 0 0 0 0 0 0 0 0 0 0 0 0 0 0 0 0 0 0 0 0 0 0 0 0 0 0 0 0 0 0 0 0 0 0 0 0 0 0 0 0 0 0 0 0 0 0 0 0 0 0 0 0 0 0 0 
0 0 0 0 0 0 0 0 0 0 0 0 0 0 0 0 0 0 0 0 0 0 0 0 0 0 0 0 0 0 0 0 0 0 0 0 0 0 0 0 0 0 0 0 0 0 0 0 0 0 0 0 0 0 0 0 0 0 0 0 0 0 0 0 0 0 0 0 0 0 0 0 0 0 0 0 0 0 0 0 0 0 0 0 0 0 0 0 0 0 0 0 0 0 0 0 0 0 0 0 
0 0 0 0 0 0 0 0 0 0 0 0 0 0 0 0 0 0 0 0 0 0 0 0 0 0 0 0 0 0 0 0 0 0 0 0 0 0 0 0 0 0 0 0 0 0 0 0 0 0 0 0 0 0 0 0 0 0 0 0 0 0 0 0 0 0 0 0 0 0 0 0 0 0 0 0 0 0 0 0 0 0 0 0 0 0 0 0 0 0 0 0 0 0 0 0 0 0 0 0 
0 0 0 0 0 0 0 0 0 0 0 0 0 0 0 0 0 0 0 0 0 0 0 0 0 0 0 0 0 0 0 0 0 0 0 0 0 0 0 0 0 0 0 0 0 0 0 0 0 0 0 0 0 0 0 0 0 0 0 0 0 0 0 0 0 0 0 0 0 0 0 0 0 0 0 0 0 0 0 0 0 0 0 0 0 0 0 0 0 0 0 0 0 0 0 0 0 0 0 0 
0 0 0 0 0 0 0 0 0 0 0 0 0 0 0 0 0 0 0 0 0 0 0 0 0 0 0 0 0 0 0 0 0 0 0 0 0 0 0 0 0 0 0 0 0 0 0 0 0 0 0 0 0 0 0 0 0 0 0 0 0 0 0 0 0 0 0 0 0 0 0 0 0 0 0 0 0 0 0 0 0 0 0 0 0 0 0 0 0 0 0 0 0 0 0 0 0 0 0 0 
0 0 0 0 0 0 0 0 0 0 0 0 0 0 0 0 0 0 0 0 0 0 0 0 0 0 0 0 0 0 0 0 0 0 0 0 0 0 0 0 0 0 0 0 0 0 0 0 0 0 0 0 0 0 0 0 0 0 0 0 0 0 0 0 0 0 0 0 0 0 0 0 0 0 0 0 0 0 0 0 0 0 0 0 0 0 0 0 0 0 0 0 0 0 0 0 0 0 0 0 
0 0 0 0 0 0 0 0 0 0 0 0 0 0 0 0 0 0 0 0 0 0 0 0 0 0 0 0 0 0 0 0 0 0 0 0 0 0 0 0 0 0 0 0 0 0 0 0 0 0 0 0 0 0 0 0 0 0 0 0 0 0 0 0 0 0 0 0 0 0 0 0 0 0 0 0 0 0 0 0 0 0 0 0 0 0 0 0 0 0 0 0 0 0 0 0 0 0 0 0 
0 0 0 0 0 0 0 0 0 0 0 0 0 0 0 0 0 0 0 0 0 0 0 0 0 0 0 0 0 0 0 0 0 0 0 0 0 0 0 0 0 0 0 0 0 0 0 0 0 0 0 0 0 0 0 0 0 0 0 0 0 0 0 0 0 0 0 0 0 0 0 0 0 0 0 0 0 0 0 0 0 0 0 0 0 0 0 0 0 0 0 0 0 0 0 0 0 0 0 0 
0 0 0 0 0 0 0 0 0 0 0 0 0 0 0 0 0 0 0 0 0 0 0 0 0 0 0 0 0 0 0 0 0 0 0 0 0 0 0 0 0 0 0 0 0 0 0 0 0 0 0 0 0 0 0 0 0 0 0 0 0 0 0 0 0 0 0 0 0 0 0 0 0 0 0 0 0 0 0 0 0 0 0 0 0 0 0 0 0 0 0 0 0 0 0 0 0 0 0 0 
0 0 0 0 0 0 0 0 0 0 0 0 0 0 0 0 0 0 0 0 0 0 0 0 0 0 0 0 0 0 0 0 0 0 0 0 0 0 0 0 0 0 0 0 0 0 0 0 0 0 0 0 0 0 0 0 0 0 0 0 0 0 0 0 0 0 0 0 0 0 0 0 0 0 0 0 0 0 0 0 0 0 0 0 0 0 0 0 0 0 0 0 0 0 0 0 0 0 0 0 
0 0 0 0 0 0 0 0 0 0 0 0 0 0 0 0 0 0 0 0 0 0 0 0 0 0 0 0 0 0 0 0 0 0 0 0 0 0 0 0 0 0 0 0 0 0 0 0 0 0 0 0 0 0 0 0 0 0 0 0 0 0 0 0 0 0 0 0 0 0 0 0 0 0 0 0 0 0 0 0 0 0 0 0 0 0 0 0 0 0 0 0 0 0 0 0 0 0 0 0 
0 0 0 0 0 0 0 0 0 0 0 0 0 0 0 0 0 0 0 0 0 0 0 0 0 0 0 0 0 0 0 0 0 0 0 0 0 0 0 0 0 0 0 0 0 0 0 0 0 0 0 0 0 0 0 0 0 0 0 0 0 0 0 0 0 0 0 0 0 0 0 0 0 0 0 0 0 0 0 0 0 0 0 0 0 0 0 0 0 0 0 0 0 0 0 0 0 0 0 0 
0 0 0 0 0 0 0 0 0 0 0 0 0 0 0 0 0 0 0 0 0 0 0 0 0 0 0 0 0 0 0 0 0 0 0 0 0 0 0 0 0 0 0 0 0 0 0 0 0 0 0 0 0 0 0 0 0 0 0 0 0 0 0 0 0 0 0 0 0 0 0 0 0 0 0 0 0 0 0 0 0 0 0 0 0 0 0 0 0 0 0 0 0 0 0 0 0 0 0 0 
0 0 0 0 0 0 0 0 0 0 0 0 0 0 0 0 0 0 0 0 0 0 0 0 0 0 0 0 0 0 0 0 0 0 0 0 0 0 0 0 0 0 0 0 0 0 0 0 0 0 0 0 0 0 0 0 0 0 0 0 0 0 0 0 0 0 0 0 0 0 0 0 0 0 0 0 0 0 0 0 0 0 0 0 0 0 0 0 0 0 0 0 0 0 0 0 0 0 0 0 
0 0 0 0 0 0 0 0 0 0 0 0 0 0 0 0 0 0 0 0 0 0 0 0 0 0 0 0 0 0 0 0 0 0 0 0 0 0 0 0 0 0 0 0 0 0 0 0 0 0 0 0 0 0 0 0 0 0 0 0 0 0 0 0 0 0 0 0 0 0 0 0 0 0 0 0 0 0 0 0 0 0 0 0 0 0 0 0 0 0 0 0 0 0 0 0 0 0 0 0 
0 0 0 0 0 0 0 0 0 0 0 0 0 0 0 0 0 0 0 0 0 0 0 0 0 0 0 0 0 0 0 0 0 0 0 0 0 0 0 0 0 0 0 0 0 0 0 0 0 0 0 0 0 0 0 0 0 0 0 0 0 0 0 0 0 0 0 0 0 0 0 0 0 0 0 0 0 0 0 0 0 0 0 0 0 0 0 0 0 0 0 0 0 0 0 0 0 0 0 0 
0 0 0 0 0 0 0 0 0 0 0 0 0 0 0 0 0 0 0 0 0 0 0 0 0 0 0 0 0 0 0 0 0 0 0 0 0 0 0 0 0 0 0 0 0 0 0 0 0 0 0 0 0 0 0 0 0 0 0 0 0 0 0 0 0 0 0 0 0 0 0 0 0 0 0 0 0 0 0 0 0 0 0 0 0 0 0 0 0 0 0 0 0 0 0 0 0 0 0 0 
0 0 0 0 0 0 0 0 0 0 0 0 0 0 0 0 0 0 0 0 0 0 0 0 0 0 0 0 0 0 0 0 0 0 0 0 0 0 0 0 0 0 0 0 0 0 0 0 0 0 0 0 0 0 0 0 0 0 0 0 0 0 0 0 0 0 0 0 0 0 0 0 0 0 0 0 0 0 0 0 0 0 0 0 0 0 0 0 0 0 0 0 0 0 0 0 0 0 0 0 
0 0 0 0 0 0 0 0 0 0 0 0 0 0 0 0 0 0 0 0 0 0 0 0 0 0 0 0 0 0 0 0 0 0 0 0 0 0 0 0 0 0 0 0 0 0 0 0 0 0 0 0 0 0 0 0 0 0 0 0 0 0 0 0 0 0 0 0 0 0 0 0 0 0 0 0 0 0 0 0 0 0 0 0 0 0 0 0 0 0 0 0 0 0 0 0 0 0 0 0 
0 0 0 0 0 0 0 0 0 0 0 0 0 0 0 0 0 0 0 0 0 0 0 0 0 0 0 0 0 0 0 0 0 0 0 0 0 0 0 0 0 0 0 0 0 0 0 0 0 0 0 0 0 0 0 0 0 0 0 0 0 0 0 0 0 0 0 0 0 0 0 0 0 0 0 0 0 0 0 0 0 0 0 0 0 0 0 0 0 0 0 0 0 0 0 0 0 0 0 0 
0 0 0 0 0 0 0 0 0 0 0 0 0 0 0 0 0 0 0 0 0 0 0 0 0 0 0 0 0 0 0 0 0 0 0 0 0 0 0 0 0 0 0 0 0 0 0 0 0 0 0 0 0 0 0 0 0 0 0 0 0 0 0 0 0 0 0 0 0 0 0 0 0 0 0 0 0 0 0 0 0 0 0 0 0 0 0 0 0 0 0 0 0 0 0 0 0 0 0 0 
0 0 0 0 0 0 0 0 0 0 0 0 0 0 0 0 0 0 0 0 0 0 0 0 0 0 0 0 0 0 0 0 0 0 0 0 0 0 0 0 0 0 0 0 0 0 0 0 0 0 0 0 0 0 0 0 0 0 0 0 0 0 0 0 0 0 0 0 0 0 0 0 0 0 0 0 0 0 0 0 0 0 0 0 0 0 0 0 0 0 0 0 0 0 0 0 0 0 0 0 
0 0 0 0 0 0 0 0 0 0 0 0 0 0 0 0 0 0 0 0 0 0 0 0 0 0 0 0 0 0 0 0 0 0 0 0 0 0 0 0 0 0 0 0 0 0 0 0 0 0 0 0 0 0 0 0 0 0 0 0 0 0 0 0 0 0 0 0 0 0 0 0 0 0 0 0 0 0 0 0 0 0 0 0 0 0 0 0 0 0 0 0 0 0 0 0 0 0 0 0 
# Errors [SlitMonitor/SlitMonitor.dat] I_err:
0 0 0 0 0 0 0 0 0 0 0 0 0 0 0 0 0 0 0 0 0 0 0 0 0 0 0 0 0 0 0 0 0 0 0 0 0 0 0 0 0 0 0 0 0 0 0 0 0 0 0 0 0 0 0 0 0 0 0 0 0 0 0 0 0 0 0 0 0 0 0 0 0 0 0 0 0 0 0 0 0 0 0 0 0 0 0 0 0 0 0 0 0 0 0 0 0 0 0 0 
0 0 0 0 0 0 0 0 0 0 0 0 0 0 0 0 0 0 0 0 0 0 0 0 0 0 0 0 0 0 0 0 0 0 0 0 0 0 0 0 0 0 0 0 0 0 0 0 0 0 0 0 0 0 0 0 0 0 0 0 0 0 0 0 0 0 0 0 0 0 0 0 0 0 0 0 0 0 0 0 0 0 0 0 0 0 0 0 0 0 0 0 0 0 0 0 0 0 0 0 
0 0 0 0 0 0 0 0 0 0 0 0 0 0 0 0 0 0 0 0 0 0 0 0 0 0 0 0 0 0 0 0 0 0 0 0 0 0 0 0 0 0 0 0 0 0 0 0 0 0 0 0 0 0 0 0 0 0 0 0 0 0 0 0 0 0 0 0 0 0 0 0 0 0 0 0 0 0 0 0 0 0 0 0 0 0 0 0 0 0 0 0 0 0 0 0 0 0 0 0 
0 0 0 0 0 0 0 0 0 0 0 0 0 0 0 0 0 0 0 0 0 0 0 0 0 0 0 0 0 0 0 0 0 0 0 0 0 0 0 0 0 0 0 0 0 0 0 0 0 0 0 0 0 0 0 0 0 0 0 0 0 0 0 0 0 0 0 0 0 0 0 0 0 0 0 0 0 0 0 0 0 0 0 0 0 0 0 0 0 0 0 0 0 0 0 0 0 0 0 0 
0 0 0 0 0 0 0 0 0 0 0 0 0 0 0 0 0 0 0 0 0 0 0 0 0 0 0 0 0 0 0 0 0 0 0 0 0 0 0 0 0 0 0 0 0 0 0 0 0 0 0 0 0 0 0 0 0 0 0 0 0 0 0 0 0 0 0 0 0 0 0 0 0 0 0 0 0 0 0 0 0 0 0 0 0 0 0 0 0 0 0 0 0 0 0 0 0 0 0 0 
0 0 0 0 0 0 0 0 0 0 0 0 0 0 0 0 0 0 0 0 0 0 0 0 0 0 0 0 0 0 0 0 0 0 0 0 0 0 0 0 0 0 0 0 0 0 0 0 0 0 0 0 0 0 0 0 0 0 0 0 0 0 0 0 0 0 0 0 0 0 0 0 0 0 0 0 0 0 0 0 0 0 0 0 0 0 0 0 0 0 0 0 0 0 0 0 0 0 0 0 
0 0 0 0 0 0 0 0 0 0 0 0 0 0 0 0 0 0 0 0 0 0 0 0 0 0 0 0 0 0 0 0 0 0 0 0 0 0 0 0 0 0 0 0 0 0 0 0 0 0 0 0 0 0 0 0 0 0 0 0 0 0 0 0 0 0 0 0 0 0 0 0 0 0 0 0 0 0 0 0 0 0 0 0 0 0 0 0 0 0 0 0 0 0 0 0 0 0 0 0 
0 0 0 0 0 0 0 0 0 0 0 0 0 0 0 0 0 0 0 0 0 0 0 0 0 0 0 0 0 0 0 0 0 0 0 0 0 0 0 0 0 0 0 0 0 0 0 0 0 0 0 0 0 0 0 0 0 0 0 0 0 0 0 0 0 0 0 0 0 0 0 0 0 0 0 0 0 0 0 0 0 0 0 0 0 0 0 0 0 0 0 0 0 0 0 0 0 0 0 0 
0 0 0 0 0 0 0 0 0 0 0 0 0 0 0 0 0 0 0 0 0 0 0 0 0 0 0 0 0 0 0 0 0 0 0 0 0 0 0 0 0 0 0 0 0 0 0 0 0 0 0 0 0 0 0 0 0 0 0 0 0 0 0 0 0 0 0 0 0 0 0 0 0 0 0 0 0 0 0 0 0 0 0 0 0 0 0 0 0 0 0 0 0 0 0 0 0 0 0 0 
0 0 0 0 0 0 0 0 0 0 0 0 0 0 0 0 0 0 0 0 0 0 0 0 0 0 0 0 0 0 0 0 0 0 0 0 0 0 0 0 0 0 0 0 0 0 0 0 0 0 0 0 0 0 0 0 0 0 0 0 0 0 0 0 0 0 0 0 0 0 0 0 0 0 0 0 0 0 0 0 0 0 0 0 0 0 0 0 0 0 0 0 0 0 0 0 0 0 0 0 
0 0 0 0 0 0 0 0 0 0 0 0 0 0 0 0 0 0 0 0 0 0 0 0 0 0 0 0 0 0 0 0 0 0 0 0 0 0 0 0 0 0 0 0 0 0 0 0 0 0 0 0 0 0 0 0 0 0 0 0 0 0 0 0 0 0 0 0 0 0 0 0 0 0 0 0 0 0 0 0 0 0 0 0 0 0 0 0 0 0 0 0 0 0 0 0 0 0 0 0 
0 0 0 0 0 0 0 0 0 0 0 0 0 0 0 0 0 0 0 0 0 0 0 0 0 0 0 0 0 0 0 0 0 0 0 0 0 0 0 0 0 0 0 0 0 0 0 0 0 0 0 0 0 0 0 0 0 0 0 0 0 0 0 0 0 0 0 0 0 0 0 0 0 0 0 0 0 0 0 0 0 0 0 0 0 0 0 0 0 0 0 0 0 0 0 0 0 0 0 0 
0 0 0 0 0 0 0 0 0 0 0 0 0 0 0 0 0 0 0 0 0 0 0 0 0 0 0 0 0 0 0 0 0 0 0 0 0 0 0 0 0 0 0 0 0 0 0 0 0 0 0 0 0 0 0 0 0 0 0 0 0 0 0 0 0 0 0 0 0 0 0 0 0 0 0 0 0 0 0 0 0 0 0 0 0 0 0 0 0 0 0 0 0 0 0 0 0 0 0 0 
0 0 0 0 0 0 0 0 0 0 0 0 0 0 0 0 0 0 0 0 0 0 0 0 0 0 0 0 0 0 0 0 0 0 0 0 0 0 0 0 0 0 0 0 0 0 0 0 0 0 0 0 0 0 0 0 0 0 0 0 0 0 0 0 0 0 0 0 0 0 0 0 0 0 0 0 0 0 0 0 0 0 0 0 0 0 0 0 0 0 0 0 0 0 0 0 0 0 0 0 
0 0 0 0 0 0 0 0 0 0 0 0 0 0 0 0 0 0 0 0 0 0 0 0 0 0 0 0 0 0 0 0 0 0 0 0 0 0 0 0 0 0 0 0 0 0 0 0 0 0 0 0 0 0 0 0 0 0 0 0 0 0 0 0 0 0 0 0 0 0 0 0 0 0 0 0 0 0 0 0 0 0 0 0 0 0 0 0 0 0 0 0 0 0 0 0 0 0 0 0 
0 0 0 0 0 0 0 0 0 0 0 0 0 0 0 0 0 0 0 0 0 0 0 0 0 0 0 0 0 0 0 0 0 0 0 0 0 0 0 0 0 0 0 0 0 0 0 0 0 0 0 0 0 0 0 0 0 0 0 0 0 0 0 0 0 0 0 0 0 0 0 0 0 0 0 0 0 0 0 0 0 0 0 0 0 0 0 0 0 0 0 0 0 0 0 0 0 0 0 0 
0 0 0 0 0 0 0 0 0 0 0 0 0 0 0 0 0 0 0 0 0 0 0 0 0 0 0 0 0 0 0 0 0 0 0 0 0 0 0 0 0 0 0 0 0 0 0 0 0 0 0 0 0 0 0 0 0 0 0 0 0 0 0 0 0 0 0 0 0 0 0 0 0 0 0 0 0 0 0 0 0 0 0 0 0 0 0 0 0 0 0 0 0 0 0 0 0 0 0 0 
0 0 0 0 0 0 0 0 0 0 0 0 0 0 0 0 0 0 0 0 0 0 0 0 0 0 0 0 0 0 0 0 0 0 0 0 0 0 0 0 0 0 0 0 0 0 0 0 0 0 0 0 0 0 0 0 0 0 0 0 0 0 0 0 0 0 0 0 0 0 0 0 0 0 0 0 0 0 0 0 0 0 0 0 0 0 0 0 0 0 0 0 0 0 0 0 0 0 0 0 
0 0 0 0 0 0 0 0 0 0 0 0 0 0 0 0 0 0 0 0 0 0 0 0 0 0 0 0 0 0 0 0 0 0 0 0 0 0 0 0 0 0 0 0 0 0 0 0 0 0 0 0 0 0 0 0 0 0 0 0 0 0 0 0 0 0 0 0 0 0 0 0 0 0 0 0 0 0 0 0 0 0 0 0 0 0 0 0 0 0 0 0 0 0 0 0 0 0 0 0 
0 0 0 0 0 0 0 0 0 0 0 0 0 0 0 0 0 0 0 0 0 0 0 0 0 0 0 0 0 0 0 0 0 0 0 0 0 0 0 0 0 0 0 0 0 0 0 0 0 0 0 0 0 0 0 0 0 0 0 0 0 0 0 0 0 0 0 0 0 0 0 0 0 0 0 0 0 0 0 0 0 0 0 0 0 0 0 0 0 0 0 0 0 0 0 0 0 0 0 0 
0 0 0 0 0 0 0 0 0 0 0 0 0 0 0 0 0 0 0 0 0 0 0 0 0 0 0 0 0 0 0 0 0 0 0 0 0 0 0 0 0 0 0 0 0 0 0 0 0 0 0 0 0 0 0 0 0 0 0 0 0 0 0 0 0 0 0 0 0 0 0 0 0 0 0 0 0 0 0 0 0 0 0 0 0 0 0 0 0 0 0 0 0 0 0 0 0 0 0 0 
0 0 0 0 0 0 0 0 0 0 0 0 0 0 0 0 0 0 0 0 0 0 0 0 0 0 0 0 0 0 0 0 0 0 0 0 0 0 0 0 0 0 0 0 0 0 0 0 0 0 0 0 0 0 0 0 0 0 0 0 0 0 0 0 0 0 0 0 0 0 0 0 0 0 0 0 0 0 0 0 0 0 0 0 0 0 0 0 0 0 0 0 0 0 0 0 0 0 0 0 
0 0 0 0 0 0 0 0 0 0 0 0 0 0 0 0 0 0 0 0 0 0 0 0 0 0 0 0 0 0 0 0 0 0 0 0 0 0 0 0 0 0 0 0 0 0 0 0 0 0 0 0 0 0 0 0 0 0 0 0 0 0 0 0 0 0 0 0 0 0 0 0 0 0 0 0 0 0 0 0 0 0 0 0 0 0 0 0 0 0 0 0 0 0 0 0 0 0 0 0 
0 0 0 0 0 0 0 0 0 0 0 0 0 0 0 0 0 0 0 0 0 0 0 0 0 0 0 0 0 0 0 0 0 0 0 0 0 0 0 0 0 0 0 0 0 0 0 0 0 0 0 0 0 0 0 0 0 0 0 0 0 0 0 0 0 0 0 0 0 0 0 0 0 0 0 0 0 0 0 0 0 0 0 0 0 0 0 0 0 0 0 0 0 0 0 0 0 0 0 0 
0 0 0 0 0 0 0 0 0 0 0 0 0 0 0 0 0 0 0 0 0 0 0 0 0 0 0 0 0 0 0 0 0 0 0 0 6.948156646e-08 0 0 0 0 0 0 0 0 0 0 0 0 0 0 0 0 0 0 0 0 6.956378039e-08 0 0 0 0 0 0 0 0 0 0 0 0 0 0 0 0 0 0 0 0 0 0 0 0 0 0 0 0 0 0 0 0 0 0 0 0 0 0 0 0 0 0 
0 0 0 0 0 0 0 0 0 0 0 0 0 0 0 0 0 0 0 0 0 0 0 0 0 0 6.941291577e-08 0 6.935302617e-08 0 6.926561079e-08 9.830744623e-08 1.203069247e-07 0 0 0 0 0 0 9.816864245e-08 6.942942097e-08 6.945748646e-08 1.201097818e-07 6.950620947e-08 9.821745394e-08 0 6.942205368e-08 6.929111321e-08 0 6.954025482e-08 0 6.927053534e-08 6.950616688e-08 0 6.953230315e-08 0 6.936540022e-08 1.390166442e-07 6.952134535e-08 0 9.816380951e-08 0 0 0 6.947459396e-08 0 6.942804788e-08 0 0 6.950776295e-08 6.939805306e-08 9.823984969e-08 9.808140475e-08 0 0 6.955497043e-08 0 0 0 0 0 0 0 0 0 0 0 0 0 0 0 0 0 0 0 0 0 0 0 0 
0 0 0 0 0 0 0 0 0 0 0 0 0 0 0 0 0 0 0 0 0 0 0 0 0 6.940067576e-08 9.821161672e-08 0 6.944595117e-08 6.952567788e-08 0 0 0 6.93845417e-08 0 6.938179448e-08 6.952612114e-08 9.815814593e-08 6.945798055e-08 0 0 9.810066119e-08 0 0 0 0 6.954470347e-08 6.943122741e-08 6.944308279e-08 9.822604321e-08 6.926791726e-08 0 6.95481249e-08 9.817914681e-08 0 6.938561658e-08 0 0 1.200397208e-07 6.953071557e-08 0 0 0 0 0 0 0 6.947354315e-08 0 6.954305682e-08 9.778843307e-08 6.949890431e-08 0 0 0 0 0 0 0 0 0 0 0 0 0 0 0 0 0 0 0 0 0 0 0 0 0 0 0 0 
0 0 0 0 0 0 0 0 0 0 0 0 0 0 0 0 0 0 0 0 0 0 0 0 0 0 0 0 0 6.957516187e-08 0 6.933123473e-08 0 9.817727161e-08 0 0 6.917984824e-08 0 9.784529998e-08 6.950332332e-08 0 0 6.956000465e-08 6.955162193e-08 0 0 0 6.949578732e-08 9.826688785e-08 6.956422013e-08 0 0 0 0 0 9.824561221e-08 6.941420621e-08 0 0 1.386786066e-07 6.955350022e-08 6.951984266e-08 6.922316912e-08 6.941309009e-08 0 6.956644845e-08 6.95271595e-08 6.920302937e-08 0 6.949310528e-08 0 6.946349936e-08 0 0 9.779785629e-08 0 0 0 0 0 0 0 0 0 0 0 0 0 0 0 0 0 0 0 0 0 0 0 0 0 
0 0 0 0 0 0 0 0 0 0 0 0 0 0 0 0 0 0 0 0 0 0 0 0 0 6.94276223e-08 6.941257613e-08 0 0 6.929324998e-08 6.946265813e-08 0 0 6.954468928e-08 0 6.955854874e-08 0 0 6.934242417e-08 6.947955182e-08 6.947042637e-08 1.203229348e-07 6.950404562e-08 6.956365611e-08 0 0 1.201212845e-07 0 6.92879283e-08 0 0 9.826220122e-08 9.811948281e-08 6.939249195e-08 0 6.954005999e-08 0 0 9.818906038e-08 6.94648998e-08 6.957005922e-08 9.820641927e-08 0 0 0 0 6.920647993e-08 0 6.947417209e-08 6.930170797e-08 9.813466641e-08 6.932071035e-08 0 6.956244191e-08 9.805090305e-08 0 0 0 0 0 0 0 0 0 0 0 0 0 0 0 0 0 0 0 0 0 0 0 0 0 
0 0 0 0 0 0 0 0 0 0 0 0 0 0 0 0 0 0 0 0 0 0 0 0 0 1.202083763e-07 6.947663283e-08 0 0 6.948053762e-08 0 0 0 1.552255579e-07 0 0 0 9.836573022e-08 1.200637603e-07 6.95169064e-08 0 6.945921037e-08 9.823383804e-08 0 6.955935921e-08 0 0 0 0 6.944120154e-08 0 6.948409518e-08 6.930920821e-08 0 0 1.552777197e-07 0 9.828692747e-08 0 0 6.92908519e-08 0 6.928090447e-08 0 6.953566512e-08 6.949533039e-08 0 0 6.951361968e-08 6.955970926e-08 6.943461785e-08 6.954637075e-08 0 0 6.957372608e-08 0 0 0 0 0 0 0 0 0 0 0 0 0 0 0 0 0 0 0 0 0 0 0 0 0 
0 0 0 0 0 0 0 0 0 0 0 0 0 0 0 0 0 0 0 0 0 0 0 0 0 9.817835058e-08 6.928986401e-08 0 0 6.936555134e-08 9.82268617e-08 6.95368206e-08 0 0 0 6.945359439e-08 0 9.826563854e-08 0 0 6.942122176e-08 0 0 1.203339468e-07 9.835790605e-08 0 9.821077646e-08 0 0 0 6.944456058e-08 9.823635934e-08 0 6.927891049e-08 0 9.827994096e-08 6.941365282e-08 0 6.935984999e-08 9.83136437e-08 0 0 0 0 6.92718734e-08 6.930558268e-08 6.939039701e-08 0 0 0 0 6.957686133e-08 0 6.942932432e-08 0 0 0 0 0 0 0 0 0 0 0 0 0 0 0 0 0 0 0 0 0 0 0 0 0 0 
0 0 0 0 0 0 0 0 0 0 0 0 0 0 0 0 0 0 0 0 0 0 0 0 0 0 6.9528235e-08 0 6.956446733e-08 0 0 6.954034567e-08 0 6.923923557e-08 0 0 6.949164516e-08 0 0 6.945125529e-08 6.946883017e-08 0 0 6.931260973e-08 6.955810825e-08 0 0 6.943277369e-08 6.944455484e-08 6.953049138e-08 6.956299571e-08 0 6.953767567e-08 9.807959126e-08 0 6.9400144e-08 6.956734036e-08 6.921613199e-08 0 0 6.93639706e-08 0 0 9.832186897e-08 0 0 0 0 0 0 6.947629033e-08 0 0 6.946829939e-08 0 0 0 0 0 0 0 0 0 0 0 0 0 0 0 0 0 0 0 0 0 0 0 0 0 0 
0 0 0 0 0 0 0 0 0 0 0 0 0 0 0 0 0 0 0 0 0 0 0 0 0 6.926511526e-08 6.919541834e-08 0 9.821073664e-08 6.94439367e-08 0 0 6.93834235e-08 0 1.202714148e-07 0 6.916988615e-08 0 0 0 6.955615217e-08 0 6.940927864e-08 0 0 6.934688561e-08 6.949692363e-08 0 6.944544632e-08 6.934936389e-08 0 6.954782144e-08 6.957381644e-08 9.834638028e-08 0 0 6.952543126e-08 6.949578578e-08 9.810233993e-08 6.933415614e-08 9.826118385e-08 0 9.831065373e-08 0 0 6.947819188e-08 6.897728311e-08 0 0 6.946460037e-08 0 0 6.948949999e-08 6.947697301e-08 9.819803869e-08 0 0 0 0 0 0 0 0 0 0 0 0 0 0 0 0 0 0 0 0 0 0 0 0 0 
0 0 0 0 0 0 0 0 0 0 0 0 0 0 0 0 0 0 0 0 0 0 0 0 0 0 0 0 6.935668779e-08 6.941056701e-08 0 6.954298319e-08 0 6.931119011e-08 0 6.953592586e-08 0 6.933188717e-08 0 0 0 0 0 0 0 0 0 0 6.917474421e-08 9.826739569e-08 6.943373713e-08 0 0 0 6.956392796e-08 0 0 0 0 6.935576312e-08 0 6.953398842e-08 6.950746077e-08 6.957216385e-08 9.837717327e-08 0 0 0 9.82565564e-08 0 6.95015434e-08 0 9.834560533e-08 6.944497338e-08 9.800907243e-08 0 0 0 0 0 0 0 0 0 0 0 0 0 0 0 0 0 0 0 0 0 0 0 0 0 
0 0 0 0 0 0 0 0 0 0 0 0 0 0 0 0 0 0 0 0 0 0 0 0 0 0 0 0 0 6.933383007e-08 6.953275871e-08 0 0 0 0 0 0 0 9.825869272e-08 6.953182421e-08 6.928647906e-08 0 0 6.947419573e-08 6.95767774e-08 6.945982518e-08 0 1.387236099e-07 0 0 0 6.944953234e-08 0 0 0 0 6.94571754e-08 0 6.945710362e-08 0 0 0 0 9.8153731e-08 0 0 0 0 0 0 6.933628295e-08 0 6.949227773e-08 0 0 0 0 0 0 0 0 0 0 0 0 0 0 0 0 0 0 0 0 0 0 0 0 0 0 0 
0 0 0 0 0 0 0 0 0 0 0 0 0 0 0 0 0 0 0 0 0 0 0 0 0 0 0 0 9.834703213e-08 0 0 0 1.390229148e-07 9.804165478e-08 9.807652423e-08 0 9.818822758e-08 6.919064455e-08 0 0 6.940022387e-08 0 6.956456849e-08 6.944775936e-08 9.823589765e-08 9.825075027e-08 0 6.944156526e-08 9.809208533e-08 0 0 0 0 0 9.814413206e-08 9.82757531e-08 0 6.935400473e-08 6.936678631e-08 6.952453313e-08 9.831944969e-08 6.943886268e-08 6.950674107e-08 6.957490066e-08 6.952642018e-08 0 6.954859631e-08 0 0 0 0 6.954431308e-08 0 0 0 0 0 0 0 0 0 0 0 0 0 0 0 0 0 0 0 0 0 0 0 0 0 0 0 0 
0 0 0 0 0 0 0 0 0 0 0 0 0 0 0 0 0 0 0 0 0 0 0 0 0 0 6.933283884e-08 9.81275632e-08 9.794935142e-08 6.92206114e-08 0 0 0 6.937922304e-08 0 0 9.821940531e-08 0 0 6.956461027e-08 6.947264595e-08 0 0 0 6.944121437e-08 0 9.803291973e-08 0 0 0 0 0 6.940489303e-08 0 6.954968446e-08 0 0 0 6.9510006e-08 0 6.953370207e-08 0 9.814830226e-08 0 0 9.815694239e-08 0 6.955207944e-08 6.935212907e-08 0 6.945175678e-08 6.951373337e-08 6.927904197e-08 9.82438173e-08 0 0 0 0 0 0 0 0 0 0 0 0 0 0 0 0 0 0 0 0 0 0 0 0 0 0 
0 0 0 0 0 0 0 0 0 0 0 0 0 0 0 0 0 0 0 0 0 0 0 0 0 0 0 6.948124432e-08 0 6.938926926e-08 6.921880417e-08 0 0 6.943561759e-08 0 0 1.203100075e-07 6.947777048e-08 0 6.939073718e-08 0 6.948912881e-08 6.946598225e-08 0 0 6.931928802e-08 1.204220545e-07 1.202891407e-07 6.949603525e-08 6.946644609e-08 0 6.949630359e-08 0 9.808468342e-08 6.953216907e-08 0 9.832268152e-08 0 0 6.925167027e-08 0 6.951954912e-08 6.930701108e-08 0 0 6.943940006e-08 9.817997474e-08 0 0 6.942611888e-08 9.810136565e-08 0 0 0 9.806557433e-08 0 0 0 0 0 0 0 0 0 0 0 0 0 0 0 0 0 0 0 0 0 0 0 0 0 
0 0 0 0 0 0 0 0 0 0 0 0 0 0 0 0 0 0 0 0 0 0 0 0 0 0 0 6.927075545e-08 0 0 6.922815234e-08 0 0 0 0 0 0 6.946554673e-08 9.802164639e-08 1.203619556e-07 0 0 6.945988398e-08 9.805264507e-08 6.952893854e-08 9.822316894e-08 0 0 6.955036329e-08 9.833722599e-08 6.925284134e-08 0 6.940434267e-08 0 1.202568178e-07 6.94494421e-08 0 6.948940381e-08 0 6.923311653e-08 6.943114345e-08 0 6.94156407e-08 0 9.815784089e-08 6.955330211e-08 9.823157854e-08 0 6.955925243e-08 6.949422178e-08 0 1.201445881e-07 6.953366056e-08 6.956431491e-08 6.946718222e-08 0 0 0 0 0 0 0 0 0 0 0 0 0 0 0 0 0 0 0 0 0 0 0 0 0 
0 0 0 0 0 0 0 0 0 0 0 0 0 0 0 0 0 0 0 0 0 0 0 0 0 9.824645486e-08 6.951533982e-08 0 0 0 9.806262716e-08 0 0 0 0 0 9.803737245e-08 0 0 6.952472021e-08 6.937420673e-08 9.808270675e-08 0 6.933613195e-08 9.825873363e-08 1.203073688e-07 0 6.938965088e-08 9.835238812e-08 0 9.819362309e-08 6.94021753e-08 0 0 0 0 0 9.819587772e-08 0 6.93284399e-08 6.926782192e-08 0 6.952422872e-08 0 0 6.949775374e-08 0 6.953310027e-08 6.938002177e-08 6.934560772e-08 6.937655805e-08 0 0 6.948897384e-08 0 0 0 0 0 0 0 0 0 0 0 0 0 0 0 0 0 0 0 0 0 0 0 0 0 0 
0 0 0 0 0 0 0 0 0 0 0 0 0 0 0 0 0 0 0 0 0 0 0 0 0 0 0 0 0 9.824682e-08 6.952272538e-08 6.949519514e-08 0 0 0 6.942081803e-08 6.9547838e-08 0 0 0 0 9.811597191e-08 6.94829988e-08 1.201041027e-07 6.939003466e-08 6.93073782e-08 0 9.816470557e-08 0 0 0 6.942504972e-08 6.942308805e-08 0 6.952818562e-08 6.93815909e-08 6.954255834e-08 6.937485971e-08 0 9.810235297e-08 6.954908121e-08 0 6.945235219e-08 6.947341006e-08 0 6.922482171e-08 0 1.203089608e-07 9.836511614e-08 0 0 0 6.952894998e-08 0 0 0 0 0 0 0 0 0 0 0 0 0 0 0 0 0 0 0 0 0 0 0 0 0 0 0 
0 0 0 0 0 0 0 0 0 0 0 0 0 0 0 0 0 0 0 0 0 0 0 0 0 0 0 0 0 0 9.811409701e-08 0 6.941188437e-08 6.950529317e-08 0 6.95468789e-08 0 0 6.916172281e-08 6.935280801e-08 0 6.94733579e-08 9.821636068e-08 0 6.953631421e-08 6.945922586e-08 6.920744815e-08 0 1.38769256e-07 0 6.947387564e-08 9.833670731e-08 6.954184686e-08 0 9.826169493e-08 0 6.93957944e-08 6.947537918e-08 0 6.932553905e-08 6.953206582e-08 6.953735816e-08 6.933322167e-08 0 9.813574098e-08 6.953490283e-08 6.956067249e-08 0 0 0 1.389180572e-07 6.931571224e-08 6.924848256e-08 6.95168836e-08 0 0 0 0 0 0 0 0 0 0 0 0 0 0 0 0 0 0 0 0 0 0 0 0 0 0 
0 0 0 0 0 0 0 0 0 0 0 0 0 0 0 0 0 0 0 0 0 0 0 0 0 9.816668753e-08 6.932268702e-08 0 1.202997979e-07 0 9.801636412e-08 0 0 0 9.809155166e-08 6.953982677e-08 0 9.829605082e-08 6.943041018e-08 9.818347186e-08 6.929958279e-08 0 9.822362274e-08 6.929391112e-08 6.948265393e-08 0 6.916827287e-08 0 9.832323183e-08 1.202882594e-07 0 6.956711167e-08 6.940968982e-08 6.95180058e-08 0 1.202007516e-07 0 0 0 0 6.944077963e-08 6.928373798e-08 6.955620996e-08 0 0 6.955343518e-08 6.957260742e-08 6.952719677e-08 0 6.93435878e-08 0 0 0 6.941452124e-08 1.204434912e-07 0 0 0 0 0 0 0 0 0 0 0 0 0 0 0 0 0 0 0 0 0 0 0 0 0 
0 0 0 0 0 0 0 0 0 0 0 0 0 0 0 0 0 0 0 0 0 0 0 0 0 0 0 6.950294618e-08 0 9.834968612e-08 9.811813877e-08 6.930176678e-08 9.834458879e-08 0 0 6.956072575e-08 0 6.940065329e-08 9.803717953e-08 9.827839874e-08 6.955609959e-08 1.20143202e-07 0 6.939569361e-08 1.203257113e-07 0 0 0 6.95555481e-08 6.953389672e-08 6.955960887e-08 0 6.937484758e-08 6.952392248e-08 6.952396397e-08 0 6.953742835e-08 0 0 0 6.953272496e-08 9.834473223e-08 6.953009312e-08 9.825410775e-08 0 0 0 6.956192819e-08 6.957064255e-08 0 0 6.951052794e-08 6.920859298e-08 9.827513946e-08 0 0 0 0 0 0 0 0 0 0 0 0 0 0 0 0 0 0 0 0 0 0 0 0 0 0 
0 0 0 0 0 0 0 0 0 0 0 0 0 0 0 0 0 0 0 0 0 0 0 0 6.946331799e-08 6.954196848e-08 0 6.952885744e-08 0 6.929290627e-08 0 9.830546026e-08 9.794895775e-08 0 6.952662027e-08 9.823985321e-08 0 0 6.952943891e-08 6.951340864e-08 9.812948684e-08 0 0 0 9.810332143e-08 6.952150201e-08 6.947182363e-08 6.948796749e-08 0 9.820761124e-08 0 6.939949556e-08 6.937757441e-08 9.827859608e-08 6.95255064e-08 6.955107145e-08 0 9.809494098e-08 0 0 6.939650418e-08 6.953905479e-08 0 0 0 0 0 0 0 6.928034144e-08 9.835424192e-08 9.831845046e-08 0 0 0 0 0 0 0 0 0 0 0 0 0 0 0 0 0 0 0 0 0 0 0 0 0 0 0 0 
0 0 0 0 0 0 0 0 0 0 0 0 0 0 0 0 0 0 0 0 0 0 0 0 0 0 0 6.93219811e-08 6.950023524e-08 0 0 6.930050147e-08 6.947396276e-08 9.831910469e-08 6.947496414e-08 9.799164432e-08 6.924920924e-08 0 0 0 6.931985216e-08 0 9.822109576e-08 6.946416269e-08 6.926211694e-08 0 6.941800868e-08 0 0 9.810949741e-08 6.929010501e-08 6.957408082e-08 0 0 0 0 0 9.837073848e-08 6.943523887e-08 9.824378122e-08 0 6.927716866e-08 9.805130815e-08 6.942104576e-08 6.932912669e-08 6.939833065e-08 0 0 9.816896163e-08 0 6.943171964e-08 0 6.931679808e-08 0 0 6.946851018e-08 0 0 0 0 0 0 0 0 0 0 0 0 0 0 0 0 0 0 0 0 0 0 0 0 
0 0 0 0 0 0 0 0 0 0 0 0 0 0 0 0 0 0 0 0 0 0 0 0 0 1.20249168e-07 0 0 6.93646126e-08 9.815421415e-08 6.953044069e-08 9.82044542e-08 6.952754453e-08 6.950611579e-08 6.93903849e-08 0 6.935267469e-08 9.786909888e-08 6.955957062e-08 0 1.389627889e-07 0 6.950300974e-08 6.940848228e-08 6.921210275e-08 0 6.940459004e-08 0 0 0 0 1.202209261e-07 6.938895112e-08 0 0 0 1.201740611e-07 0 0 0 0 0 9.834133688e-08 6.953776048e-08 9.796449501e-08 0 6.94561114e-08 1.202628309e-07 0 0 1.204354725e-07 0 6.956289575e-08 0 0 0 0 0 0 0 0 0 0 0 0 0 0 0 0 0 0 0 0 0 0 0 0 0 0 0 
0 0 0 0 0 0 0 0 0 0 0 0 0 0 0 0 0 0 0 0 0 0 0 0 0 9.802912895e-08 0 0 9.833326644e-08 6.935541445e-08 6.94353402e-08 0 9.827476364e-08 6.955585666e-08 0 0 0 0 9.816059351e-08 1.20418579e-07 0 0 0 6.933641819e-08 0 0 6.926773792e-08 0 6.946763148e-08 0 6.954672934e-08 0 0 0 6.948815739e-08 6.939320349e-08 1.202538022e-07 0 0 6.940413219e-08 0 0 6.951573109e-08 0 6.948628565e-08 6.951176531e-08 6.950780584e-08 6.94450295e-08 6.924395359e-08 6.95584436e-08 6.925479422e-08 0 6.951606062e-08 9.801686817e-08 6.930396485e-08 0 0 0 0 0 0 0 0 0 0 0 0 0 0 0 0 0 0 0 0 0 0 0 0 0 
0 0 0 0 0 0 0 0 0 0 0 0 0 0 0 0 0 0 0 0 0 0 0 0 0 9.825926462e-08 0 1.552478374e-07 0 9.828081524e-08 0 0 1.202923946e-07 9.829529568e-08 0 6.956611326e-08 0 1.203209161e-07 6.952795518e-08 0 6.932347631e-08 6.945185857e-08 0 0 9.814772824e-08 9.825150216e-08 6.94383394e-08 0 0 1.203581581e-07 0 0 6.93032968e-08 6.953040357e-08 1.203952852e-07 0 0 6.923161695e-08 0 0 0 1.202432386e-07 0 0 0 0 0 6.947722157e-08 0 6.953306102e-08 0 0 0 0 0 0 0 0 0 0 0 0 0 0 0 0 0 0 0 0 0 0 0 0 0 0 0 0 0 0 
0 0 0 0 0 0 0 0 0 0 0 0 0 0 0 0 0 0 0 0 0 0 0 0 6.957214185e-08 6.941073659e-08 0 0 0 9.823675235e-08 0 6.939696562e-08 9.817032331e-08 0 9.826514891e-08 6.94780877e-08 6.957256441e-08 6.948908539e-08 0 0 0 0 6.948670419e-08 9.814028594e-08 0 0 0 0 9.832483143e-08 9.817790395e-08 6.942676153e-08 1.203165324e-07 6.950512944e-08 0 0 9.833735975e-08 1.201073974e-07 6.94371228e-08 0 0 9.827201471e-08 0 6.949256774e-08 0 6.925166801e-08 0 6.91889384e-08 0 6.955242211e-08 6.934946161e-08 0 6.936624589e-08 6.942137616e-08 6.952969732e-08 6.929523907e-08 0 0 0 0 0 0 0 0 0 0 0 0 0 0 0 0 0 0 0 0 0 0 0 0 0 
0 0 0 0 0 0 0 0 0 0 0 0 0 0 0 0 0 0 0 0 0 0 0 0 0 6.953057182e-08 6.941166534e-08 0 0 0 0 9.825278371e-08 1.388944539e-07 0 0 6.940232917e-08 0 6.914855965e-08 6.934536942e-08 0 9.822557289e-08 6.949624532e-08 0 9.815542459e-08 1.388074073e-07 0 0 9.813032381e-08 0 6.957415594e-08 0 6.937039928e-08 6.946583978e-08 6.952244995e-08 6.951706414e-08 0 0 9.828591993e-08 6.939576348e-08 0 0 6.950742885e-08 6.944971374e-08 0 0 0 0 6.916829242e-08 0 0 0 1.203243187e-07 0 6.944534703e-08 6.944458432e-08 0 0 0 0 0 0 0 0 0 0 0 0 0 0 0 0 0 0 0 0 0 0 0 0 0 
0 0 0 0 0 0 0 0 0 0 0 0 0 0 0 0 0 0 0 0 0 0 0 0 0 6.956094947e-08 0 6.956724471e-08 0 0 0 0 0 6.953857012e-08 0 6.953051118e-08 0 6.946774429e-08 6.950267845e-08 0 9.829899265e-08 0 9.808981323e-08 0 9.822687038e-08 6.949997849e-08 6.923171619e-08 9.807670094e-08 9.832380452e-08 0 0 0 6.947075456e-08 6.94944114e-08 0 0 0 6.945973819e-08 6.949578751e-08 6.949055281e-08 0 0 0 0 9.826091787e-08 0 9.829237552e-08 0 6.948328365e-08 0 0 6.955349881e-08 6.957446413e-08 0 0 0 0 0 0 0 0 0 0 0 0 0 0 0 0 0 0 0 0 0 0 0 0 0 0 0 
0 0 0 0 0 0 0 0 0 0 0 0 0 0 0 0 0 0 0 0 0 0 0 0 0 6.934232098e-08 6.954601191e-08 6.943551834e-08 0 6.926278742e-08 6.951673661e-08 1.202859818e-07 6.945698887e-08 9.82666168e-08 0 0 6.947595985e-08 0 6.948480678e-08 6.944943225e-08 6.945742377e-08 0 0 0 0 0 0 6.950074883e-08 9.795408061e-08 1.201014352e-07 6.925228725e-08 0 6.92744702e-08 6.950773823e-08 0 0 0 0 6.924788424e-08 0 0 0 6.954425821e-08 0 0 0 0 9.819207254e-08 0 0 6.929405541e-08 0 0 9.813420944e-08 0 0 0 0 0 0 0 0 0 0 0 0 0 0 0 0 0 0 0 0 0 0 0 0 0 0 
0 0 0 0 0 0 0 0 0 0 0 0 0 0 0 0 0 0 0 0 0 0 0 0 0 6.932519709e-08 6.948089979e-08 0 0 0 6.935422572e-08 6.934976133e-08 6.950150549e-08 0 0 9.818136019e-08 0 6.952680917e-08 9.833981264e-08 0 6.956583739e-08 6.953853271e-08 0 6.957115602e-08 0 1.204039396e-07 0 0 0 0 6.954912627e-08 6.957768541e-08 0 0 0 6.953171824e-08 6.947602313e-08 1.201961341e-07 0 0 6.940481489e-08 6.944897083e-08 6.952969488e-08 0 6.948686702e-08 0 0 6.920200384e-08 6.918957764e-08 9.820129218e-08 0 6.92271984e-08 0 6.946547696e-08 6.935850872e-08 0 0 0 0 0 0 0 0 0 0 0 0 0 0 0 0 0 0 0 0 0 0 0 0 0 
0 0 0 0 0 0 0 0 0 0 0 0 0 0 0 0 0 0 0 0 0 0 0 0 0 1.202893712e-07 0 0 6.947092167e-08 6.954025931e-08 6.950853651e-08 0 6.935224179e-08 1.203070758e-07 9.806775082e-08 0 0 0 6.942005382e-08 0 1.202859178e-07 6.95444143e-08 9.803655933e-08 0 6.942061091e-08 6.941432678e-08 0 6.942973558e-08 6.93385915e-08 0 0 0 0 6.921308101e-08 6.954326406e-08 0 6.945693024e-08 0 9.820490343e-08 0 0 1.388184617e-07 0 0 6.948668508e-08 0 0 6.95480073e-08 6.930074944e-08 0 6.946296102e-08 0 0 0 0 0 0 0 0 0 0 0 0 0 0 0 0 0 0 0 0 0 0 0 0 0 0 0 0 0 
0 0 0 0 0 0 0 0 0 0 0 0 0 0 0 0 0 0 0 0 0 0 0 0 0 9.829554888e-08 0 0 0 0 9.814810163e-08 9.797337922e-08 0 9.819156081e-08 6.950865402e-08 9.802170828e-08 6.939707379e-08 9.796033034e-08 6.943590751e-08 6.948700706e-08 9.834700933e-08 6.938875771e-08 0 0 0 9.819180326e-08 9.812026796e-08 9.811520201e-08 0 6.94926796e-08 0 6.95658477e-08 6.944611073e-08 0 9.812018689e-08 0 0 0 6.930143927e-08 0 0 6.951181334e-08 6.953093166e-08 6.949153269e-08 6.955396072e-08 6.949611113e-08 0 0 0 0 0 6.957061098e-08 9.800685983e-08 0 9.80774571e-08 0 0 0 0 0 0 0 0 0 0 0 0 0 0 0 0 0 0 0 0 0 0 0 0 0 
0 0 0 0 0 0 0 0 0 0 0 0 0 0 0 0 0 0 0 0 0 0 0 0 0 0 6.951281089e-08 0 6.932292985e-08 9.784056525e-08 6.953902022e-08 0 0 6.95050953e-08 6.942304164e-08 0 9.814443087e-08 6.945324977e-08 6.952114882e-08 0 0 0 0 6.951537154e-08 0 6.953977155e-08 6.94124316e-08 6.947193796e-08 0 1.20422391e-07 6.933121054e-08 0 0 6.95043204e-08 9.812316698e-08 9.804059071e-08 6.9395713e-08 0 6.954656877e-08 0 0 9.826312768e-08 6.922421284e-08 0 0 0 6.928982748e-08 6.945308584e-08 6.947732799e-08 0 9.817356414e-08 9.830517993e-08 6.940166703e-08 0 0 0 0 0 0 0 0 0 0 0 0 0 0 0 0 0 0 0 0 0 0 0 0 0 0 0 
0 0 0 0 0 0 0 0 0 0 0 0 0 0 0 0 0 0 0 0 0 0 0 0 0 6.95014889e-08 6.929184566e-08 9.823814677e-08 9.828401661e-08 0 6.954972784e-08 6.954132534e-08 9.833048759e-08 0 0 6.940118372e-08 9.817688619e-08 6.957532141e-08 0 0 0 9.807579947e-08 0 0 0 1.201400793e-07 0 6.950736931e-08 6.945148216e-08 1.203858489e-07 6.940195941e-08 1.387476286e-07 9.796096368e-08 0 0 9.818547454e-08 0 6.943333356e-08 6.955982243e-08 6.952722586e-08 0 6.94183192e-08 0 9.824403239e-08 1.387886857e-07 0 6.939964542e-08 6.954274701e-08 9.79818135e-08 1.202776349e-07 6.951913553e-08 6.923307354e-08 9.830321107e-08 0 6.95231218e-08 0 0 0 0 0 0 0 0 0 0 0 0 0 0 0 0 0 0 0 0 0 0 0 0 0 
0 0 0 0 0 0 0 0 0 0 0 0 0 0 0 0 0 0 0 0 0 0 0 0 0 0 0 0 0 6.923756715e-08 0 0 0 6.956789279e-08 9.801909768e-08 6.950162612e-08 0 0 6.943730472e-08 0 6.926481122e-08 0 6.949456779e-08 6.940980861e-08 0 6.955303373e-08 9.832633939e-08 0 6.954201667e-08 0 6.93992339e-08 0 9.825956313e-08 6.945868997e-08 6.936288205e-08 6.952028572e-08 9.81318396e-08 9.810826206e-08 0 0 0 6.95177581e-08 6.926197414e-08 0 9.829096402e-08 0 6.94126446e-08 6.956799802e-08 6.955646803e-08 6.939588935e-08 6.956721241e-08 9.825981366e-08 6.94200926e-08 6.934382275e-08 0 0 0 0 0 0 0 0 0 0 0 0 0 0 0 0 0 0 0 0 0 0 0 0 0 0 
0 0 0 0 0 0 0 0 0 0 0 0 0 0 0 0 0 0 0 0 0 0 0 0 0 0 0 1.201447121e-07 6.937144613e-08 0 9.824365028e-08 0 9.811919089e-08 0 0 0 0 0 0 6.956035992e-08 0 1.202109246e-07 6.947485124e-08 1.202795715e-07 1.203870725e-07 0 6.949811302e-08 0 6.944876765e-08 6.952413312e-08 9.830263891e-08 6.944845173e-08 6.939024176e-08 0 6.952582502e-08 0 6.946832544e-08 0 6.940623467e-08 9.807718533e-08 9.794724349e-08 6.946200837e-08 9.81058815e-08 0 6.940492756e-08 6.944566658e-08 9.806917213e-08 0 9.832970603e-08 0 0 6.946873185e-08 0 0 6.933130986e-08 0 0 0 0 0 0 0 0 0 0 0 0 0 0 0 0 0 0 0 0 0 0 0 0 0 
0 0 0 0 0 0 0 0 0 0 0 0 0 0 0 0 0 0 0 0 0 0 0 0 0 6.944281688e-08 9.828970609e-08 0 0 0 9.822272122e-08 6.94954385e-08 0 0 0 0 0 6.95691462e-08 6.922940516e-08 0 0 1.388258418e-07 9.83515692e-08 6.928279914e-08 0 6.921266739e-08 6.948055099e-08 0 0 9.795028328e-08 0 6.952822797e-08 6.942742493e-08 6.932595452e-08 6.940350706e-08 6.9545656e-08 0 6.951222429e-08 9.816257773e-08 6.945927294e-08 0 6.95632899e-08 6.954163066e-08 0 0 0 6.940898464e-08 0 0 0 0 9.8159948e-08 0 1.202970875e-07 0 0 0 0 0 0 0 0 0 0 0 0 0 0 0 0 0 0 0 0 0 0 0 0 0 0 
0 0 0 0 0 0 0 0 0 0 0 0 0 0 0 0 0 0 0 0 0 0 0 0 0 6.945962511e-08 9.791962037e-08 0 9.823856948e-08 6.949222143e-08 9.800875202e-08 0 0 0 6.930880377e-08 0 9.823995968e-08 0 9.833773321e-08 0 0 0 6.955592396e-08 6.949379468e-08 1.202904487e-07 0 6.929779368e-08 0 0 0 9.823393117e-08 6.943110055e-08 0 0 6.944162076e-08 1.202642066e-07 6.928525849e-08 0 0 0 6.931089693e-08 9.811134007e-08 6.918741531e-08 6.938999202e-08 6.948927141e-08 9.820783144e-08 6.949224591e-08 6.925877683e-08 9.811148999e-08 6.920292247e-08 9.828448702e-08 0 0 6.944722468e-08 9.809301421e-08 0 0 0 0 0 0 0 0 0 0 0 0 0 0 0 0 0 0 0 0 0 0 0 0 0 
0 0 0 0 0 0 0 0 0 0 0 0 0 0 0 0 0 0 0 0 0 0 0 0 0 6.926841385e-08 0 0 6.952693452e-08 6.917151472e-08 0 6.930431546e-08 0 0 0 0 0 6.953523184e-08 0 0 6.956176709e-08 6.944923071e-08 6.944328432e-08 0 6.939910176e-08 6.954887353e-08 0 6.952919064e-08 6.955412902e-08 9.823934975e-08 9.823624578e-08 9.829439039e-08 0 6.950375555e-08 0 6.949543324e-08 6.953232289e-08 0 6.947092734e-08 6.925518802e-08 6.957132547e-08 9.800855695e-08 1.203134637e-07 0 9.827000138e-08 9.825283941e-08 6.949645406e-08 6.940382516e-08 6.953464578e-08 0 0 6.955627858e-08 6.950210228e-08 0 6.940469451e-08 0 0 0 0 0 0 0 0 0 0 0 0 0 0 0 0 0 0 0 0 0 0 0 0 0 
0 0 0 0 0 0 0 0 0 0 0 0 0 0 0 0 0 0 0 0 0 0 0 0 0 1.202902775e-07 6.951361063e-08 9.828349144e-08 0 9.829949818e-08 9.827142426e-08 6.915197832e-08 6.938628594e-08 0 0 0 1.203975632e-07 6.940422978e-08 6.947687354e-08 1.201942694e-07 0 0 9.839210081e-08 0 6.940927822e-08 1.203217378e-07 6.925925546e-08 0 9.824747159e-08 0 6.937792609e-08 0 9.815269634e-08 6.955999306e-08 6.95497269e-08 6.957286571e-08 0 6.951698578e-08 6.932082783e-08 6.951556163e-08 0 6.932982781e-08 0 0 0 9.836548467e-08 0 6.922985478e-08 0 6.946762964e-08 6.957045937e-08 1.202552027e-07 0 6.922702674e-08 0 0 0 0 0 0 0 0 0 0 0 0 0 0 0 0 0 0 0 0 0 0 0 0 0 0 
0 0 0 0 0 0 0 0 0 0 0 0 0 0 0 0 0 0 0 0 0 0 0 0 0 6.936850217e-08 0 9.823177758e-08 9.821015513e-08 0 0 6.945542029e-08 0 0 9.818117931e-08 9.809979403e-08 6.954311733e-08 6.925673289e-08 0 0 6.949459694e-08 0 6.936740096e-08 6.948659389e-08 0 0 6.951038625e-08 6.949785703e-08 9.829039588e-08 0 0 0 6.946095616e-08 9.831554864e-08 6.920535393e-08 0 0 0 0 6.945952056e-08 9.823557393e-08 6.907319758e-08 9.836787236e-08 0 0 6.950854132e-08 0 0 0 6.953143182e-08 0 6.928218248e-08 6.94325151e-08 6.942881491e-08 9.823139462e-08 0 0 0 0 0 0 0 0 0 0 0 0 0 0 0 0 0 0 0 0 0 0 0 0 0 
0 0 0 0 0 0 0 0 0 0 0 0 0 0 0 0 0 0 0 0 0 0 0 0 0 0 6.94441008e-08 0 6.940809938e-08 0 0 0 6.944718356e-08 0 0 0 0 9.823608199e-08 9.808502678e-08 0 0 0 0 6.943980898e-08 6.951395193e-08 6.938314464e-08 6.947507299e-08 0 9.831805664e-08 6.931774142e-08 6.956996524e-08 9.827378286e-08 1.203932155e-07 1.203361708e-07 0 0 0 0 6.937165785e-08 6.934137147e-08 0 1.20285033e-07 6.950746333e-08 0 6.95023557e-08 9.805845191e-08 0 0 6.948000657e-08 0 0 0 6.951447185e-08 0 0 0 0 0 0 0 0 0 0 0 0 0 0 0 0 0 0 0 0 0 0 0 0 0 0 0 
0 0 0 0 0 0 0 0 0 0 0 0 0 0 0 0 0 0 0 0 0 0 0 0 0 9.828493787e-08 6.937649747e-08 6.933687838e-08 0 6.955467534e-08 6.952355113e-08 6.94931929e-08 1.203119404e-07 6.954796527e-08 0 0 0 0 6.947924096e-08 0 6.951466511e-08 0 0 0 0 9.807358485e-08 0 0 0 1.202805506e-07 0 0 0 0 1.204411923e-07 0 6.927716179e-08 0 6.94352685e-08 0 6.923580594e-08 0 0 0 0 6.939681596e-08 6.925433548e-08 0 0 9.82787411e-08 9.82191837e-08 6.956618638e-08 0 6.937213251e-08 0 0 0 0 0 0 0 0 0 0 0 0 0 0 0 0 0 0 0 0 0 0 0 0 0 0 
0 0 0 0 0 0 0 0 0 0 0 0 0 0 0 0 0 0 0 0 0 0 0 0 0 6.917454452e-08 9.82766282e-08 0 0 0 0 0 6.921993428e-08 6.942821933e-08 0 1.202880659e-07 0 0 6.942226782e-08 0 0 0 6.951005131e-08 0 6.9290375e-08 6.955416506e-08 0 6.938715968e-08 9.826453651e-08 9.829092771e-08 0 0 0 6.952765692e-08 0 6.95173439e-08 9.831990866e-08 1.200407325e-07 9.824304665e-08 0 0 6.930036983e-08 0 6.935960489e-08 0 0 0 6.950382314e-08 0 0 6.952270788e-08 0 0 9.832240587e-08 6.952432679e-08 0 0 0 0 0 0 0 0 0 0 0 0 0 0 0 0 0 0 0 0 0 0 0 0 0 
0 0 0 0 0 0 0 0 0 0 0 0 0 0 0 0 0 0 0 0 0 0 0 0 0 6.942199187e-08 9.818156728e-08 0 0 9.814861449e-08 1.20361455e-07 6.942125823e-08 6.947375105e-08 0 9.80684516e-08 6.948641206e-08 9.818055296e-08 0 0 9.806808234e-08 0 0 0 1.202713574e-07 0 6.950560651e-08 9.835595172e-08 1.203088027e-07 0 6.923514842e-08 0 6.95387761e-08 0 0 0 6.928923288e-08 6.956080795e-08 0 0 0 6.954175526e-08 0 0 0 0 0 6.943995948e-08 0 0 6.951718293e-08 9.795410462e-08 6.951767645e-08 0 6.947684038e-08 0 0 0 0 0 0 0 0 0 0 0 0 0 0 0 0 0 0 0 0 0 0 0 0 0 0 
0 0 0 0 0 0 0 0 0 0 0 0 0 0 0 0 0 0 0 0 0 0 0 0 0 0 1.203914103e-07 0 6.922330474e-08 0 0 0 0 6.955972796e-08 0 0 0 0 0 9.805974204e-08 0 0 0 6.926947851e-08 6.949634112e-08 6.943248063e-08 0 0 6.943353805e-08 0 0 0 6.950878698e-08 6.95068952e-08 0 0 6.953859651e-08 6.945383236e-08 9.828821882e-08 0 0 6.940476592e-08 6.936798753e-08 1.203875533e-07 6.940964707e-08 6.92495413e-08 6.954156335e-08 0 9.833512944e-08 6.933860174e-08 0 0 0 0 0 0 0 0 0 0 0 0 0 0 0 0 0 0 0 0 0 0 0 0 0 0 0 0 0 0 
0 0 0 0 0 0 0 0 0 0 0 0 0 0 0 0 0 0 0 0 0 0 0 0 0 6.955258042e-08 0 0 0 6.931409949e-08 0 6.944964168e-08 0 6.942493793e-08 6.945642292e-08 6.947105233e-08 6.936198715e-08 6.938945101e-08 6.948848403e-08 6.955537659e-08 6.944729924e-08 9.827569098e-08 6.955002014e-08 6.947588358e-08 9.825396591e-08 6.948053561e-08 0 0 6.951415909e-08 6.932542404e-08 9.817993794e-08 0 0 6.950683674e-08 0 0 0 0 0 0 6.954460364e-08 0 6.95359278e-08 0 0 6.955484838e-08 6.941561277e-08 0 6.952288171e-08 0 6.940698018e-08 6.955384199e-08 6.954849161e-08 6.948545509e-08 9.838460701e-08 0 0 0 0 0 0 0 0 0 0 0 0 0 0 0 0 0 0 0 0 0 0 0 0 0 
0 0 0 0 0 0 0 0 0 0 0 0 0 0 0 0 0 0 0 0 0 0 0 0 6.94865126e-08 6.925369623e-08 0 0 9.836614104e-08 1.203262679e-07 6.926515024e-08 6.949981388e-08 6.951852664e-08 0 0 0 0 6.930347018e-08 6.949151333e-08 0 9.81611388e-08 6.93680309e-08 0 6.931085793e-08 6.949328165e-08 0 6.957573687e-08 0 0 0 0 0 0 9.806694583e-08 0 0 6.94759186e-08 6.941540136e-08 6.944922444e-08 0 0 0 0 6.926605971e-08 0 0 6.948165421e-08 0 0 9.825826536e-08 6.957752693e-08 9.814216518e-08 0 6.926286043e-08 0 0 0 0 0 0 0 0 0 0 0 0 0 0 0 0 0 0 0 0 0 0 0 0 0 0 
0 0 0 0 0 0 0 0 0 0 0 0 0 0 0 0 0 0 0 0 0 0 0 0 0 0 6.92396469e-08 9.812318246e-08 6.94069028e-08 0 6.931011624e-08 0 0 0 0 0 1.204093097e-07 0 0 0 6.954091544e-08 0 0 6.931830715e-08 6.929040964e-08 6.949580616e-08 0 0 1.203634741e-07 0 0 0 9.809772609e-08 0 6.957024777e-08 0 0 6.953663182e-08 6.930516185e-08 0 9.813088785e-08 0 6.949404111e-08 6.9513507e-08 0 6.94915147e-08 6.934658595e-08 0 0 6.952360574e-08 9.826126059e-08 0 0 9.824063925e-08 0 0 0 0 0 0 0 0 0 0 0 0 0 0 0 0 0 0 0 0 0 0 0 0 0 0 
0 0 0 0 0 0 0 0 0 0 0 0 0 0 0 0 0 0 0 0 0 0 0 0 0 6.956939645e-08 0 9.823422357e-08 0 6.927262875e-08 0 0 0 0 0 0 0 6.946575383e-08 0 9.818701535e-08 9.801551524e-08 6.951435498e-08 6.957122212e-08 0 6.947888039e-08 6.949727918e-08 0 0 9.831721084e-08 9.815843773e-08 0 0 0 0 0 6.956156821e-08 0 0 6.95045481e-08 0 0 6.935849813e-08 6.947102157e-08 9.793437796e-08 9.814836413e-08 0 9.836557219e-08 0 0 6.953059417e-08 6.938393881e-08 0 0 6.948603731e-08 0 0 0 0 0 0 0 0 0 0 0 0 0 0 0 0 0 0 0 0 0 0 0 0 0 0 
0 0 0 0 0 0 0 0 0 0 0 0 0 0 0 0 0 0 0 0 0 0 0 0 0 6.907546327e-08 6.941415144e-08 0 6.952646103e-08 0 0 0 1.201485272e-07 6.938364393e-08 0 0 0 0 6.939150918e-08 0 6.947659219e-08 6.947038134e-08 9.830426374e-08 0 0 6.956516977e-08 6.94319163e-08 6.95337839e-08 9.812072478e-08 0 6.932732666e-08 9.831449188e-08 0 0 6.9511949e-08 0 0 0 9.83241614e-08 6.92842559e-08 0 6.943554997e-08 6.952883341e-08 0 1.3891182e-07 6.953005428e-08 6.940911004e-08 0 0 1.201632403e-07 9.82081508e-08 0 0 0 9.812431149e-08 0 0 0 0 0 0 0 0 0 0 0 0 0 0 0 0 0 0 0 0 0 0 0 0 0 
0 0 0 0 0 0 0 0 0 0 0 0 0 0 0 0 0 0 0 0 0 0 0 0 0 0 0 0 0 0 6.934078305e-08 0 0 0 0 0 0 0 0 0 0 0 6.94737122e-08 0 0 0 0 0 0 0 0 0 0 0 0 0 0 0 0 0 0 0 0 0 0 0 0 0 0 0 0 0 0 0 0 0 0 0 0 0 0 0 0 0 0 0 0 0 0 0 0 0 0 0 0 0 0 0 0 0 
0 0 0 0 0 0 0 0 0 0 0 0 0 0 0 0 0 0 0 0 0 0 0 0 0 0 0 0 0 0 0 0 0 0 0 0 0 0 0 0 0 0 0 0 0 0 0 0 0 0 0 0 0 0 0 0 0 0 0 0 0 0 0 0 0 0 0 0 0 0 0 0 0 0 0 0 0 0 0 0 0 0 0 0 0 0 0 0 0 0 0 0 0 0 0 0 0 0 0 0 
0 0 0 0 0 0 0 0 0 0 0 0 0 0 0 0 0 0 0 0 0 0 0 0 0 0 0 0 0 0 0 0 0 0 0 0 0 0 0 0 0 0 0 0 0 0 0 0 0 0 0 0 0 0 0 0 0 0 0 0 0 0 0 0 0 0 0 0 0 0 0 0 0 0 0 0 0 0 0 0 0 0 0 0 0 0 0 0 0 0 0 0 0 0 0 0 0 0 0 0 
0 0 0 0 0 0 0 0 0 0 0 0 0 0 0 0 0 0 0 0 0 0 0 0 0 0 0 0 0 0 0 0 0 0 0 0 0 0 0 0 0 0 0 0 0 0 0 0 0 0 0 0 0 0 0 0 0 0 0 0 0 0 0 0 0 0 0 0 0 0 0 0 0 0 0 0 0 0 0 0 0 0 0 0 0 0 0 0 0 0 0 0 0 0 0 0 0 0 0 0 
0 0 0 0 0 0 0 0 0 0 0 0 0 0 0 0 0 0 0 0 0 0 0 0 0 0 0 0 0 0 0 0 0 0 0 0 0 0 0 0 0 0 0 0 0 0 0 0 0 0 0 0 0 0 0 0 0 0 0 0 0 0 0 0 0 0 0 0 0 0 0 0 0 0 0 0 0 0 0 0 0 0 0 0 0 0 0 0 0 0 0 0 0 0 0 0 0 0 0 0 
0 0 0 0 0 0 0 0 0 0 0 0 0 0 0 0 0 0 0 0 0 0 0 0 0 0 0 0 0 0 0 0 0 0 0 0 0 0 0 0 0 0 0 0 0 0 0 0 0 0 0 0 0 0 0 0 0 0 0 0 0 0 0 0 0 0 0 0 0 0 0 0 0 0 0 0 0 0 0 0 0 0 0 0 0 0 0 0 0 0 0 0 0 0 0 0 0 0 0 0 
0 0 0 0 0 0 0 0 0 0 0 0 0 0 0 0 0 0 0 0 0 0 0 0 0 0 0 0 0 0 0 0 0 0 0 0 0 0 0 0 0 0 0 0 0 0 0 0 0 0 0 0 0 0 0 0 0 0 0 0 0 0 0 0 0 0 0 0 0 0 0 0 0 0 0 0 0 0 0 0 0 0 0 0 0 0 0 0 0 0 0 0 0 0 0 0 0 0 0 0 
0 0 0 0 0 0 0 0 0 0 0 0 0 0 0 0 0 0 0 0 0 0 0 0 0 0 0 0 0 0 0 0 0 0 0 0 0 0 0 0 0 0 0 0 0 0 0 0 0 0 0 0 0 0 0 0 0 0 0 0 0 0 0 0 0 0 0 0 0 0 0 0 0 0 0 0 0 0 0 0 0 0 0 0 0 0 0 0 0 0 0 0 0 0 0 0 0 0 0 0 
0 0 0 0 0 0 0 0 0 0 0 0 0 0 0 0 0 0 0 0 0 0 0 0 0 0 0 0 0 0 0 0 0 0 0 0 0 0 0 0 0 0 0 0 0 0 0 0 0 0 0 0 0 0 0 0 0 0 0 0 0 0 0 0 0 0 0 0 0 0 0 0 0 0 0 0 0 0 0 0 0 0 0 0 0 0 0 0 0 0 0 0 0 0 0 0 0 0 0 0 
0 0 0 0 0 0 0 0 0 0 0 0 0 0 0 0 0 0 0 0 0 0 0 0 0 0 0 0 0 0 0 0 0 0 0 0 0 0 0 0 0 0 0 0 0 0 0 0 0 0 0 0 0 0 0 0 0 0 0 0 0 0 0 0 0 0 0 0 0 0 0 0 0 0 0 0 0 0 0 0 0 0 0 0 0 0 0 0 0 0 0 0 0 0 0 0 0 0 0 0 
0 0 0 0 0 0 0 0 0 0 0 0 0 0 0 0 0 0 0 0 0 0 0 0 0 0 0 0 0 0 0 0 0 0 0 0 0 0 0 0 0 0 0 0 0 0 0 0 0 0 0 0 0 0 0 0 0 0 0 0 0 0 0 0 0 0 0 0 0 0 0 0 0 0 0 0 0 0 0 0 0 0 0 0 0 0 0 0 0 0 0 0 0 0 0 0 0 0 0 0 
0 0 0 0 0 0 0 0 0 0 0 0 0 0 0 0 0 0 0 0 0 0 0 0 0 0 0 0 0 0 0 0 0 0 0 0 0 0 0 0 0 0 0 0 0 0 0 0 0 0 0 0 0 0 0 0 0 0 0 0 0 0 0 0 0 0 0 0 0 0 0 0 0 0 0 0 0 0 0 0 0 0 0 0 0 0 0 0 0 0 0 0 0 0 0 0 0 0 0 0 
0 0 0 0 0 0 0 0 0 0 0 0 0 0 0 0 0 0 0 0 0 0 0 0 0 0 0 0 0 0 0 0 0 0 0 0 0 0 0 0 0 0 0 0 0 0 0 0 0 0 0 0 0 0 0 0 0 0 0 0 0 0 0 0 0 0 0 0 0 0 0 0 0 0 0 0 0 0 0 0 0 0 0 0 0 0 0 0 0 0 0 0 0 0 0 0 0 0 0 0 
0 0 0 0 0 0 0 0 0 0 0 0 0 0 0 0 0 0 0 0 0 0 0 0 0 0 0 0 0 0 0 0 0 0 0 0 0 0 0 0 0 0 0 0 0 0 0 0 0 0 0 0 0 0 0 0 0 0 0 0 0 0 0 0 0 0 0 0 0 0 0 0 0 0 0 0 0 0 0 0 0 0 0 0 0 0 0 0 0 0 0 0 0 0 0 0 0 0 0 0 
0 0 0 0 0 0 0 0 0 0 0 0 0 0 0 0 0 0 0 0 0 0 0 0 0 0 0 0 0 0 0 0 0 0 0 0 0 0 0 0 0 0 0 0 0 0 0 0 0 0 0 0 0 0 0 0 0 0 0 0 0 0 0 0 0 0 0 0 0 0 0 0 0 0 0 0 0 0 0 0 0 0 0 0 0 0 0 0 0 0 0 0 0 0 0 0 0 0 0 0 
0 0 0 0 0 0 0 0 0 0 0 0 0 0 0 0 0 0 0 0 0 0 0 0 0 0 0 0 0 0 0 0 0 0 0 0 0 0 0 0 0 0 0 0 0 0 0 0 0 0 0 0 0 0 0 0 0 0 0 0 0 0 0 0 0 0 0 0 0 0 0 0 0 0 0 0 0 0 0 0 0 0 0 0 0 0 0 0 0 0 0 0 0 0 0 0 0 0 0 0 
0 0 0 0 0 0 0 0 0 0 0 0 0 0 0 0 0 0 0 0 0 0 0 0 0 0 0 0 0 0 0 0 0 0 0 0 0 0 0 0 0 0 0 0 0 0 0 0 0 0 0 0 0 0 0 0 0 0 0 0 0 0 0 0 0 0 0 0 0 0 0 0 0 0 0 0 0 0 0 0 0 0 0 0 0 0 0 0 0 0 0 0 0 0 0 0 0 0 0 0 
0 0 0 0 0 0 0 0 0 0 0 0 0 0 0 0 0 0 0 0 0 0 0 0 0 0 0 0 0 0 0 0 0 0 0 0 0 0 0 0 0 0 0 0 0 0 0 0 0 0 0 0 0 0 0 0 0 0 0 0 0 0 0 0 0 0 0 0 0 0 0 0 0 0 0 0 0 0 0 0 0 0 0 0 0 0 0 0 0 0 0 0 0 0 0 0 0 0 0 0 
0 0 0 0 0 0 0 0 0 0 0 0 0 0 0 0 0 0 0 0 0 0 0 0 0 0 0 0 0 0 0 0 0 0 0 0 0 0 0 0 0 0 0 0 0 0 0 0 0 0 0 0 0 0 0 0 0 0 0 0 0 0 0 0 0 0 0 0 0 0 0 0 0 0 0 0 0 0 0 0 0 0 0 0 0 0 0 0 0 0 0 0 0 0 0 0 0 0 0 0 
0 0 0 0 0 0 0 0 0 0 0 0 0 0 0 0 0 0 0 0 0 0 0 0 0 0 0 0 0 0 0 0 0 0 0 0 0 0 0 0 0 0 0 0 0 0 0 0 0 0 0 0 0 0 0 0 0 0 0 0 0 0 0 0 0 0 0 0 0 0 0 0 0 0 0 0 0 0 0 0 0 0 0 0 0 0 0 0 0 0 0 0 0 0 0 0 0 0 0 0 
0 0 0 0 0 0 0 0 0 0 0 0 0 0 0 0 0 0 0 0 0 0 0 0 0 0 0 0 0 0 0 0 0 0 0 0 0 0 0 0 0 0 0 0 0 0 0 0 0 0 0 0 0 0 0 0 0 0 0 0 0 0 0 0 0 0 0 0 0 0 0 0 0 0 0 0 0 0 0 0 0 0 0 0 0 0 0 0 0 0 0 0 0 0 0 0 0 0 0 0 
0 0 0 0 0 0 0 0 0 0 0 0 0 0 0 0 0 0 0 0 0 0 0 0 0 0 0 0 0 0 0 0 0 0 0 0 0 0 0 0 0 0 0 0 0 0 0 0 0 0 0 0 0 0 0 0 0 0 0 0 0 0 0 0 0 0 0 0 0 0 0 0 0 0 0 0 0 0 0 0 0 0 0 0 0 0 0 0 0 0 0 0 0 0 0 0 0 0 0 0 
0 0 0 0 0 0 0 0 0 0 0 0 0 0 0 0 0 0 0 0 0 0 0 0 0 0 0 0 0 0 0 0 0 0 0 0 0 0 0 0 0 0 0 0 0 0 0 0 0 0 0 0 0 0 0 0 0 0 0 0 0 0 0 0 0 0 0 0 0 0 0 0 0 0 0 0 0 0 0 0 0 0 0 0 0 0 0 0 0 0 0 0 0 0 0 0 0 0 0 0 
0 0 0 0 0 0 0 0 0 0 0 0 0 0 0 0 0 0 0 0 0 0 0 0 0 0 0 0 0 0 0 0 0 0 0 0 0 0 0 0 0 0 0 0 0 0 0 0 0 0 0 0 0 0 0 0 0 0 0 0 0 0 0 0 0 0 0 0 0 0 0 0 0 0 0 0 0 0 0 0 0 0 0 0 0 0 0 0 0 0 0 0 0 0 0 0 0 0 0 0 
0 0 0 0 0 0 0 0 0 0 0 0 0 0 0 0 0 0 0 0 0 0 0 0 0 0 0 0 0 0 0 0 0 0 0 0 0 0 0 0 0 0 0 0 0 0 0 0 0 0 0 0 0 0 0 0 0 0 0 0 0 0 0 0 0 0 0 0 0 0 0 0 0 0 0 0 0 0 0 0 0 0 0 0 0 0 0 0 0 0 0 0 0 0 0 0 0 0 0 0 
# Events [SlitMonitor/SlitMonitor.dat] N:
0 0 0 0 0 0 0 0 0 0 0 0 0 0 0 0 0 0 0 0 0 0 0 0 0 0 0 0 0 0 0 0 0 0 0 0 0 0 0 0 0 0 0 0 0 0 0 0 0 0 0 0 0 0 0 0 0 0 0 0 0 0 0 0 0 0 0 0 0 0 0 0 0 0 0 0 0 0 0 0 0 0 0 0 0 0 0 0 0 0 0 0 0 0 0 0 0 0 0 0 
0 0 0 0 0 0 0 0 0 0 0 0 0 0 0 0 0 0 0 0 0 0 0 0 0 0 0 0 0 0 0 0 0 0 0 0 0 0 0 0 0 0 0 0 0 0 0 0 0 0 0 0 0 0 0 0 0 0 0 0 0 0 0 0 0 0 0 0 0 0 0 0 0 0 0 0 0 0 0 0 0 0 0 0 0 0 0 0 0 0 0 0 0 0 0 0 0 0 0 0 
0 0 0 0 0 0 0 0 0 0 0 0 0 0 0 0 0 0 0 0 0 0 0 0 0 0 0 0 0 0 0 0 0 0 0 0 0 0 0 0 0 0 0 0 0 0 0 0 0 0 0 0 0 0 0 0 0 0 0 0 0 0 0 0 0 0 0 0 0 0 0 0 0 0 0 0 0 0 0 0 0 0 0 0 0 0 0 0 0 0 0 0 0 0 0 0 0 0 0 0 
0 0 0 0 0 0 0 0 0 0 0 0 0 0 0 0 0 0 0 0 0 0 0 0 0 0 0 0 0 0 0 0 0 0 0 0 0 0 0 0 0 0 0 0 0 0 0 0 0 0 0 0 0 0 0 0 0 0 0 0 0 0 0 0 0 0 0 0 0 0 0 0 0 0 0 0 0 0 0 0 0 0 0 0 0 0 0 0 0 0 0 0 0 0 0 0 0 0 0 0 
0 0 0 0 0 0 0 0 0 0 0 0 0 0 0 0 0 0 0 0 0 0 0 0 0 0 0 0 0 0 0 0 0 0 0 0 0 0 0 0 0 0 0 0 0 0 0 0 0 0 0 0 0 0 0 0 0 0 0 0 0 0 0 0 0 0 0 0 0 0 0 0 0 0 0 0 0 0 0 0 0 0 0 0 0 0 0 0 0 0 0 0 0 0 0 0 0 0 0 0 
0 0 0 0 0 0 0 0 0 0 0 0 0 0 0 0 0 0 0 0 0 0 0 0 0 0 0 0 0 0 0 0 0 0 0 0 0 0 0 0 0 0 0 0 0 0 0 0 0 0 0 0 0 0 0 0 0 0 0 0 0 0 0 0 0 0 0 0 0 0 0 0 0 0 0 0 0 0 0 0 0 0 0 0 0 0 0 0 0 0 0 0 0 0 0 0 0 0 0 0 
0 0 0 0 0 0 0 0 0 0 0 0 0 0 0 0 0 0 0 0 0 0 0 0 0 0 0 0 0 0 0 0 0 0 0 0 0 0 0 0 0 0 0 0 0 0 0 0 0 0 0 0 0 0 0 0 0 0 0 0 0 0 0 0 0 0 0 0 0 0 0 0 0 0 0 0 0 0 0 0 0 0 0 0 0 0 0 0 0 0 0 0 0 0 0 0 0 0 0 0 
0 0 0 0 0 0 0 0 0 0 0 0 0 0 0 0 0 0 0 0 0 0 0 0 0 0 0 0 0 0 0 0 0 0 0 0 0 0 0 0 0 0 0 0 0 0 0 0 0 0 0 0 0 0 0 0 0 0 0 0 0 0 0 0 0 0 0 0 0 0 0 0 0 0 0 0 0 0 0 0 0 0 0 0 0 0 0 0 0 0 0 0 0 0 0 0 0 0 0 0 
0 0 0 0 0 0 0 0 0 0 0 0 0 0 0 0 0 0 0 0 0 0 0 0 0 0 0 0 0 0 0 0 0 0 0 0 0 0 0 0 0 0 0 0 0 0 0 0 0 0 0 0 0 0 0 0 0 0 0 0 0 0 0 0 0 0 0 0 0 0 0 0 0 0 0 0 0 0 0 0 0 0 0 0 0 0 0 0 0 0 0 0 0 0 0 0 0 0 0 0 
0 0 0 0 0 0 0 0 0 0 0 0 0 0 0 0 0 0 0 0 0 0 0 0 0 0 0 0 0 0 0 0 0 0 0 0 0 0 0 0 0 0 0 0 0 0 0 0 0 0 0 0 0 0 0 0 0 0 0 0 0 0 0 0 0 0 0 0 0 0 0 0 0 0 0 0 0 0 0 0 0 0 0 0 0 0 0 0 0 0 0 0 0 0 0 0 0 0 0 0 
0 0 0 0 0 0 0 0 0 0 0 0 0 0 0 0 0 0 0 0 0 0 0 0 0 0 0 0 0 0 0 0 0 0 0 0 0 0 0 0 0 0 0 0 0 0 0 0 0 0 0 0 0 0 0 0 0 0 0 0 0 0 0 0 0 0 0 0 0 0 0 0 0 0 0 0 0 0 0 0 0 0 0 0 0 0 0 0 0 0 0 0 0 0 0 0 0 0 0 0 
0 0 0 0 0 0 0 0 0 0 0 0 0 0 0 0 0 0 0 0 0 0 0 0 0 0 0 0 0 0 0 0 0 0 0 0 0 0 0 0 0 0 0 0 0 0 0 0 0 0 0 0 0 0 0 0 0 0 0 0 0 0 0 0 0 0 0 0 0 0 0 0 0 0 0 0 0 0 0 0 0 0 0 0 0 0 0 0 0 0 0 0 0 0 0 0 0 0 0 0 
0 0 0 0 0 0 0 0 0 0 0 0 0 0 0 0 0 0 0 0 0 0 0 0 0 0 0 0 0 0 0 0 0 0 0 0 0 0 0 0 0 0 0 0 0 0 0 0 0 0 0 0 0 0 0 0 0 0 0 0 0 0 0 0 0 0 0 0 0 0 0 0 0 0 0 0 0 0 0 0 0 0 0 0 0 0 0 0 0 0 0 0 0 0 0 0 0 0 0 0 
0 0 0 0 0 0 0 0 0 0 0 0 0 0 0 0 0 0 0 0 0 0 0 0 0 0 0 0 0 0 0 0 0 0 0 0 0 0 0 0 0 0 0 0 0 0 0 0 0 0 0 0 0 0 0 0 0 0 0 0 0 0 0 0 0 0 0 0 0 0 0 0 0 0 0 0 0 0 0 0 0 0 0 0 0 0 0 0 0 0 0 0 0 0 0 0 0 0 0 0 
0 0 0 0 0 0 0 0 0 0 0 0 0 0 0 0 0 0 0 0 0 0 0 0 0 0 0 0 0 0 0 0 0 0 0 0 0 0 0 0 0 0 0 0 0 0 0 0 0 0 0 0 0 0 0 0 0 0 0 0 0 0 0 0 0 0 0 0 0 0 0 0 0 0 0 0 0 0 0 0 0 0 0 0 0 0 0 0 0 0 0 0 0 0 0 0 0 0 0 0 
0 0 0 0 0 0 0 0 0 0 0 0 0 0 0 0 0 0 0 0 0 0 0 0 0 0 0 0 0 0 0 0 0 0 0 0 0 0 0 0 0 0 0 0 0 0 0 0 0 0 0 0 0 0 0 0 0 0 0 0 0 0 0 0 0 0 0 0 0 0 0 0 0 0 0 0 0 0 0 0 0 0 0 0 0 0 0 0 0 0 0 0 0 0 0 0 0 0 0 0 
0 0 0 0 0 0 0 0 0 0 0 0 0 0 0 0 0 0 0 0 0 0 0 0 0 0 0 0 0 0 0 0 0 0 0 0 0 0 0 0 0 0 0 0 0 0 0 0 0 0 0 0 0 0 0 0 0 0 0 0 0 0 0 0 0 0 0 0 0 0 0 0 0 0 0 0 0 0 0 0 0 0 0 0 0 0 0 0 0 0 0 0 0 0 0 0 0 0 0 0 
0 0 0 0 0 0 0 0 0 0 0 0 0 0 0 0 0 0 0 0 0 0 0 0 0 0 0 0 0 0 0 0 0 0 0 0 0 0 0 0 0 0 0 0 0 0 0 0 0 0 0 0 0 0 0 0 0 0 0 0 0 0 0 0 0 0 0 0 0 0 0 0 0 0 0 0 0 0 0 0 0 0 0 0 0 0 0 0 0 0 0 0 0 0 0 0 0 0 0 0 
0 0 0 0 0 0 0 0 0 0 0 0 0 0 0 0 0 0 0 0 0 0 0 0 0 0 0 0 0 0 0 0 0 0 0 0 0 0 0 0 0 0 0 0 0 0 0 0 0 0 0 0 0 0 0 0 0 0 0 0 0 0 0 0 0 0 0 0 0 0 0 0 0 0 0 0 0 0 0 0 0 0 0 0 0 0 0 0 0 0 0 0 0 0 0 0 0 0 0 0 
0 0 0 0 0 0 0 0 0 0 0 0 0 0 0 0 0 0 0 0 0 0 0 0 0 0 0 0 0 0 0 0 0 0 0 0 0 0 0 0 0 0 0 0 0 0 0 0 0 0 0 0 0 0 0 0 0 0 0 0 0 0 0 0 0 0 0 0 0 0 0 0 0 0 0 0 0 0 0 0 0 0 0 0 0 0 0 0 0 0 0 0 0 0 0 0 0 0 0 0 
0 0 0 0 0 0 0 0 0 0 0 0 0 0 0 0 0 0 0 0 0 0 0 0 0 0 0 0 0 0 0 0 0 0 0 0 0 0 0 0 0 0 0 0 0 0 0 0 0 0 0 0 0 0 0 0 0 0 0 0 0 0 0 0 0 0 0 0 0 0 0 0 0 0 0 0 0 0 0 0 0 0 0 0 0 0 0 0 0 0 0 0 0 0 0 0 0 0 0 0 
0 0 0 0 0 0 0 0 0 0 0 0 0 0 0 0 0 0 0 0 0 0 0 0 0 0 0 0 0 0 0 0 0 0 0 0 0 0 0 0 0 0 0 0 0 0 0 0 0 0 0 0 0 0 0 0 0 0 0 0 0 0 0 0 0 0 0 0 0 0 0 0 0 0 0 0 0 0 0 0 0 0 0 0 0 0 0 0 0 0 0 0 0 0 0 0 0 0 0 0 
0 0 0 0 0 0 0 0 0 0 0 0 0 0 0 0 0 0 0 0 0 0 0 0 0 0 0 0 0 0 0 0 0 0 0 0 0 0 0 0 0 0 0 0 0 0 0 0 0 0 0 0 0 0 0 0 0 0 0 0 0 0 0 0 0 0 0 0 0 0 0 0 0 0 0 0 0 0 0 0 0 0 0 0 0 0 0 0 0 0 0 0 0 0 0 0 0 0 0 0 
0 0 0 0 0 0 0 0 0 0 0 0 0 0 0 0 0 0 0 0 0 0 0 0 0 0 0 0 0 0 0 0 0 0 0 0 0 0 0 0 0 0 0 0 0 0 0 0 0 0 0 0 0 0 0 0 0 0 0 0 0 0 0 0 0 0 0 0 0 0 0 0 0 0 0 0 0 0 0 0 0 0 0 0 0 0 0 0 0 0 0 0 0 0 0 0 0 0 0 0 
0 0 0 0 0 0 0 0 0 0 0 0 0 0 0 0 0 0 0 0 0 0 0 0 0 0 0 0 0 0 0 0 0 0 0 0 1 0 0 0 0 0 0 0 0 0 0 0 0 0 0 0 0 0 0 0 0 1 0 0 0 0 0 0 0 0 0 0 0 0 0 0 0 0 0 0 0 0 0 0 0 0 0 0 0 0 0 0 0 0 0 0 0 0 0 0 0 0 0 0 
0 0 0 0 0 0 0 0 0 0 0 0 0 0 0 0 0 0 0 0 0 0 0 0 0 0 1 0 1 0 1 2 3 0 0 0 0 0 0 2 1 1 3 1 2 0 1 1 0 1 0 1 1 0 1 0 1 4 1 0 2 0 0 0 1 0 1 0 0 1 1 2 2 0 0 1 0 0 0 0 0 0 0 0 0 0 0 0 0 0 0 0 0 0 0 0 0 0 0 0 
0 0 0 0 0 0 0 0 0 0 0 0 0 0 0 0 0 0 0 0 0 0 0 0 0 1 2 0 1 1 0 0 0 1 0 1 1 2 1 0 0 2 0 0 0 0 1 1 1 2 1 0 1 2 0 1 0 0 3 1 0 0 0 0 0 0 0 1 0 1 2 1 0 0 0 0 0 0 0 0 0 0 0 0 0 0 0 0 0 0 0 0 0 0 0 0 0 0 0 0 
0 0 0 0 0 0 0 0 0 0 0 0 0 0 0 0 0 0 0 0 0 0 0 0 0 0 0 0 0 1 0 1 0 2 0 0 1 0 2 1 0 0 1 1 0 0 0 1 2 1 0 0 0 0 0 2 1 0 0 4 1 1 1 1 0 1 1 1 0 1 0 1 0 0 2 0 0 0 0 0 0 0 0 0 0 0 0 0 0 0 0 0 0 0 0 0 0 0 0 0 
0 0 0 0 0 0 0 0 0 0 0 0 0 0 0 0 0 0 0 0 0 0 0 0 0 1 1 0 0 1 1 0 0 1 0 1 0 0 1 1 1 3 1 1 0 0 3 0 1 0 0 2 2 1 0 1 0 0 2 1 1 2 0 0 0 0 1 0 1 1 2 1 0 1 2 0 0 0 0 0 0 0 0 0 0 0 0 0 0 0 0 0 0 0 0 0 0 0 0 0 
0 0 0 0 0 0 0 0 0 0 0 0 0 0 0 0 0 0 0 0 0 0 0 0 0 3 1 0 0 1 0 0 0 5 0 0 0 2 3 1 0 1 2 0 1 0 0 0 0 1 0 1 1 0 0 5 0 2 0 0 1 0 1 0 1 1 0 0 1 1 1 1 0 0 1 0 0 0 0 0 0 0 0 0 0 0 0 0 0 0 0 0 0 0 0 0 0 0 0 0 
0 0 0 0 0 0 0 0 0 0 0 0 0 0 0 0 0 0 0 0 0 0 0 0 0 2 1 0 0 1 2 1 0 0 0 1 0 2 0 0 1 0 0 3 2 0 2 0 0 0 1 2 0 1 0 2 1 0 1 2 0 0 0 0 1 1 1 0 0 0 0 1 0 1 0 0 0 0 0 0 0 0 0 0 0 0 0 0 0 0 0 0 0 0 0 0 0 0 0 0 
0 0 0 0 0 0 0 0 0 0 0 0 0 0 0 0 0 0 0 0 0 0 0 0 0 0 1 0 1 0 0 1 0 1 0 0 1 0 0 1 1 0 0 1 1 0 0 1 1 1 1 0 1 2 0 1 1 1 0 0 1 0 0 2 0 0 0 0 0 0 1 0 0 1 0 0 0 0 0 0 0 0 0 0 0 0 0 0 0 0 0 0 0 0 0 0 0 0 0 0 
0 0 0 0 0 0 0 0 0 0 0 0 0 0 0 0 0 0 0 0 0 0 0 0 0 1 1 0 2 1 0 0 1 0 3 0 1 0 0 0 1 0 1 0 0 1 1 0 1 1 0 1 1 2 0 0 1 1 2 1 2 0 2 0 0 1 1 0 0 1 0 0 1 1 2 0 0 0 0 0 0 0 0 0 0 0 0 0 0 0 0 0 0 0 0 0 0 0 0 0 
0 0 0 0 0 0 0 0 0 0 0 0 0 0 0 0 0 0 0 0 0 0 0 0 0 0 0 0 1 1 0 1 0 1 0 1 0 1 0 0 0 0 0 0 0 0 0 0 1 2 1 0 0 0 1 0 0 0 0 1 0 1 1 1 2 0 0 0 2 0 1 0 2 1 2 0 0 0 0 0 0 0 0 0 0 0 0 0 0 0 0 0 0 0 0 0 0 0 0 0 
0 0 0 0 0 0 0 0 0 0 0 0 0 0 0 0 0 0 0 0 0 0 0 0 0 0 0 0 0 1 1 0 0 0 0 0 0 0 2 1 1 0 0 1 1 1 0 4 0 0 0 1 0 0 0 0 1 0 1 0 0 0 0 2 0 0 0 0 0 0 1 0 1 0 0 0 0 0 0 0 0 0 0 0 0 0 0 0 0 0 0 0 0 0 0 0 0 0 0 0 
0 0 0 0 0 0 0 0 0 0 0 0 0 0 0 0 0 0 0 0 0 0 0 0 0 0 0 0 2 0 0 0 4 2 2 0 2 1 0 0 1 0 1 1 2 2 0 1 2 0 0 0 0 0 2 2 0 1 1 1 2 1 1 1 1 0 1 0 0 0 0 1 0 0 0 0 0 0 0 0 0 0 0 0 0 0 0 0 0 0 0 0 0 0 0 0 0 0 0 0 
0 0 0 0 0 0 0 0 0 0 0 0 0 0 0 0 0 0 0 0 0 0 0 0 0 0 1 2 2 1 0 0 0 1 0 0 2 0 0 1 1 0 0 0 1 0 2 0 0 0 0 0 1 0 1 0 0 0 1 0 1 0 2 0 0 2 0 1 1 0 1 1 1 2 0 0 0 0 0 0 0 0 0 0 0 0 0 0 0 0 0 0 0 0 0 0 0 0 0 0 
0 0 0 0 0 0 0 0 0 0 0 0 0 0 0 0 0 0 0 0 0 0 0 0 0 0 0 1 0 1 1 0 0 1 0 0 3 1 0 1 0 1 1 0 0 1 3 3 1 1 0 1 0 2 1 0 2 0 0 1 0 1 1 0 0 1 2 0 0 1 2 0 0 0 2 0 0 0 0 0 0 0 0 0 0 0 0 0 0 0 0 0 0 0 0 0 0 0 0 0 
0 0 0 0 0 0 0 0 0 0 0 0 0 0 0 0 0 0 0 0 0 0 0 0 0 0 0 1 0 0 1 0 0 0 0 0 0 1 2 3 0 0 1 2 1 2 0 0 1 2 1 0 1 0 3 1 0 1 0 1 1 0 1 0 2 1 2 0 1 1 0 3 1 1 1 0 0 0 0 0 0 0 0 0 0 0 0 0 0 0 0 0 0 0 0 0 0 0 0 0 
0 0 0 0 0 0 0 0 0 0 0 0 0 0 0 0 0 0 0 0 0 0 0 0 0 2 1 0 0 0 2 0 0 0 0 0 2 0 0 1 1 2 0 1 2 3 0 1 2 0 2 1 0 0 0 0 0 2 0 1 1 0 1 0 0 1 0 1 1 1 1 0 0 1 0 0 0 0 0 0 0 0 0 0 0 0 0 0 0 0 0 0 0 0 0 0 0 0 0 0 
0 0 0 0 0 0 0 0 0 0 0 0 0 0 0 0 0 0 0 0 0 0 0 0 0 0 0 0 0 2 1 1 0 0 0 1 1 0 0 0 0 2 1 3 1 1 0 2 0 0 0 1 1 0 1 1 1 1 0 2 1 0 1 1 0 1 0 3 2 0 0 0 1 0 0 0 0 0 0 0 0 0 0 0 0 0 0 0 0 0 0 0 0 0 0 0 0 0 0 0 
0 0 0 0 0 0 0 0 0 0 0 0 0 0 0 0 0 0 0 0 0 0 0 0 0 0 0 0 0 0 2 0 1 1 0 1 0 0 1 1 0 1 2 0 1 1 1 0 4 0 1 2 1 0 2 0 1 1 0 1 1 1 1 0 2 1 1 0 0 0 4 1 1 1 0 0 0 0 0 0 0 0 0 0 0 0 0 0 0 0 0 0 0 0 0 0 0 0 0 0 
0 0 0 0 0 0 0 0 0 0 0 0 0 0 0 0 0 0 0 0 0 0 0 0 0 2 1 0 3 0 2 0 0 0 2 1 0 2 1 2 1 0 2 1 1 0 1 0 2 3 0 1 1 1 0 3 0 0 0 0 1 1 1 0 0 1 1 1 0 1 0 0 0 1 3 0 0 0 0 0 0 0 0 0 0 0 0 0 0 0 0 0 0 0 0 0 0 0 0 0 
0 0 0 0 0 0 0 0 0 0 0 0 0 0 0 0 0 0 0 0 0 0 0 0 0 0 0 1 0 2 2 1 2 0 0 1 0 1 2 2 1 3 0 1 3 0 0 0 1 1 1 0 1 1 1 0 1 0 0 0 1 2 1 2 0 0 0 1 1 0 0 1 1 2 0 0 0 0 0 0 0 0 0 0 0 0 0 0 0 0 0 0 0 0 0 0 0 0 0 0 
0 0 0 0 0 0 0 0 0 0 0 0 0 0 0 0 0 0 0 0 0 0 0 0 1 1 0 1 0 1 0 2 2 0 1 2 0 0 1 1 2 0 0 0 2 1 1 1 0 2 0 1 1 2 1 1 0 2 0 0 1 1 0 0 0 0 0 0 0 1 2 2 0 0 0 0 0 0 0 0 0 0 0 0 0 0 0 0 0 0 0 0 0 0 0 0 0 0 0 0 
0 0 0 0 0 0 0 0 0 0 0 0 0 0 0 0 0 0 0 0 0 0 0 0 0 0 0 1 1 0 0 1 1 2 1 2 1 0 0 0 1 0 2 1 1 0 1 0 0 2 1 1 0 0 0 0 0 2 1 2 0 1 2 1 1 1 0 0 2 0 1 0 1 0 0 1 0 0 0 0 0 0 0 0 0 0 0 0 0 0 0 0 0 0 0 0 0 0 0 0 
0 0 0 0 0 0 0 0 0 0 0 0 0 0 0 0 0 0 0 0 0 0 0 0 0 3 0 0 1 2 1 2 1 1 1 0 1 2 1 0 4 0 1 1 1 0 1 0 0 0 0 3 1 0 0 0 3 0 0 0 0 0 2 1 2 0 1 3 0 0 3 0 1 0 0 0 0 0 0 0 0 0 0 0 0 0 0 0 0 0 0 0 0 0 0 0 0 0 0 0 
0 0 0 0 0 0 0 0 0 0 0 0 0 0 0 0 0 0 0 0 0 0 0 0 0 2 0 0 2 1 1 0 2 1 0 0 0 0 2 3 0 0 0 1 0 0 1 0 1 0 1 0 0 0 1 1 3 0 0 1 0 0 1 0 1 1 1 1 1 1 1 0 1 2 1 0 0 0 0 0 0 0 0 0 0 0 0 0 0 0 0 0 0 0 0 0 0 0 0 0 
0 0 0 0 0 0 0 0 0 0 0 0 0 0 0 0 0 0 0 0 0 0 0 0 0 2 0 5 0 2 0 0 3 2 0 1 0 3 1 0 1 1 0 0 2 2 1 0 0 3 0 0 1 1 3 0 0 1 0 0 0 3 0 0 0 0 0 1 0 1 0 0 0 0 0 0 0 0 0 0 0 0 0 0 0 0 0 0 0 0 0 0 0 0 0 0 0 0 0 0 
0 0 0 0 0 0 0 0 0 0 0 0 0 0 0 0 0 0 0 0 0 0 0 0 1 1 0 0 0 2 0 1 2 0 2 1 1 1 0 0 0 0 1 2 0 0 0 0 2 2 1 3 1 0 0 2 3 1 0 0 2 0 1 0 1 0 1 0 1 1 0 1 1 1 1 0 0 0 0 0 0 0 0 0 0 0 0 0 0 0 0 0 0 0 0 0 0 0 0 0 
0 0 0 0 0 0 0 0 0 0 0 0 0 0 0 0 0 0 0 0 0 0 0 0 0 1 1 0 0 0 0 2 4 0 0 1 0 1 1 0 2 1 0 2 4 0 0 2 0 1 0 1 1 1 1 0 0 2 1 0 0 1 1 0 0 0 0 1 0 0 0 3 0 1 1 0 0 0 0 0 0 0 0 0 0 0 0 0 0 0 0 0 0 0 0 0 0 0 0 0 
0 0 0 0 0 0 0 0 0 0 0 0 0 0 0 0 0 0 0 0 0 0 0 0 0 1 0 1 0 0 0 0 0 1 0 1 0 1 1 0 2 0 2 0 2 1 1 2 2 0 0 0 1 1 0 0 0 1 1 1 0 0 0 0 2 0 2 0 1 0 0 1 1 0 0 0 0 0 0 0 0 0 0 0 0 0 0 0 0 0 0 0 0 0 0 0 0 0 0 0 
0 0 0 0 0 0 0 0 0 0 0 0 0 0 0 0 0 0 0 0 0 0 0 0 0 1 1 1 0 1 1 3 1 2 0 0 1 0 1 1 1 0 0 0 0 0 0 1 2 3 1 0 1 1 0 0 0 0 1 0 0 0 1 0 0 0 0 2 0 0 1 0 0 2 0 0 0 0 0 0 0 0 0 0 0 0 0 0 0 0 0 0 0 0 0 0 0 0 0 0 
0 0 0 0 0 0 0 0 0 0 0 0 0 0 0 0 0 0 0 0 0 0 0 0 0 1 1 0 0 0 1 1 1 0 0 2 0 1 2 0 1 1 0 1 0 3 0 0 0 0 1 1 0 0 0 1 1 3 0 0 1 1 1 0 1 0 0 1 1 2 0 1 0 1 1 0 0 0 0 0 0 0 0 0 0 0 0 0 0 0 0 0 0 0 0 0 0 0 0 0 
0 0 0 0 0 0 0 0 0 0 0 0 0 0 0 0 0 0 0 0 0 0 0 0 0 3 0 0 1 1 1 0 1 3 2 0 0 0 1 0 3 1 2 0 1 1 0 1 1 0 0 0 0 1 1 0 1 0 2 0 0 4 0 0 1 0 0 1 1 0 1 0 0 0 0 0 0 0 0 0 0 0 0 0 0 0 0 0 0 0 0 0 0 0 0 0 0 0 0 0 
0 0 0 0 0 0 0 0 0 0 0 0 0 0 0 0 0 0 0 0 0 0 0 0 0 2 0 0 0 0 2 2 0 2 1 2 1 2 1 1 2 1 0 0 0 2 2 2 0 1 0 1 1 0 2 0 0 0 1 0 0 1 1 1 1 1 0 0 0 0 0 1 2 0 2 0 0 0 0 0 0 0 0 0 0 0 0 0 0 0 0 0 0 0 0 0 0 0 0 0 
0 0 0 0 0 0 0 0 0 0 0 0 0 0 0 0 0 0 0 0 0 0 0 0 0 0 1 0 1 2 1 0 0 1 1 0 2 1 1 0 0 0 0 1 0 1 1 1 0 3 1 0 0 1 2 2 1 0 1 0 0 2 1 0 0 0 1 1 1 0 2 2 1 0 0 0 0 0 0 0 0 0 0 0 0 0 0 0 0 0 0 0 0 0 0 0 0 0 0 0 
0 0 0 0 0 0 0 0 0 0 0 0 0 0 0 0 0 0 0 0 0 0 0 0 0 1 1 2 2 0 1 1 2 0 0 1 2 1 0 0 0 2 0 0 0 3 0 1 1 3 1 4 2 0 0 2 0 1 1 1 0 1 0 2 4 0 1 1 2 3 1 1 2 0 1 0 0 0 0 0 0 0 0 0 0 0 0 0 0 0 0 0 0 0 0 0 0 0 0 0 
0 0 0 0 0 0 0 0 0 0 0 0 0 0 0 0 0 0 0 0 0 0 0 0 0 0 0 0 0 1 0 0 0 1 2 1 0 0 1 0 1 0 1 1 0 1 2 0 1 0 1 0 2 1 1 1 2 2 0 0 0 1 1 0 2 0 1 1 1 1 1 2 1 1 0 0 0 0 0 0 0 0 0 0 0 0 0 0 0 0 0 0 0 0 0 0 0 0 0 0 
0 0 0 0 0 0 0 0 0 0 0 0 0 0 0 0 0 0 0 0 0 0 0 0 0 0 0 3 1 0 2 0 2 0 0 0 0 0 0 1 0 3 1 3 3 0 1 0 1 1 2 1 1 0 1 0 1 0 1 2 2 1 2 0 1 1 2 0 2 0 0 1 0 0 1 0 0 0 0 0 0 0 0 0 0 0 0 0 0 0 0 0 0 0 0 0 0 0 0 0 
0 0 0 0 0 0 0 0 0 0 0 0 0 0 0 0 0 0 0 0 0 0 0 0 0 1 2 0 0 0 2 1 0 0 0 0 0 1 1 0 0 4 2 1 0 1 1 0 0 2 0 1 1 1 1 1 0 1 2 1 0 1 1 0 0 0 1 0 0 0 0 2 0 3 0 0 0 0 0 0 0 0 0 0 0 0 0 0 0 0 0 0 0 0 0 0 0 0 0 0 
0 0 0 0 0 0 0 0 0 0 0 0 0 0 0 0 0 0 0 0 0 0 0 0 0 1 2 0 2 1 2 0 0 0 1 0 2 0 2 0 0 0 1 1 3 0 1 0 0 0 2 1 0 0 1 3 1 0 0 0 1 2 1 1 1 2 1 1 2 1 2 0 0 1 2 0 0 0 0 0 0 0 0 0 0 0 0 0 0 0 0 0 0 0 0 0 0 0 0 0 
0 0 0 0 0 0 0 0 0 0 0 0 0 0 0 0 0 0 0 0 0 0 0 0 0 1 0 0 1 1 0 1 0 0 0 0 0 1 0 0 1 1 1 0 1 1 0 1 1 2 2 2 0 1 0 1 1 0 1 1 1 2 3 0 2 2 1 1 1 0 0 1 1 0 1 0 0 0 0 0 0 0 0 0 0 0 0 0 0 0 0 0 0 0 0 0 0 0 0 0 
0 0 0 0 0 0 0 0 0 0 0 0 0 0 0 0 0 0 0 0 0 0 0 0 0 3 1 2 0 2 2 1 1 0 0 0 3 1 1 3 0 0 2 0 1 3 1 0 2 0 1 0 2 1 1 1 0 1 1 1 0 1 0 0 0 2 0 1 0 1 1 3 0 1 0 0 0 0 0 0 0 0 0 0 0 0 0 0 0 0 0 0 0 0 0 0 0 0 0 0 
0 0 0 0 0 0 0 0 0 0 0 0 0 0 0 0 0 0 0 0 0 0 0 0 0 1 0 2 2 0 0 1 0 0 2 2 1 1 0 0 1 0 1 1 0 0 1 1 2 0 0 0 1 2 1 0 0 0 0 1 2 1 2 0 0 1 0 0 0 1 0 1 1 1 2 0 0 0 0 0 0 0 0 0 0 0 0 0 0 0 0 0 0 0 0 0 0 0 0 0 
0 0 0 0 0 0 0 0 0 0 0 0 0 0 0 0 0 0 0 0 0 0 0 0 0 0 1 0 1 0 0 0 1 0 0 0 0 2 2 0 0 0 0 1 1 1 1 0 2 1 1 2 3 3 0 0 0 0 1 1 0 3 1 0 1 2 0 0 1 0 0 0 1 0 0 0 0 0 0 0 0 0 0 0 0 0 0 0 0 0 0 0 0 0 0 0 0 0 0 0 
0 0 0 0 0 0 0 0 0 0 0 0 0 0 0 0 0 0 0 0 0 0 0 0 0 2 1 1 0 1 1 1 3 1 0 0 0 0 1 0 1 0 0 0 0 2 0 0 0 3 0 0 0 0 3 0 1 0 1 0 1 0 0 0 0 1 1 0 0 2 2 1 0 1 0 0 0 0 0 0 0 0 0 0 0 0 0 0 0 0 0 0 0 0 0 0 0 0 0 0 
0 0 0 0 0 0 0 0 0 0 0 0 0 0 0 0 0 0 0 0 0 0 0 0 0 1 2 0 0 0 0 0 1 1 0 3 0 0 1 0 0 0 1 0 1 1 0 1 2 2 0 0 0 1 0 1 2 3 2 0 0 1 0 1 0 0 0 1 0 0 1 0 0 2 1 0 0 0 0 0 0 0 0 0 0 0 0 0 0 0 0 0 0 0 0 0 0 0 0 0 
0 0 0 0 0 0 0 0 0 0 0 0 0 0 0 0 0 0 0 0 0 0 0 0 0 1 2 0 0 2 3 1 1 0 2 1 2 0 0 2 0 0 0 3 0 1 2 3 0 1 0 1 0 0 0 1 1 0 0 0 1 0 0 0 0 0 1 0 0 1 2 1 0 1 0 0 0 0 0 0 0 0 0 0 0 0 0 0 0 0 0 0 0 0 0 0 0 0 0 0 
0 0 0 0 0 0 0 0 0 0 0 0 0 0 0 0 0 0 0 0 0 0 0 0 0 0 3 0 1 0 0 0 0 1 0 0 0 0 0 2 0 0 0 1 1 1 0 0 1 0 0 0 1 1 0 0 1 1 2 0 0 1 1 3 1 1 1 0 2 1 0 0 0 0 0 0 0 0 0 0 0 0 0 0 0 0 0 0 0 0 0 0 0 0 0 0 0 0 0 0 
0 0 0 0 0 0 0 0 0 0 0 0 0 0 0 0 0 0 0 0 0 0 0 0 0 1 0 0 0 1 0 1 0 1 1 1 1 1 1 1 1 2 1 1 2 1 0 0 1 1 2 0 0 1 0 0 0 0 0 0 1 0 1 0 0 1 1 0 1 0 1 1 1 1 2 0 0 0 0 0 0 0 0 0 0 0 0 0 0 0 0 0 0 0 0 0 0 0 0 0 
0 0 0 0 0 0 0 0 0 0 0 0 0 0 0 0 0 0 0 0 0 0 0 0 1 1 0 0 2 3 1 1 1 0 0 0 0 1 1 0 2 1 0 1 1 0 1 0 0 0 0 0 0 2 0 0 1 1 1 0 0 0 0 1 0 0 1 0 0 2 1 2 0 1 0 0 0 0 0 0 0 0 0 0 0 0 0 0 0 0 0 0 0 0 0 0 0 0 0 0 
0 0 0 0 0 0 0 0 0 0 0 0 0 0 0 0 0 0 0 0 0 0 0 0 0 0 1 2 1 0 1 0 0 0 0 0 3 0 0 0 1 0 0 1 1 1 0 0 3 0 0 0 2 0 1 0 0 1 1 0 2 0 1 1 0 1 1 0 0 1 2 0 0 2 0 0 0 0 0 0 0 0 0 0 0 0 0 0 0 0 0 0 0 0 0 0 0 0 0 0 
0 0 0 0 0 0 0 0 0 0 0 0 0 0 0 0 0 0 0 0 0 0 0 0 0 1 0 2 0 1 0 0 0 0 0 0 0 1 0 2 2 1 1 0 1 1 0 0 2 2 0 0 0 0 0 1 0 0 1 0 0 1 1 2 2 0 2 0 0 1 1 0 0 1 0 0 0 0 0 0 0 0 0 0 0 0 0 0 0 0 0 0 0 0 0 0 0 0 0 0 
0 0 0 0 0 0 0 0 0 0 0 0 0 0 0 0 0 0 0 0 0 0 0 0 0 1 1 0 1 0 0 0 3 1 0 0 0 0 1 0 1 1 2 0 0 1 1 1 2 0 1 2 0 0 1 0 0 0 2 1 0 1 1 0 4 1 1 0 0 3 2 0 0 0 2 0 0 0 0 0 0 0 0 0 0 0 0 0 0 0 0 0 0 0 0 0 0 0 0 0 
0 0 0 0 0 0 0 0 0 0 0 0 0 0 0 0 0 0 0 0 0 0 0 0 0 0 0 0 0 0 1 0 0 0 0 0 0 0 0 0 0 0 1 0 0 0 0 0 0 0 0 0 0 0 0 0 0 0 0 0 0 0 0 0 0 0 0 0 0 0 0 0 0 0 0 0 0 0 0 0 0 0 0 0 0 0 0 0 0 0 0 0 0 0 0 0 0 0 0 0 
0 0 0 0 0 0 0 0 0 0 0 0 0 0 0 0 0 0 0 0 0 0 0 0 0 0 0 0 0 0 0 0 0 0 0 0 0 0 0 0 0 0 0 0 0 0 0 0 0 0 0 0 0 0 0 0 0 0 0 0 0 0 0 0 0 0 0 0 0 0 0 0 0 0 0 0 0 0 0 0 0 0 0 0 0 0 0 0 0 0 0 0 0 0 0 0 0 0 0 0 
0 0 0 0 0 0 0 0 0 0 0 0 0 0 0 0 0 0 0 0 0 0 0 0 0 0 0 0 0 0 0 0 0 0 0 0 0 0 0 0 0 0 0 0 0 0 0 0 0 0 0 0 0 0 0 0 0 0 0 0 0 0 0 0 0 0 0 0 0 0 0 0 0 0 0 0 0 0 0 0 0 0 0 0 0 0 0 0 0 0 0 0 0 0 0 0 0 0 0 0 
0 0 0 0 0 0 0 0 0 0 0 0 0 0 0 0 0 0 0 0 0 0 0 0 0 0 0 0 0 0 0 0 0 0 0 0 0 0 0 0 0 0 0 0 0 0 0 0 0 0 0 0 0 0 0 0 0 0 0 0 0 0 0 0 0 0 0 0 0 0 0 0 0 0 0 0 0 0 0 0 0 0 0 0 0 0 0 0 0 0 0 0 0 0 0 0 0 0 0 0 
0 0 0 0 0 0 0 0 0 0 0 0 0 0 0 0 0 0 0 0 0 0 0 0 0 0 0 0 0 0 0 0 0 0 0 0 0 0 0 0 0 0 0 0 0 0 0 0 0 0 0 0 0 0 0 0 0 0 0 0 0 0 0 0 0 0 0 0 0 0 0 0 0 0 0 0 0 0 0 0 0 0 0 0 0 0 0 0 0 0 0 0 0 0 0 0 0 0 0 0 
0 0 0 0 0 0 0 0 0 0 0 0 0 0 0 0 0 0 0 0 0 0 0 0 0 0 0 0 0 0 0 0 0 0 0 0 0 0 0 0 0 0 0 0 0 0 0 0 0 0 0 0 0 0 0 0 0 0 0 0 0 0 0 0 0 0 0 0 0 0 0 0 0 0 0 0 0 0 0 0 0 0 0 0 0 0 0 0 0 0 0 0 0 0 0 0 0 0 0 0 
0 0 0 0 0 0 0 0 0 0 0 0 0 0 0 0 0 0 0 0 0 0 0 0 0 0 0 0 0 0 0 0 0 0 0 0 0 0 0 0 0 0 0 0 0 0 0 0 0 0 0 0 0 0 0 0 0 0 0 0 0 0 0 0 0 0 0 0 0 0 0 0 0 0 0 0 0 0 0 0 0 0 0 0 0 0 0 0 0 0 0 0 0 0 0 0 0 0 0 0 
0 0 0 0 0 0 0 0 0 0 0 0 0 0 0 0 0 0 0 0 0 0 0 0 0 0 0 0 0 0 0 0 0 0 0 0 0 0 0 0 0 0 0 0 0 0 0 0 0 0 0 0 0 0 0 0 0 0 0 0 0 0 0 0 0 0 0 0 0 0 0 0 0 0 0 0 0 0 0 0 0 0 0 0 0 0 0 0 0 0 0 0 0 0 0 0 0 0 0 0 
0 0 0 0 0 0 0 0 0 0 0 0 0 0 0 0 0 0 0 0 0 0 0 0 0 0 0 0 0 0 0 0 0 0 0 0 0 0 0 0 0 0 0 0 0 0 0 0 0 0 0 0 0 0 0 0 0 0 0 0 0 0 0 0 0 0 0 0 0 0 0 0 0 0 0 0 0 0 0 0 0 0 0 0 0 0 0 0 0 0 0 0 0 0 0 0 0 0 0 0 
0 0 0 0 0 0 0 0 0 0 0 0 0 0 0 0 0 0 0 0 0 0 0 0 0 0 0 0 0 0 0 0 0 0 0 0 0 0 0 0 0 0 0 0 0 0 0 0 0 0 0 0 0 0 0 0 0 0 0 0 0 0 0 0 0 0 0 0 0 0 0 0 0 0 0 0 0 0 0 0 0 0 0 0 0 0 0 0 0 0 0 0 0 0 0 0 0 0 0 0 
0 0 0 0 0 0 0 0 0 0 0 0 0 0 0 0 0 0 0 0 0 0 0 0 0 0 0 0 0 0 0 0 0 0 0 0 0 0 0 0 0 0 0 0 0 0 0 0 0 0 0 0 0 0 0 0 0 0 0 0 0 0 0 0 0 0 0 0 0 0 0 0 0 0 0 0 0 0 0 0 0 0 0 0 0 0 0 0 0 0 0 0 0 0 0 0 0 0 0 0 
0 0 0 0 0 0 0 0 0 0 0 0 0 0 0 0 0 0 0 0 0 0 0 0 0 0 0 0 0 0 0 0 0 0 0 0 0 0 0 0 0 0 0 0 0 0 0 0 0 0 0 0 0 0 0 0 0 0 0 0 0 0 0 0 0 0 0 0 0 0 0 0 0 0 0 0 0 0 0 0 0 0 0 0 0 0 0 0 0 0 0 0 0 0 0 0 0 0 0 0 
0 0 0 0 0 0 0 0 0 0 0 0 0 0 0 0 0 0 0 0 0 0 0 0 0 0 0 0 0 0 0 0 0 0 0 0 0 0 0 0 0 0 0 0 0 0 0 0 0 0 0 0 0 0 0 0 0 0 0 0 0 0 0 0 0 0 0 0 0 0 0 0 0 0 0 0 0 0 0 0 0 0 0 0 0 0 0 0 0 0 0 0 0 0 0 0 0 0 0 0 
0 0 0 0 0 0 0 0 0 0 0 0 0 0 0 0 0 0 0 0 0 0 0 0 0 0 0 0 0 0 0 0 0 0 0 0 0 0 0 0 0 0 0 0 0 0 0 0 0 0 0 0 0 0 0 0 0 0 0 0 0 0 0 0 0 0 0 0 0 0 0 0 0 0 0 0 0 0 0 0 0 0 0 0 0 0 0 0 0 0 0 0 0 0 0 0 0 0 0 0 
0 0 0 0 0 0 0 0 0 0 0 0 0 0 0 0 0 0 0 0 0 0 0 0 0 0 0 0 0 0 0 0 0 0 0 0 0 0 0 0 0 0 0 0 0 0 0 0 0 0 0 0 0 0 0 0 0 0 0 0 0 0 0 0 0 0 0 0 0 0 0 0 0 0 0 0 0 0 0 0 0 0 0 0 0 0 0 0 0 0 0 0 0 0 0 0 0 0 0 0 
0 0 0 0 0 0 0 0 0 0 0 0 0 0 0 0 0 0 0 0 0 0 0 0 0 0 0 0 0 0 0 0 0 0 0 0 0 0 0 0 0 0 0 0 0 0 0 0 0 0 0 0 0 0 0 0 0 0 0 0 0 0 0 0 0 0 0 0 0 0 0 0 0 0 0 0 0 0 0 0 0 0 0 0 0 0 0 0 0 0 0 0 0 0 0 0 0 0 0 0 
0 0 0 0 0 0 0 0 0 0 0 0 0 0 0 0 0 0 0 0 0 0 0 0 0 0 0 0 0 0 0 0 0 0 0 0 0 0 0 0 0 0 0 0 0 0 0 0 0 0 0 0 0 0 0 0 0 0 0 0 0 0 0 0 0 0 0 0 0 0 0 0 0 0 0 0 0 0 0 0 0 0 0 0 0 0 0 0 0 0 0 0 0 0 0 0 0 0 0 0 
0 0 0 0 0 0 0 0 0 0 0 0 0 0 0 0 0 0 0 0 0 0 0 0 0 0 0 0 0 0 0 0 0 0 0 0 0 0 0 0 0 0 0 0 0 0 0 0 0 0 0 0 0 0 0 0 0 0 0 0 0 0 0 0 0 0 0 0 0 0 0 0 0 0 0 0 0 0 0 0 0 0 0 0 0 0 0 0 0 0 0 0 0 0 0 0 0 0 0 0 
0 0 0 0 0 0 0 0 0 0 0 0 0 0 0 0 0 0 0 0 0 0 0 0 0 0 0 0 0 0 0 0 0 0 0 0 0 0 0 0 0 0 0 0 0 0 0 0 0 0 0 0 0 0 0 0 0 0 0 0 0 0 0 0 0 0 0 0 0 0 0 0 0 0 0 0 0 0 0 0 0 0 0 0 0 0 0 0 0 0 0 0 0 0 0 0 0 0 0 0 
0 0 0 0 0 0 0 0 0 0 0 0 0 0 0 0 0 0 0 0 0 0 0 0 0 0 0 0 0 0 0 0 0 0 0 0 0 0 0 0 0 0 0 0 0 0 0 0 0 0 0 0 0 0 0 0 0 0 0 0 0 0 0 0 0 0 0 0 0 0 0 0 0 0 0 0 0 0 0 0 0 0 0 0 0 0 0 0 0 0 0 0 0 0 0 0 0 0 0 0 
0 0 0 0 0 0 0 0 0 0 0 0 0 0 0 0 0 0 0 0 0 0 0 0 0 0 0 0 0 0 0 0 0 0 0 0 0 0 0 0 0 0 0 0 0 0 0 0 0 0 0 0 0 0 0 0 0 0 0 0 0 0 0 0 0 0 0 0 0 0 0 0 0 0 0 0 0 0 0 0 0 0 0 0 0 0 0 0 0 0 0 0 0 0 0 0 0 0 0 0 
0 0 0 0 0 0 0 0 0 0 0 0 0 0 0 0 0 0 0 0 0 0 0 0 0 0 0 0 0 0 0 0 0 0 0 0 0 0 0 0 0 0 0 0 0 0 0 0 0 0 0 0 0 0 0 0 0 0 0 0 0 0 0 0 0 0 0 0 0 0 0 0 0 0 0 0 0 0 0 0 0 0 0 0 0 0 0 0 0 0 0 0 0 0 0 0 0 0 0 0 
0 0 0 0 0 0 0 0 0 0 0 0 0 0 0 0 0 0 0 0 0 0 0 0 0 0 0 0 0 0 0 0 0 0 0 0 0 0 0 0 0 0 0 0 0 0 0 0 0 0 0 0 0 0 0 0 0 0 0 0 0 0 0 0 0 0 0 0 0 0 0 0 0 0 0 0 0 0 0 0 0 0 0 0 0 0 0 0 0 0 0 0 0 0 0 0 0 0 0 0 
0 0 0 0 0 0 0 0 0 0 0 0 0 0 0 0 0 0 0 0 0 0 0 0 0 0 0 0 0 0 0 0 0 0 0 0 0 0 0 0 0 0 0 0 0 0 0 0 0 0 0 0 0 0 0 0 0 0 0 0 0 0 0 0 0 0 0 0 0 0 0 0 0 0 0 0 0 0 0 0 0 0 0 0 0 0 0 0 0 0 0 0 0 0 0 0 0 0 0 0 
0 0 0 0 0 0 0 0 0 0 0 0 0 0 0 0 0 0 0 0 0 0 0 0 0 0 0 0 0 0 0 0 0 0 0 0 0 0 0 0 0 0 0 0 0 0 0 0 0 0 0 0 0 0 0 0 0 0 0 0 0 0 0 0 0 0 0 0 0 0 0 0 0 0 0 0 0 0 0 0 0 0 0 0 0 0 0 0 0 0 0 0 0 0 0 0 0 0 0 0 
