# Format: McCode with text headers
# URL: http://www.mccode.org
# Creator: McStas 3.1 - Nov. 24, 2021
# Instrument: FullInstrument_v5.instr
# Ncount: 2000000
# Trace: no
# Gravitation: no
# Seed: 1647549193376188
# Directory: /home/kristine/Documents/GitHub/CAMEA_resolution/projekt_gruppe/Original_instrument/v5_15meV_dE1meV/54
# Param: SourceE=15
# Param: DeltaSourceE=1
# Param: guideMonitors=1
# Param: EI=5
# Param: A3=0
# Param: A4=-45
# Param: SAMPLE=0
# Param: RV_mono_Bool=1
# Param: RH_mono_Bool=1
# Param: monoShieldingWidth=0.062
# Param: monoShieldingHeight=0.14
# Param: monoShieldingDistance=0.235
# Param: MonoShielding=1
# Param: Be_filter=1
# Param: sampleHeight=0.01
# Param: sampleRadius=0.005
# Param: samplePosY=0
# Param: simon=0.54
# Date: Thu Mar 17 21:33:18 2022 (1647549198)
# type: array_2d(100, 100)
# Source: PSI_CAMEA (FullInstrument_v5.instr)
# component: kim
# position: 0 0 36.1105
# title: PSD monitor
# Ncount: 2000000
# filename: kristine.dat
# statistics: X0=-0.00309922; dX=0.86058; Y0=0.00696774; dY=1.38337;
# signal: Min=0; Max=472327; Mean=15885.4;
# values: 1.58854e+08 705356 147083
# xvar: X 
# yvar: Y 
# xlabel: X position [cm]
# ylabel: Y position [cm]
# zvar: I
# zlabel: Signal per bin
# xylimits: -7 7 -7 7
# variables: I I_err N
# Data [kim/kristine.dat] I:
0 0 0 0 0 0 0 0 0 0 0 0 0 0 0 0 0 0 0 0 0 0 0 0 0 0 0 0 0 0 0 0 0 0 0 0 0 0 0 0 0 0 0 0 0 0 0 0 0 0 0 0 0 0 0 0 0 0 0 0 0 0 0 0 0 0 0 0 0 0 0 0 0 0 0 0 0 0 0 0 0 0 0 0 0 0 0 0 0 0 0 0 0 0 0 0 0 0 0 0 
0 0 0 0 0 0 0 0 0 0 0 0 0 0 0 0 0 0 0 0 0 0 0 0 0 0 0 0 0 0 0 0 0 0 0 0 0 0 0 0 0 0 0 0 0 0 0 0 0 0 0 0 0 0 0 0 0 0 0 0 0 0 0 0 0 0 0 0 0 0 0 0 0 0 0 0 0 0 0 0 0 0 0 0 0 0 0 0 0 0 0 0 0 0 0 0 0 0 0 0 
0 0 0 0 0 0 0 0 0 0 0 0 0 0 0 0 0 0 0 0 0 0 0 0 0 0 0 0 0 0 0 0 0 0 0 0 0 0 0 0 0 0 0 0 0 0 0 0 0 0 0 0 0 0 0 0 0 0 0 0 0 0 0 0 0 0 0 0 0 0 0 0 0 0 0 0 0 0 0 0 0 0 0 0 0 0 0 0 0 0 0 0 0 0 0 0 0 0 0 0 
0 0 0 0 0 0 0 0 0 0 0 0 0 0 0 0 0 0 0 0 0 0 0 0 0 0 0 0 0 0 0 0 0 0 0 0 0 0 0 0 0 0 0 0 0 0 0 0 0 0 0 0 0 0 0 0 0 0 0 0 0 0 0 0 0 0 0 0 0 0 0 0 0 0 0 0 0 0 0 0 0 0 0 0 0 0 0 0 0 0 0 0 0 0 0 0 0 0 0 0 
0 0 0 0 0 0 0 0 0 0 0 0 0 0 0 0 0 0 0 0 0 0 0 0 0 0 0 0 0 0 0 0 0 0 0 0 0 0 0 0 0 0 0 0 0 0 0 0 0 0 0 0 0 0 0 0 0 0 0 0 0 0 0 0 0 0 0 0 0 0 0 0 0 0 0 0 0 0 0 0 0 0 0 0 0 0 0 0 0 0 0 0 0 0 0 0 0 0 0 0 
0 0 0 0 0 0 0 0 0 0 0 0 0 0 0 0 0 0 0 0 0 0 0 0 0 0 0 0 0 0 0 0 0 0 0 0 0 0 0 0 0 0 0 0 0 0 0 0 0 0 0 0 0 0 0 0 0 0 0 0 0 0 0 0 0 0 0 0 0 0 0 0 0 0 0 0 0 0 0 0 0 0 0 0 0 0 0 0 0 0 0 0 0 0 0 0 0 0 0 0 
0 0 0 0 0 0 0 0 0 0 0 0 0 0 0 0 0 0 0 0 0 0 0 0 0 0 0 0 0 0 0 0 0 0 0 0 0 0 0 0 0 0 0 0 0 0 0 0 0 0 0 0 0 0 0 0 0 0 0 0 0 0 0 0 0 0 0 0 0 0 0 0 0 0 0 0 0 0 0 0 0 0 0 0 0 0 0 0 0 0 0 0 0 0 0 0 0 0 0 0 
0 0 0 0 0 0 0 0 0 0 0 0 0 0 0 0 0 0 0 0 0 0 0 0 0 0 0 0 0 0 0 0 0 0 0 0 0 0 0 0 0 0 0 0 0 0 0 0 0 0 0 0 0 0 0 0 0 0 0 0 0 0 0 0 0 0 0 0 0 0 0 0 0 0 0 0 0 0 0 0 0 0 0 0 0 0 0 0 0 0 0 0 0 0 0 0 0 0 0 0 
0 0 0 0 0 0 0 0 0 0 0 0 0 0 0 0 0 0 0 0 0 0 0 0 0 0 0 0 0 0 0 0 0 0 0 0 0 0 0 0 0 0 0 0 0 0 0 0 0 0 0 0 0 0 0 0 0 0 0 0 0 0 0 0 0 0 0 0 0 0 0 0 0 0 0 0 0 0 0 0 0 0 0 0 0 0 0 0 0 0 0 0 0 0 0 0 0 0 0 0 
0 0 0 0 0 0 0 0 0 0 0 0 0 0 0 0 0 0 0 0 0 0 0 0 0 0 0 0 0 0 0 0 0 0 0 0 0 0 0 0 0 0 0 0 0 0 0 0 0 0 0 0 0 0 0 0 0 0 0 0 0 0 0 0 0 0 0 0 0 0 0 0 0 0 0 0 0 0 0 0 0 0 0 0 0 0 0 0 0 0 0 0 0 0 0 0 0 0 0 0 
0 0 0 0 0 0 0 0 0 0 0 0 0 0 0 0 0 0 0 0 0 0 0 0 0 0 0 0 0 0 0 0 0 0 0 0 0 0 0 0 0 0 0 0 0 0 0 0 0 0 0 0 0 0 0 0 0 0 0 0 0 0 0 0 0 0 0 0 0 0 0 0 0 0 0 0 0 0 0 0 0 0 0 0 0 0 0 0 0 0 0 0 0 0 0 0 0 0 0 0 
0 0 0 0 0 0 0 0 0 0 0 0 0 0 0 0 0 0 0 0 0 0 0 0 0 0 0 0 0 0 0 0 0 0 0 0 0 0 0 0 0 0 0 0 0 0 0 0 0 0 0 0 0 0 0 0 0 0 0 0 0 0 0 0 0 0 0 0 0 0 0 0 0 0 0 0 0 0 0 0 0 0 0 0 0 0 0 0 0 0 0 0 0 0 0 0 0 0 0 0 
0 0 0 0 0 0 0 0 0 0 0 0 0 0 0 0 0 0 0 0 0 0 0 0 0 0 0 0 0 0 0 0 0 0 0 0 0 0 0 0 0 0 0 0 0 0 0 0 0 0 0 0 0 0 0 0 0 0 0 0 0 0 0 0 0 0 0 0 0 0 0 0 0 0 0 0 0 0 0 0 0 0 0 0 0 0 0 0 0 0 0 0 0 0 0 0 0 0 0 0 
0 0 0 0 0 0 0 0 0 0 0 0 0 0 0 0 0 0 0 0 0 0 0 0 0 0 0 0 0 0 0 0 0 0 0 0 0 0 0 0 0 0 0 0 0 0 0 0 0 0 0 0 0 0 0 0 0 0 0 0 0 0 0 0 0 0 0 0 0 0 0 0 0 0 0 0 0 0 0 0 0 0 0 0 0 0 0 0 0 0 0 0 0 0 0 0 0 0 0 0 
0 0 0 0 0 0 0 0 0 0 0 0 0 0 0 0 0 0 0 0 0 0 0 0 0 0 0 0 0 0 0 0 0 0 0 0 0 0 0 0 0 0 0 0 0 0 0 0 0 0 0 0 0 0 0 0 0 0 0 0 0 0 0 0 0 0 0 0 0 0 0 0 0 0 0 0 0 0 0 0 0 0 0 0 0 0 0 0 0 0 0 0 0 0 0 0 0 0 0 0 
0 0 0 0 0 0 0 0 0 0 0 0 0 0 0 0 0 0 0 0 0 0 0 0 0 0 0 0 0 0 0 0 0 0 0 0 0 0 0 0 0 0 0 0 0 0 0 0 0 0 0 0 0 0 0 0 0 0 0 0 0 0 0 0 0 0 0 0 0 0 0 0 0 0 0 0 0 0 0 0 0 0 0 0 0 0 0 0 0 0 0 0 0 0 0 0 0 0 0 0 
0 0 0 0 0 0 0 0 0 0 0 0 0 0 0 0 0 0 0 0 0 0 0 0 0 0 0 0 0 0 0 0 0 0 0 0 0 0 0 0 0 0 0 0 0 0 0 0 0 0 0 0 0 0 0 0 0 0 0 0 0 0 0 0 0 0 0 0 0 0 0 0 0 0 0 0 0 0 0 0 0 0 0 0 0 0 0 0 0 0 0 0 0 0 0 0 0 0 0 0 
0 0 0 0 0 0 0 0 0 0 0 0 0 0 0 0 0 0 0 0 0 0 0 0 0 0 0 0 0 0 0 0 0 0 0 0 0 0 0 0 0 0 0 0 0 0 0 0 0 0 0 0 0 0 0 0 0 0 0 0 0 0 0 0 0 0 0 0 0 0 0 0 0 0 0 0 0 0 0 0 0 0 0 0 0 0 0 0 0 0 0 0 0 0 0 0 0 0 0 0 
0 0 0 0 0 0 0 0 0 0 0 0 0 0 0 0 0 0 0 0 0 0 0 0 0 0 0 0 0 0 0 0 0 0 0 0 0 0 0 0 0 0 0 0 0 0 0 0 0 0 0 0 0 0 0 0 0 0 0 0 0 0 0 0 0 0 0 0 0 0 0 0 0 0 0 0 0 0 0 0 0 0 0 0 0 0 0 0 0 0 0 0 0 0 0 0 0 0 0 0 
0 0 0 0 0 0 0 0 0 0 0 0 0 0 0 0 0 0 0 0 0 0 0 0 0 0 0 0 0 0 0 0 0 0 0 0 0 0 0 0 0 0 0 0 0 0 0 0 0 0 0 0 0 0 0 0 0 0 0 0 0 0 0 0 0 0 0 0 0 0 0 0 0 0 0 0 0 0 0 0 0 0 0 0 0 0 0 0 0 0 0 0 0 0 0 0 0 0 0 0 
0 0 0 0 0 0 0 0 0 0 0 0 0 0 0 0 0 0 0 0 0 0 0 0 0 0 0 0 0 0 0 0 0 0 0 0 0 0 0 0 0 0 0 0 0 0 0 0 0 0 0 0 0 0 0 0 0 0 0 0 0 0 0 0 0 0 0 0 0 0 0 0 0 0 0 0 0 0 0 0 0 0 0 0 0 0 0 0 0 0 0 0 0 0 0 0 0 0 0 0 
0 0 0 0 0 0 0 0 0 0 0 0 0 0 0 0 0 0 0 0 0 0 0 0 0 0 0 0 0 0 0 0 0 0 0 0 0 0 0 0 0 0 0 0 0 0 0 0 0 0 0 0 0 0 0 0 0 0 0 0 0 0 0 0 0 0 0 0 0 0 0 0 0 0 0 0 0 0 0 0 0 0 0 0 0 0 0 0 0 0 0 0 0 0 0 0 0 0 0 0 
0 0 0 0 0 0 0 0 0 0 0 0 0 0 0 0 0 0 0 0 0 0 0 0 0 0 0 0 0 0 0 0 0 0 0 0 0 0 0 0 0 0 2.676951198e-14 1.341654824e-13 0 3.137286158e-28 0 2.668960376e-14 4.029440879e-14 0 0 4.038539176e-23 2.475136923e-15 0 0 0 0 2.875693282e-15 3.970221601e-15 2.019656223e-15 0 0 0 0 0 0 0 0 0 0 0 0 0 0 0 0 0 0 0 0 0 0 0 0 0 0 0 0 0 0 0 0 0 0 0 0 0 0 0 0 
0 0 0 0 0 0 0 0 0 0 0 0 0 0 0 0 0 0 0 0 0 0 0 0 0 0 0 0 0 0 0 0 0 0 8.688117406e-23 1.234256605e-13 2.375664225e-14 0 2.361129876e-05 1.939494898e-06 2.264561128e-13 9.357624141e-08 4.681665458e-07 8.957478435e-06 7.637091577e-10 1.64392148e-05 4.512290824e-06 1.562902853e-06 1.103584873e-06 5.090555355e-07 2.558520257e-07 1.476199863e-05 1.073018266e-06 3.564684464e-07 1.181632867e-06 2.038584233e-06 6.704895764e-06 4.710610518e-07 7.260179702e-07 3.641460786e-15 3.676727832e-13 7.347282605e-07 0 0 0 0 0 0 0 0 0 0 0 0 0 0 0 0 0 0 0 0 0 0 0 0 0 0 0 0 0 0 0 0 0 0 0 0 0 0 
0 0 0 0 0 0 0 0 0 0 0 0 0 0 0 0 0 0 0 0 0 0 0 0 0 0 0 0 0 0 0 0 0 0 1.405756784e-16 1.821836261e-10 0 5.08937698e-07 0.03245457992 5.847132919e-07 0.001637929296 0.02911045443 1.03313588e-05 0.04643177294 0.006171049117 0.5651192833 0.002946796671 0.01428896036 0.008361951372 0.03269451453 0.0001217980984 0.01228147385 0.001663752276 0.1913215683 0.07898025527 0.3291120122 0.01015482289 0.02114262013 2.38046987e-05 2.538029767e-06 0.0005808302817 0.002911615178 6.099043319e-06 1.286130398e-08 5.869838955e-07 8.485250677e-08 0 0 0 0 0 0 0 0 0 0 0 0 0 0 0 0 0 0 0 0 0 0 0 0 0 0 0 0 0 0 0 0 0 0 
0 0 0 0 0 0 0 0 0 0 0 0 0 0 0 0 0 0 0 0 0 0 0 0 0 0 0 0 0 0 0 0 0 0 1.345057995e-13 0.8742596557 1.066023534 0.02365390488 0.8000526657 4.758764274 0.007451057889 4.119742397 2.088941223 1.368583202 0.8764111561 0.9012231159 0.3558433171 0.9821845982 3.186829092 9.636385238 5.35293832 337.2504442 13.44963981 152.7169883 2.493858074 11.3102856 16.45158149 0.8924443856 5.071642835 0.22404066 0.231270727 0.5720080291 0.02444348345 1.970430005e-12 1.614327028e-07 0 0 0 0 0 0 0 0 0 0 0 0 0 0 0 0 0 0 0 0 0 0 0 0 0 0 0 0 0 0 0 0 0 0 0 
0 0 0 0 0 0 0 0 0 0 0 0 0 0 0 0 0 0 0 0 0 0 0 0 0 0 0 0 0 0 0 0 0 0 2.960607461e-08 0.3573192581 3.863136474 455.1221751 554.0336378 946.4024213 358.4455678 0.2994731272 107.2219457 791.7446137 415.9049977 479.6491884 1033.828713 696.8679179 1690.347588 467.4439027 945.2351831 1570.508904 1630.240178 615.8791612 1629.952326 1414.317061 472.2633726 587.9130972 492.7772968 317.6423514 413.6818936 0.01503708164 3.853684257 0.01871614267 3.075640928e-07 0.001196858736 0 0 0 0 0 0 0 0 0 0 0 0 0 0 0 0 0 0 0 0 0 0 0 0 0 0 0 0 0 0 0 0 0 0 
0 0 0 0 0 0 0 0 0 0 0 0 0 0 0 0 0 0 0 0 0 0 0 0 0 0 0 0 0 0 0 0 0 0 5.217175203e-06 1.708762481e-13 1501.872969 1275.156797 2024.786747 1762.948092 959.8420636 3192.894663 1403.389053 3747.049649 3205.616073 2072.218876 2278.599007 3256.285063 5466.506496 3049.685087 5039.095313 3804.674493 8038.466432 2263.691715 4340.654743 3360.277097 2892.634193 2299.909329 2350.015699 2171.136268 627.4184558 1106.04437 49.6437215 2.251604374 20.32068468 6.622855893e-07 0 0 0 0 0 0 0 0 0 0 0 0 0 0 0 0 0 0 0 0 0 0 0 0 0 0 0 0 0 0 0 0 0 0 
0 0 0 0 0 0 0 0 0 0 0 0 0 0 0 0 0 0 0 0 0 0 0 0 0 0 0 0 0 0 0 0 0 0 0 3261.503219 1986.234792 2677.754972 1012.388754 5141.497312 14433.49476 8015.955326 8069.172286 8297.537051 3199.417882 10026.69434 16332.40931 11688.81364 11670.94679 10411.37969 16590.06805 13674.47145 25480.48277 28857.41252 20953.13319 11818.34636 16965.64246 8789.57211 5680.315586 3506.547027 3025.859581 503.3534955 156.0819856 43.82442288 3.005729743 11.90781275 0 0 0 0 0 0 0 0 0 0 0 0 0 0 0 0 0 0 0 0 0 0 0 0 0 0 0 0 0 0 0 0 0 0 
0 0 0 0 0 0 0 0 0 0 0 0 0 0 0 0 0 0 0 0 0 0 0 0 0 0 0 0 0 0 0 0 0 0 0 1443.20128 1480.075064 13211.12494 18426.53483 23683.98559 11366.67272 17807.48569 13177.31243 17228.73246 16099.96273 27756.36177 29665.88478 29801.28095 42460.70848 22770.59721 31740.80687 45406.9652 58137.62631 34782.67028 38101.26268 24767.02595 38514.43213 22115.48968 17696.01686 9024.485813 17107.94676 10299.72265 753.5429383 847.0989837 758.9971544 0 0 0 0 0 0 0 0 0 0 0 0 0 0 0 0 0 0 0 0 0 0 0 0 0 0 0 0 0 0 0 0 0 0 0 
0 0 0 0 0 0 0 0 0 0 0 0 0 0 0 0 0 0 0 0 0 0 0 0 0 0 0 0 0 0 0 0 0 0 6.148590394e-06 2758.790153 12610.85411 22845.67758 31476.63378 18344.83679 19482.03775 27984.80578 29510.27397 28529.58941 43054.8586 32873.29536 47881.27729 43520.38157 56557.80093 38803.63751 83773.79507 49037.56194 84248.08596 46293.88966 64733.39978 65375.49125 34736.51853 39132.24025 36605.05617 20239.21409 18200.60805 7475.874456 1274.264854 835.0165064 121.1204358 535.8394175 0 0 0 0 0 0 0 0 0 0 0 0 0 0 0 0 0 0 0 0 0 0 0 0 0 0 0 0 0 0 0 0 0 0 
0 0 0 0 0 0 0 0 0 0 0 0 0 0 0 0 0 0 0 0 0 0 0 0 0 0 0 0 0 0 0 0 0 0 0 1387.566921 10656.51328 20992.32335 19530.90553 18521.66632 39747.91825 27196.97129 29690.08794 47996.15638 42396.35402 51704.70299 61329.39463 86657.08528 82190.22707 95602.30142 84377.08612 87242.67289 82664.96225 111476.2042 76665.18896 82581.27909 57245.24049 77966.71847 67033.81943 39934.44821 22838.88567 4029.477017 421.8164693 123.9295316 451.2200792 65.086481 0 0 0 0 0 0 0 0 0 0 0 0 0 0 0 0 0 0 0 0 0 0 0 0 0 0 0 0 0 0 0 0 0 0 
0 0 0 0 0 0 0 0 0 0 0 0 0 0 0 0 0 0 0 0 0 0 0 0 0 0 0 0 0 0 0 0 0 0 0.0002514166277 14501.14176 22753.64971 32113.68468 42706.33848 49204.50663 36418.4499 34583.04771 61770.1812 68936.01975 100787.7747 67319.41892 70749.93438 108898.4473 83030.46691 95098.74656 97483.91666 100123.3918 130096.6953 120311.0123 141451.419 92797.9607 87681.42688 80677.16097 48972.33061 44076.40887 22162.28828 13859.70424 2390.262535 1907.729937 1152.802072 0 0 0 0 0 0 0 0 0 0 0 0 0 0 0 0 0 0 0 0 0 0 0 0 0 0 0 0 0 0 0 0 0 0 0 
0 0 0 0 0 0 0 0 0 0 0 0 0 0 0 0 0 0 0 0 0 0 0 0 0 0 0 0 0 0 0 0 0 0 2.991879761e-07 8034.141358 13162.45848 43055.47098 49044.88328 48765.72855 35879.14763 39261.89094 67348.17589 110158.7733 74916.58617 92597.79155 93879.44409 122369.2482 107821.7525 133823.799 87593.17595 144176.0794 155190.0913 181749.1487 147000.8301 151073.3913 110767.6454 84970.99437 44212.94188 58101.85443 51814.55693 20822.19997 1591.909756 760.8205549 634.5504389 1.140269739 0 0 0 0 0 0 0 0 0 0 0 0 0 0 0 0 0 0 0 0 0 0 0 0 0 0 0 0 0 0 0 0 0 0 
0 0 0 0 0 0 0 0 0 0 0 0 0 0 0 0 0 0 0 0 0 0 0 0 0 0 0 0 0 0 0 0 0 0 0 8582.00942 52215.09136 54912.0263 71390.23169 53213.5621 54456.81359 62154.42247 51065.91885 90535.74151 86688.85385 100890.4634 134532.9939 123401.4669 140437.5422 136119.4644 133156.7131 132386.1415 180705.672 202875.2313 197597.7477 204362.1606 126149.8712 105803.2954 70042.53065 59041.29935 48923.28643 19122.27673 8175.352289 2229.843006 1290.417062 226.1282454 0 0 0 0 0 0 0 0 0 0 0 0 0 0 0 0 0 0 0 0 0 0 0 0 0 0 0 0 0 0 0 0 0 0 
0 0 0 0 0 0 0 0 0 0 0 0 0 0 0 0 0 0 0 0 0 0 0 0 0 0 0 0 0 0 0 0 0 0 9.975554923e-06 20978.8076 32867.49015 50883.67202 79854.04552 86960.32358 77661.30459 104858.2541 82081.42185 86297.53834 124330.3589 134710.6296 126158.6901 192670.7078 164942.5026 131169.9466 120162.7208 133619.3099 260122.4174 192920.8937 160798.891 192357.6822 109174.4336 113061.2235 88901.28539 76974.78864 63949.03805 24508.38377 5651.498295 373.4080703 618.413191 0 0 0 0 0 0 0 0 0 0 0 0 0 0 0 0 0 0 0 0 0 0 0 0 0 0 0 0 0 0 0 0 0 0 0 
0 0 0 0 0 0 0 0 0 0 0 0 0 0 0 0 0 0 0 0 0 0 0 0 0 0 0 0 0 0 0 0 0 0 0.0001403264161 11370.55039 37143.5573 65277.40616 67337.25373 75886.87086 71080.48182 77358.92667 94418.09288 149953.7901 121203.8733 103803.3738 136549.3748 170042.7906 179695.932 142531.0501 132780.0006 175873.1196 228296.6371 294722.3055 232222.9027 211777.2391 152646.7209 124738.7183 123591.0753 74776.53619 60601.90412 23761.35851 2519.901987 1245.016482 874.4088428 710.2104469 0 0 0 0 0 0 0 0 0 0 0 0 0 0 0 0 0 0 0 0 0 0 0 0 0 0 0 0 0 0 0 0 0 0 
0 0 0 0 0 0 0 0 0 0 0 0 0 0 0 0 0 0 0 0 0 0 0 0 0 0 0 0 0 0 0 0 0 0 0.2267915247 7077.774919 57927.80376 85590.19263 89859.22392 78696.36701 103804.571 139894.648 104119.1818 147147.8627 162112.6632 125580.4884 165763.8206 175850.7704 175897.4164 168202.1605 150009.0986 223619.2246 326582.7838 257652.471 225767.4107 212960.7551 191646.9145 167142.7813 145223.3226 86189.73437 48578.45463 35808.25235 8093.696921 6414.160011 958.9365074 0 0 0 0 0 0 0 0 0 0 0 0 0 0 0 0 0 0 0 0 0 0 0 0 0 0 0 0 0 0 0 0 0 0 0 
0 0 0 0 0 0 0 0 0 0 0 0 0 0 0 0 0 0 0 0 0 0 0 0 0 0 0 0 0 0 0 0 0 0 0.01083145935 14891.46795 47196.19024 72864.68849 88341.42643 65933.0811 103478.8359 120253.1005 145014.4313 123859.1065 106345.2988 128062.305 152260.6874 154597.2868 191705.9325 168569.3838 190040.7542 245780.5361 294438.6577 241222.6874 263016.9603 283850.5598 199805.6522 179932.6699 115408.405 96971.75129 67853.54085 25451.56074 3773.123149 2140.656634 731.4131808 56.43656609 0 0 0 0 0 0 0 0 0 0 0 0 0 0 0 0 0 0 0 0 0 0 0 0 0 0 0 0 0 0 0 0 0 0 
0 0 0 0 0 0 0 0 0 0 0 0 0 0 0 0 0 0 0 0 0 0 0 0 0 0 0 0 0 0 0 0 0 0 0.04475988165 12226.89847 77378.30097 106967.4111 76521.84522 112518.2964 111474.2996 127197.8474 125411.7896 160245.4068 162344.1745 223748.2922 228154.4301 179212.064 233776.4527 193680.5904 198785.7163 203022.9519 325541.3445 274753.2502 283377.5448 241448.9894 183456.2859 192662.5053 136663.3963 126542.6194 64114.18669 25963.36556 4402.148469 185.4091803 1192.386434 399.9779199 0 0 0 0 0 0 0 0 0 0 0 0 0 0 0 0 0 0 0 0 0 0 0 0 0 0 0 0 0 0 0 0 0 0 
0 0 0 0 0 0 0 0 0 0 0 0 0 0 0 0 0 0 0 0 0 0 0 0 0 0 0 0 0 0 0 0 0 0 5.420158451e-05 10992.95488 53994.85006 78514.71326 97182.28629 126935.3454 125330.9223 128333.1403 131922.4418 163450.2052 174217.3243 200318.0441 277987.4635 261879.8653 251403.6921 231698.4238 201265.8733 278666.4846 289767.9169 321177.3602 281662.9577 297221.0089 255103.8867 228879.7633 172937.8935 109563.8267 68722.82681 30476.5878 4595.763168 1597.061285 1065.076605 1258.328567 0 0 0 0 0 0 0 0 0 0 0 0 0 0 0 0 0 0 0 0 0 0 0 0 0 0 0 0 0 0 0 0 0 0 
0 0 0 0 0 0 0 0 0 0 0 0 0 0 0 0 0 0 0 0 0 0 0 0 0 0 0 0 0 0 0 0 0 0 1.035753488e-07 39079.43761 68370.02689 111314.1825 96328.71473 101227.3266 136084.1498 99162.27404 133056.2991 188644.9131 167486.8228 185882.6639 230663.0659 206692.604 279014.3381 188721.0325 257852.2477 290184.6815 345880.8913 395529.9592 245738.1344 225787.8476 295188.9221 210203.8775 163180.9055 178229.4858 65038.75252 43459.32207 3982.15873 241.0765747 1396.692404 550.8881235 0 0 0 0 0 0 0 0 0 0 0 0 0 0 0 0 0 0 0 0 0 0 0 0 0 0 0 0 0 0 0 0 0 0 
0 0 0 0 0 0 0 0 0 0 0 0 0 0 0 0 0 0 0 0 0 0 0 0 0 0 0 0 0 0 0 0 0 0 1.644813444e-05 11101.66624 40777.94215 118259.0004 83439.60313 108042.3172 117579.3628 148194.3866 150462.8573 172369.7192 157676.496 185042.551 226230.9553 325174.4049 257334.7035 247877.5468 252579.5487 285932.9243 354370.8309 403624.6775 385516.005 301771.0585 259308.1192 198024.3667 188169.8277 123508.3708 62426.08899 30066.10445 19778.7144 3246.410682 730.0726705 840.5163977 0 0 0 0 0 0 0 0 0 0 0 0 0 0 0 0 0 0 0 0 0 0 0 0 0 0 0 0 0 0 0 0 0 0 
0 0 0 0 0 0 0 0 0 0 0 0 0 0 0 0 0 0 0 0 0 0 0 0 0 0 0 0 0 0 0 0 0 0 2.940478155e-06 27987.20534 48192.04364 86321.20267 106213.9664 114653.3054 152628.2451 158713.3135 192804.3102 182016.4465 198479.5424 174951.2205 238646.2843 276505.6853 301648.8995 248671.1873 272018.4504 337875.6137 427572.9461 454386.1357 377750.5287 325553.9112 306931.1176 204242.4581 159948.7154 133556.4413 112608.6496 37613.48706 6336.56024 1710.926265 1551.36333 497.9039625 0 0 0 0 0 0 0 0 0 0 0 0 0 0 0 0 0 0 0 0 0 0 0 0 0 0 0 0 0 0 0 0 0 0 
0 0 0 0 0 0 0 0 0 0 0 0 0 0 0 0 0 0 0 0 0 0 0 0 0 0 0 0 0 0 0 0 0 0 0.001903326832 25663.1761 63116.01029 101978.9097 102612.51 112908.4864 134152.0353 179002.7509 176002.9049 201366.9367 218363.2182 251597.1719 211664.089 246421.1401 229263.5783 283695.5934 287389.0916 293293.3587 410912.9355 391389.6929 341585.3239 344335.4141 273564.2811 177587.401 200163.6089 144111.6423 83855.7336 57377.6836 5201.614366 3994.304709 628.843189 332.7154032 0 0 0 0 0 0 0 0 0 0 0 0 0 0 0 0 0 0 0 0 0 0 0 0 0 0 0 0 0 0 0 0 0 0 
0 0 0 0 0 0 0 0 0 0 0 0 0 0 0 0 0 0 0 0 0 0 0 0 0 0 0 0 0 0 0 0 0 0 8.417740088e-08 17458.56983 54879.94672 85527.32956 89950.29361 115110.9674 114290.6509 130798.7128 140680.2104 135850.8788 170890.8657 158152.5761 212596.2356 298969.91 283405.8119 260138.515 198172.5048 305219.3124 404146.4805 337618.5206 407965.3515 308064.8207 249008.7827 198342.4395 160994.5169 138313.8169 71452.27697 28992.19101 8188.826761 2327.520745 2286.917525 382.0700987 0 0 0 0 0 0 0 0 0 0 0 0 0 0 0 0 0 0 0 0 0 0 0 0 0 0 0 0 0 0 0 0 0 0 
0 0 0 0 0 0 0 0 0 0 0 0 0 0 0 0 0 0 0 0 0 0 0 0 0 0 0 0 0 0 0 0 0 0 4.049347087e-06 20887.94885 39071.69328 71023.69312 100906.009 137665.0742 90944.88898 112617.081 202544.8023 138773.4377 156901.26 184660.2823 203760.9573 233422.1582 254253.8235 291972.4353 262233.1743 250535.3295 364218.1238 313258.9457 311036.3532 267004.2314 283365.6366 222969.5485 173702.6504 119755.0833 65466.70725 38114.54588 14972.28177 154.8281059 1440.362106 160.5820048 0 0 0 0 0 0 0 0 0 0 0 0 0 0 0 0 0 0 0 0 0 0 0 0 0 0 0 0 0 0 0 0 0 0 
0 0 0 0 0 0 0 0 0 0 0 0 0 0 0 0 0 0 0 0 0 0 0 0 0 0 0 0 0 0 0 0 0 0 0.01720586678 7508.383942 63417.24627 104275.8306 125279.2404 116503.4941 123770.0454 117240.5795 108560.2123 136492.9361 166362.9863 186265.93 210602.992 215622.9576 275241.0922 228202.8098 200186.6178 250236.6949 349186.3858 335816.951 336733.0013 243505.8601 194093.2015 161205.4246 148541.0721 161571.48 86411.50373 39506.51872 13447.12192 2656.74549 1600.44076 236.7699833 0 0 0 0 0 0 0 0 0 0 0 0 0 0 0 0 0 0 0 0 0 0 0 0 0 0 0 0 0 0 0 0 0 0 
0 0 0 0 0 0 0 0 0 0 0 0 0 0 0 0 0 0 0 0 0 0 0 0 0 0 0 0 0 0 0 0 0 0 0.07449569024 14479.9571 68078.18257 76513.27358 60352.30416 108107.4855 99390.86736 157811.0495 138349.4397 202887.3408 119699.6349 154602.4474 175280.3461 203519.3334 263011.8551 256814.3155 228697.2077 266580.105 293139.7071 336659.0884 282693.7034 247050.4631 229088.398 210701.5266 129861.1454 116077.2153 54864.38589 46763.71365 7239.098422 5019.331223 1256.196021 1145.12503 0 0 0 0 0 0 0 0 0 0 0 0 0 0 0 0 0 0 0 0 0 0 0 0 0 0 0 0 0 0 0 0 0 0 
0 0 0 0 0 0 0 0 0 0 0 0 0 0 0 0 0 0 0 0 0 0 0 0 0 0 0 0 0 0 0 0 0 0 0.0001514408362 4054.738789 42335.34858 88808.14242 148823.8594 70139.98433 125324.9351 128942.0289 146857.6241 143427.4725 197010.8788 186341.2968 160160.0359 205570.1007 273849.7606 248140.2377 234641.3913 254017.6825 323963.0422 317361.8692 263185.797 258551.2691 203677.408 156895.0937 136460.1081 86072.43201 81532.58809 36438.77547 13159.97059 43.94057039 1551.547044 207.853938 0 0 0 0 0 0 0 0 0 0 0 0 0 0 0 0 0 0 0 0 0 0 0 0 0 0 0 0 0 0 0 0 0 0 
0 0 0 0 0 0 0 0 0 0 0 0 0 0 0 0 0 0 0 0 0 0 0 0 0 0 0 0 0 0 0 0 0 0 1.332262663e-07 10188.0989 51806.63378 96606.86294 94020.84588 104321.3675 96559.59573 137626.6781 140928.171 146069.3559 161340.0225 195311.2467 240027.2138 221767.7257 286098.0425 221107.3851 213367.4708 267804.6525 278589.4402 368324.2567 257776.3323 244298.6579 214756.0173 185092.7368 145678.8635 123800.9542 72679.69452 29134.63104 7886.610272 3753.133836 154.2852507 112.7669464 0 0 0 0 0 0 0 0 0 0 0 0 0 0 0 0 0 0 0 0 0 0 0 0 0 0 0 0 0 0 0 0 0 0 
0 0 0 0 0 0 0 0 0 0 0 0 0 0 0 0 0 0 0 0 0 0 0 0 0 0 0 0 0 0 0 0 0 0 9.153294125e-05 16591.14103 49482.14485 88559.05381 119374.9533 109799.943 161925.6854 148831.3421 118957.3938 151248.6454 167643.695 177858.0384 146954.3496 202440.9483 235079.3494 195120.2086 273836.0963 231607.9502 358088.1418 277809.1829 317589.2069 229398.8113 254953.9054 231689.0313 164985.6177 77049.77871 65907.14638 18929.12574 18763.42937 2036.003905 977.5264404 63.47644073 0 0 0 0 0 0 0 0 0 0 0 0 0 0 0 0 0 0 0 0 0 0 0 0 0 0 0 0 0 0 0 0 0 0 
0 0 0 0 0 0 0 0 0 0 0 0 0 0 0 0 0 0 0 0 0 0 0 0 0 0 0 0 0 0 0 0 0 0 1.1611287e-06 25995.31397 37624.48366 104142.9718 107999.1361 109950.2035 116195.1534 129806.9436 128394.7435 107455.1827 191279.5223 186777.2651 195712.7493 250879.1116 222378.1276 206308.758 216158.9016 221554.694 277270.3541 336726.3051 304310.8134 274406.3535 277022.8231 177427.3546 103976.9588 115461.5046 78561.0569 30448.41964 4245.17368 3301.568559 1304.613531 913.7205687 0 0 0 0 0 0 0 0 0 0 0 0 0 0 0 0 0 0 0 0 0 0 0 0 0 0 0 0 0 0 0 0 0 0 
0 0 0 0 0 0 0 0 0 0 0 0 0 0 0 0 0 0 0 0 0 0 0 0 0 0 0 0 0 0 0 0 0 0 0.0002739823738 18822.5795 47690.84588 112174.2353 102697.0252 143533.0847 127350.2534 146376.6033 116776.2025 214444.1243 241697.8943 212319.0664 225248.956 212594.0606 258806.5016 226911.8282 201796.4383 260485.6289 357530.8464 327120.0123 287365.1282 274103.9685 276459.7127 250393.94 139674.2385 118817.1286 88836.47962 23228.33946 10686.47323 1625.818925 1718.198688 627.3375485 0 0 0 0 0 0 0 0 0 0 0 0 0 0 0 0 0 0 0 0 0 0 0 0 0 0 0 0 0 0 0 0 0 0 
0 0 0 0 0 0 0 0 0 0 0 0 0 0 0 0 0 0 0 0 0 0 0 0 0 0 0 0 0 0 0 0 0 0 2.610457459e-07 8311.845253 56527.97693 109031.65 88154.67934 154012.6782 141837.6 157041.0833 153878.5627 175984.6518 150902.2115 187894.2214 301294.8213 238536.8653 286319.6926 292925.4318 243987.6494 292647.3484 347770.9601 373363.2723 292652.9996 296181.0598 228275.5709 210615.9769 144784.5849 122733.0295 91835.50901 37797.36509 13118.00658 5171.318003 23.51453823 63.00698803 0 0 0 0 0 0 0 0 0 0 0 0 0 0 0 0 0 0 0 0 0 0 0 0 0 0 0 0 0 0 0 0 0 0 
0 0 0 0 0 0 0 0 0 0 0 0 0 0 0 0 0 0 0 0 0 0 0 0 0 0 0 0 0 0 0 0 0 0 9.301269724e-06 22590.30295 45533.1372 77872.35019 117719.067 131291.5774 145992.6368 196648.8028 203340.2953 171223.1778 210852.6435 214497.6498 209768.8022 240454.6956 332515.9562 247858.7944 319666.9426 336237.992 435080.2396 384845.2863 379602.551 360140.9802 290957.7931 207801.1415 213376.1227 180730.9194 99460.2752 37258.95822 7350.840441 2641.233562 55.25558021 153.855555 0 0 0 0 0 0 0 0 0 0 0 0 0 0 0 0 0 0 0 0 0 0 0 0 0 0 0 0 0 0 0 0 0 0 
0 0 0 0 0 0 0 0 0 0 0 0 0 0 0 0 0 0 0 0 0 0 0 0 0 0 0 0 0 0 0 0 0 0 1.994138773e-06 25353.74669 98711.97165 116482.9816 120858.1729 112300.1978 128536.367 143347.5476 153496.1567 186936.5475 205764.4806 199478.79 209133.1954 234738.3912 264938.0982 288116.9529 288518.7935 324520.0886 472327.2491 410675.0818 389097.2946 334730.9752 226880.539 234916.5781 201080.6984 141644.0848 75763.38081 27906.5976 11059.47315 2623.482652 3316.991724 1243.802693 0 0 0 0 0 0 0 0 0 0 0 0 0 0 0 0 0 0 0 0 0 0 0 0 0 0 0 0 0 0 0 0 0 0 
0 0 0 0 0 0 0 0 0 0 0 0 0 0 0 0 0 0 0 0 0 0 0 0 0 0 0 0 0 0 0 0 0 0 4.998841462e-05 15535.91131 59737.44593 83099.49811 86865.906 116754.3512 110868.5613 153255.4095 124239.7687 207500.5599 195765.4669 227839.4489 227434.4949 271728.7853 249250.5509 277426.345 237397.5102 319073.0166 356222.0005 417613.5361 326823.8716 324935.8491 264321.4739 184182.2255 221582.4039 115449.1182 86435.80103 38947.89481 14357.25694 1605.38849 1254.150798 702.8494572 0 0 0 0 0 0 0 0 0 0 0 0 0 0 0 0 0 0 0 0 0 0 0 0 0 0 0 0 0 0 0 0 0 0 
0 0 0 0 0 0 0 0 0 0 0 0 0 0 0 0 0 0 0 0 0 0 0 0 0 0 0 0 0 0 0 0 0 0 1.314194384e-13 14636.26277 41623.21283 102766.9823 104297.4383 122634.6682 161471.0108 91053.51034 160498.3995 167077.9242 199676.7081 175001.0418 191823.1661 213914.472 266090.8132 267153.3481 296375.6706 256000.5766 418081.8963 405389.9132 296289.9226 253769.2949 235821.4626 209892.8436 166574.9583 148376.022 92401.3 34497.80729 6273.24362 2943.150381 950.6954172 591.8673633 0 0 0 0 0 0 0 0 0 0 0 0 0 0 0 0 0 0 0 0 0 0 0 0 0 0 0 0 0 0 0 0 0 0 
0 0 0 0 0 0 0 0 0 0 0 0 0 0 0 0 0 0 0 0 0 0 0 0 0 0 0 0 0 0 0 0 0 0 0.001081481243 12818.13776 56638.96911 98711.66431 102492.5122 128325.228 137480.885 95679.51571 162675.2813 148448.2149 168344.2574 204821.7286 195364.134 238784.052 242751.9935 210394.6871 212882.7119 258277.3784 404029.2547 314314.6326 294092.7782 246116.7757 292044.7814 175507.1751 156938.2503 159619.0541 75067.53506 29155.11345 13279.45366 1825.289548 1380.605711 1465.637172 4.354430848e-13 0 0 0 0 0 0 0 0 0 0 0 0 0 0 0 0 0 0 0 0 0 0 0 0 0 0 0 0 0 0 0 0 0 
0 0 0 0 0 0 0 0 0 0 0 0 0 0 0 0 0 0 0 0 0 0 0 0 0 0 0 0 0 0 0 0 0 0 2.272501633e-06 11491.22416 57014.98983 71351.91936 80903.32895 89952.87636 107938.9657 112198.0617 112249.2922 131922.0301 169809.6097 176507.8109 188168.6162 185524.9403 284344.6851 217649.7263 269436.4393 289163.8413 289552.347 333811.7116 224629.3891 216715.7094 251726.6809 171966.0689 143195.1566 102690.4775 85005.16372 34857.09489 8524.242713 3850.53037 402.3792818 1277.659224 0 0 0 0 0 0 0 0 0 0 0 0 0 0 0 0 0 0 0 0 0 0 0 0 0 0 0 0 0 0 0 0 0 0 
0 0 0 0 0 0 0 0 0 0 0 0 0 0 0 0 0 0 0 0 0 0 0 0 0 0 0 0 0 0 0 0 0 0 4.492667844e-10 11915.3088 43524.80953 90233.03389 86550.1628 114029.2504 95890.40147 85640.76377 159784.0639 130346.423 136682.7066 166910.8448 190976.8224 223542.5312 216722.558 178244.2234 194217.0132 183681.7323 305986.3911 297720.5789 232552.0058 236025.0696 210873.1606 212579.8455 139300.0281 114717.0026 78010.40318 29724.43467 4564.821205 1083.362227 2483.680256 88.60860053 0 0 0 0 0 0 0 0 0 0 0 0 0 0 0 0 0 0 0 0 0 0 0 0 0 0 0 0 0 0 0 0 0 0 
0 0 0 0 0 0 0 0 0 0 0 0 0 0 0 0 0 0 0 0 0 0 0 0 0 0 0 0 0 0 0 0 0 0 0.09618853506 9089.224738 39222.62505 76362.00529 82737.67504 85029.22973 84277.81241 121567.1595 92441.64973 114021.794 182921.8548 116355.8035 187722.689 178141.4858 222767.0242 217565.9787 171099.3979 229143.7503 302026.0043 229808.9662 248873.4932 216502.7806 167240.0233 186677.8138 146886.8773 97871.99127 57828.95325 30326.97694 2169.076762 0.2934257547 689.9759023 976.5441101 0 0 0 0 0 0 0 0 0 0 0 0 0 0 0 0 0 0 0 0 0 0 0 0 0 0 0 0 0 0 0 0 0 0 
0 0 0 0 0 0 0 0 0 0 0 0 0 0 0 0 0 0 0 0 0 0 0 0 0 0 0 0 0 0 0 0 0 0 2.999536206e-08 9557.112638 38703.08484 96026.26581 74459.20209 83324.20779 71914.71926 82223.77115 122507.4833 89008.27531 155354.073 125598.3031 144225.6895 149735.3669 172716.4065 189849.379 160066.1504 214528.6255 228571.4622 272276.2843 176327.1126 200693.8171 169606.9295 110920.6031 91039.95113 81760.60736 44988.95894 27199.09433 18538.51162 1640.425123 1648.051279 409.3774219 0 0 0 0 0 0 0 0 0 0 0 0 0 0 0 0 0 0 0 0 0 0 0 0 0 0 0 0 0 0 0 0 0 0 
0 0 0 0 0 0 0 0 0 0 0 0 0 0 0 0 0 0 0 0 0 0 0 0 0 0 0 0 0 0 0 0 0 0 7.847336205e-07 11014.82507 51294.25557 68768.77371 59308.91182 72929.37721 82749.88753 122176.1594 90734.75054 104166.1711 121598.3393 155657.5394 143010.6308 159990.8622 169106.7747 131494.5875 159194.3268 199773.3481 181723.1093 156987.8988 191161.8564 158421.2498 149727.1369 94764.84381 62505.0464 56744.16666 23607.92126 27407.75326 5998.523704 15.75748327 319.7618208 0.6945371626 0 0 0 0 0 0 0 0 0 0 0 0 0 0 0 0 0 0 0 0 0 0 0 0 0 0 0 0 0 0 0 0 0 0 
0 0 0 0 0 0 0 0 0 0 0 0 0 0 0 0 0 0 0 0 0 0 0 0 0 0 0 0 0 0 0 0 0 0 2.184983364e-05 13855.37596 51692.92665 58516.19545 57659.81497 16893.8258 67211.49523 55551.00267 100706.7902 84565.79235 94565.83899 80156.65689 83742.35179 159216.9681 104590.6336 147461.846 157529.6271 154368.1875 187276.9449 167798.7037 134837.489 139728.7218 128812.9945 126742.0142 124443.1822 58699.01488 50913.80297 23319.17378 1935.954833 3365.295735 416.1018508 341.5033058 0 0 0 0 0 0 0 0 0 0 0 0 0 0 0 0 0 0 0 0 0 0 0 0 0 0 0 0 0 0 0 0 0 0 
0 0 0 0 0 0 0 0 0 0 0 0 0 0 0 0 0 0 0 0 0 0 0 0 0 0 0 0 0 0 0 0 0 0 1.401308232e-08 4314.723745 33064.19432 55121.5942 46993.7326 49755.62088 46068.12017 61826.26893 53511.9854 51901.02594 98253.48322 100131.3725 109366.2552 93009.52253 115940.1465 126621.039 119717.0783 123870.7806 158742.2685 165494.1685 137488.7633 115771.6901 129731.769 65851.41326 40096.56823 43233.75463 45375.06694 35673.18937 3015.053128 580.0095426 3.267369295 6.304164884 0 0 0 0 0 0 0 0 0 0 0 0 0 0 0 0 0 0 0 0 0 0 0 0 0 0 0 0 0 0 0 0 0 0 
0 0 0 0 0 0 0 0 0 0 0 0 0 0 0 0 0 0 0 0 0 0 0 0 0 0 0 0 0 0 0 0 0 0 4.354178793e-08 0.6376500815 28195.97907 32540.44199 25379.18615 30432.76365 58922.30689 36697.0316 59058.09648 67361.58113 73162.89688 72923.61289 86357.94936 101268.9427 81664.18843 95286.88631 91215.62844 78026.28268 134732.8817 101235.0628 153707.2198 84435.01073 66596.00311 92983.12031 60016.41298 44474.93765 23507.42143 9035.28858 3534.224688 1435.170694 1457.43169 569.7908479 0 0 0 0 0 0 0 0 0 0 0 0 0 0 0 0 0 0 0 0 0 0 0 0 0 0 0 0 0 0 0 0 0 0 
0 0 0 0 0 0 0 0 0 0 0 0 0 0 0 0 0 0 0 0 0 0 0 0 0 0 0 0 0 0 0 0 0 0 5.32276929e-15 8862.520867 7929.59035 26305.47415 18270.49076 37597.14543 15921.86748 41572.15011 57741.64787 52331.96585 49356.97425 49849.48968 86966.4507 69755.42554 83186.67399 81953.90951 99407.39344 71668.1073 131474.5057 94772.21545 106966.6173 95647.75051 44696.49559 61223.07018 45854.11753 43851.21889 36135.24211 17343.76723 222.4582234 66.5330501 95.12289376 1407.968519 0 0 0 0 0 0 0 0 0 0 0 0 0 0 0 0 0 0 0 0 0 0 0 0 0 0 0 0 0 0 0 0 0 0 
0 0 0 0 0 0 0 0 0 0 0 0 0 0 0 0 0 0 0 0 0 0 0 0 0 0 0 0 0 0 0 0 0 0 6.398714157e-10 2333.549512 6689.712015 9384.713362 19975.30976 32857.57435 37372.0571 12096.85449 44695.57951 34574.45323 56835.06746 71472.99898 52402.67095 39425.16693 61302.42578 44493.17226 53165.04351 78854.12927 78354.67894 70087.44071 74426.08439 51499.0059 57737.41302 34913.39019 29224.88529 16849.97843 23362.50114 8816.876651 4240.668243 159.598763 13.06323027 0.00041354467 0 0 0 0 0 0 0 0 0 0 0 0 0 0 0 0 0 0 0 0 0 0 0 0 0 0 0 0 0 0 0 0 0 0 
0 0 0 0 0 0 0 0 0 0 0 0 0 0 0 0 0 0 0 0 0 0 0 0 0 0 0 0 0 0 0 0 0 0 1.175329772e-08 2834.694198 3805.50351 10721.61295 5921.976953 20580.96972 18384.4332 16263.24858 13546.87181 26092.43822 31373.28937 17065.70758 23640.72643 27800.35853 47439.76459 27917.37625 30965.58959 37210.74305 56998.28213 47272.3199 46400.00092 49393.77728 18367.41584 28523.52002 19977.23243 9365.285339 4995.240177 3187.911808 0.1078344287 54.20357874 36.4770713 1.464596349 0 0 0 0 0 0 0 0 0 0 0 0 0 0 0 0 0 0 0 0 0 0 0 0 0 0 0 0 0 0 0 0 0 0 
0 0 0 0 0 0 0 0 0 0 0 0 0 0 0 0 0 0 0 0 0 0 0 0 0 0 0 0 0 0 0 0 0 0 0.001197320233 35.05837499 3789.191789 3285.542999 2117.793772 3638.105869 2636.640457 14703.26939 11594.18966 5821.103056 13557.90146 17255.18031 10543.33966 11781.06351 7331.59672 6030.297861 15042.46728 11059.61948 16310.37 13765.67774 11171.78038 20039.44528 8967.600393 7443.433372 6665.04073 6037.211362 9174.54669 4892.301826 761.3185444 1022.754346 31.33617846 7.205863477e-09 0 0 0 0 0 0 0 0 0 0 0 0 0 0 0 0 0 0 0 0 0 0 0 0 0 0 0 0 0 0 0 0 0 0 
0 0 0 0 0 0 0 0 0 0 0 0 0 0 0 0 0 0 0 0 0 0 0 0 0 0 0 0 0 0 0 0 0 0 0.001902731648 428.8930739 1985.772204 1410.239458 1990.965272 3448.567179 2703.626122 3160.429888 1769.546963 3738.261593 3895.411353 2821.716352 1642.793776 3809.342389 3418.074248 2541.058507 4367.921291 1997.406796 3328.136211 4850.504491 2318.769714 3168.231652 2904.736557 2091.698416 1824.118192 2474.636941 263.6225048 16.65931645 24.41765001 7.223666213 0.002620398806 33.85901981 0 0 0 0 0 0 0 0 0 0 0 0 0 0 0 0 0 0 0 0 0 0 0 0 0 0 0 0 0 0 0 0 0 0 
0 0 0 0 0 0 0 0 0 0 0 0 0 0 0 0 0 0 0 0 0 0 0 0 0 0 0 0 0 0 0 0 0 0 0 47.06564822 2.090934706 39.98136386 1.618064531 0.0001985467899 521.1297347 981.1609146 182.9227821 207.1523202 591.5995857 304.5745659 339.8893764 201.2049804 1104.415374 343.8444217 821.7420931 928.3679341 160.0236135 1183.390408 1421.32336 909.8032143 966.8808829 160.3597264 556.8610457 209.1391253 298.6180189 661.1837406 0.02500540463 1.793270586e-07 0.2427976952 4.43034526e-08 0 0 0 0 0 0 0 0 0 0 0 0 0 0 0 0 0 0 0 0 0 0 0 0 0 0 0 0 0 0 0 0 0 0 
0 0 0 0 0 0 0 0 0 0 0 0 0 0 0 0 0 0 0 0 0 0 0 0 0 0 0 0 0 0 0 0 0 0 0 0.0003936623985 1.006041881 0.6236996008 1.32492623 0.09981215076 0.1002107716 7.321884889e-05 1.398828914 0.05331654731 3.839301848 3.997776229 1.526737352 3.691158774 6.114315326 14.70388806 2.919740544 3.660572141 6.324868636 2.247495629 6.921813065 5.688883243 6.829750153 6.212142161 9.439845665 3.587213205 0.4596579146 0.02050541653 2.782283137 0.0008653509646 1.171798096e-05 0 0 0 0 0 0 0 0 0 0 0 0 0 0 0 0 0 0 0 0 0 0 0 0 0 0 0 0 0 0 0 0 0 0 0 
0 0 0 0 0 0 0 0 0 0 0 0 0 0 0 0 0 0 0 0 0 0 0 0 0 0 0 0 0 0 0 0 0 0 1.709796538e-18 1.77854657e-12 0.02006557703 0.001467574263 5.642951727e-08 0.03802397673 0.001459540388 0.04007168711 0.0006489460183 0.01907209295 0.01251329939 0.001544004647 0.001401429269 0.008046684906 0.003227433105 0.007505848268 0.007830859289 0.005078204454 0.2684429542 0.08980111486 0.004002016351 0.04676075045 0.02275015802 0.04431046659 0.01849270168 0.00934019404 0.08690272818 0.01406935705 0.004148097355 9.252060236e-07 2.937141393e-06 0 0 0 0 0 0 0 0 0 0 0 0 0 0 0 0 0 0 0 0 0 0 0 0 0 0 0 0 0 0 0 0 0 0 0 
0 0 0 0 0 0 0 0 0 0 0 0 0 0 0 0 0 0 0 0 0 0 0 0 0 0 0 0 0 0 0 0 0 0 0 6.589326275e-08 0 7.714998094e-08 1.265169654e-05 3.556033071e-07 1.460147201e-07 8.6399133e-08 1.238615243e-05 2.668379378e-08 5.434962989e-07 7.05816451e-09 4.676008629e-07 4.330039316e-06 3.790132324e-07 3.108639189e-05 1.55531047e-08 3.27733273e-06 9.501979122e-06 9.545451633e-07 5.211090913e-06 2.286225173e-12 1.993620397e-12 4.889956074e-15 2.932638749e-10 1.452373476e-13 1.513105847e-08 7.715677511e-09 5.442355777e-09 1.819782529e-09 4.341575813e-22 5.004300514e-15 0 0 0 0 0 0 0 0 0 0 0 0 0 0 0 0 0 0 0 0 0 0 0 0 0 0 0 0 0 0 0 0 0 0 
0 0 0 0 0 0 0 0 0 0 0 0 0 0 0 0 0 0 0 0 0 0 0 0 0 0 0 0 0 0 0 0 0 0 0 0 0 0 1.227569924e-23 0 0 0 4.225265025e-14 0 0 0 0 0 2.663301026e-15 1.021647947e-18 0 1.13382008e-14 1.083895302e-16 6.233386903e-15 6.265009796e-14 1.58867035e-19 0 0 4.986836313e-16 0 4.608346583e-35 0 3.112990215e-22 0 0 0 0 0 0 0 0 0 0 0 0 0 0 0 0 0 0 0 0 0 0 0 0 0 0 0 0 0 0 0 0 0 0 0 0 0 
0 0 0 0 0 0 0 0 0 0 0 0 0 0 0 0 0 0 0 0 0 0 0 0 0 0 0 0 0 0 0 0 0 0 0 0 0 0 0 0 0 0 0 0 0 0 0 0 0 0 0 0 0 0 0 0 0 0 0 0 0 0 0 0 0 0 0 0 0 0 0 0 0 0 0 0 0 0 0 0 0 0 0 0 0 0 0 0 0 0 0 0 0 0 0 0 0 0 0 0 
0 0 0 0 0 0 0 0 0 0 0 0 0 0 0 0 0 0 0 0 0 0 0 0 0 0 0 0 0 0 0 0 0 0 0 0 0 0 0 0 0 0 0 0 0 0 0 0 0 0 0 0 0 0 0 0 0 0 0 0 0 0 0 0 0 0 0 0 0 0 0 0 0 0 0 0 0 0 0 0 0 0 0 0 0 0 0 0 0 0 0 0 0 0 0 0 0 0 0 0 
0 0 0 0 0 0 0 0 0 0 0 0 0 0 0 0 0 0 0 0 0 0 0 0 0 0 0 0 0 0 0 0 0 0 0 0 0 0 0 0 0 0 0 0 0 0 0 0 0 0 0 0 0 0 0 0 0 0 0 0 0 0 0 0 0 0 0 0 0 0 0 0 0 0 0 0 0 0 0 0 0 0 0 0 0 0 0 0 0 0 0 0 0 0 0 0 0 0 0 0 
0 0 0 0 0 0 0 0 0 0 0 0 0 0 0 0 0 0 0 0 0 0 0 0 0 0 0 0 0 0 0 0 0 0 0 0 0 0 0 0 0 0 0 0 0 0 0 0 0 0 0 0 0 0 0 0 0 0 0 0 0 0 0 0 0 0 0 0 0 0 0 0 0 0 0 0 0 0 0 0 0 0 0 0 0 0 0 0 0 0 0 0 0 0 0 0 0 0 0 0 
0 0 0 0 0 0 0 0 0 0 0 0 0 0 0 0 0 0 0 0 0 0 0 0 0 0 0 0 0 0 0 0 0 0 0 0 0 0 0 0 0 0 0 0 0 0 0 0 0 0 0 0 0 0 0 0 0 0 0 0 0 0 0 0 0 0 0 0 0 0 0 0 0 0 0 0 0 0 0 0 0 0 0 0 0 0 0 0 0 0 0 0 0 0 0 0 0 0 0 0 
0 0 0 0 0 0 0 0 0 0 0 0 0 0 0 0 0 0 0 0 0 0 0 0 0 0 0 0 0 0 0 0 0 0 0 0 0 0 0 0 0 0 0 0 0 0 0 0 0 0 0 0 0 0 0 0 0 0 0 0 0 0 0 0 0 0 0 0 0 0 0 0 0 0 0 0 0 0 0 0 0 0 0 0 0 0 0 0 0 0 0 0 0 0 0 0 0 0 0 0 
0 0 0 0 0 0 0 0 0 0 0 0 0 0 0 0 0 0 0 0 0 0 0 0 0 0 0 0 0 0 0 0 0 0 0 0 0 0 0 0 0 0 0 0 0 0 0 0 0 0 0 0 0 0 0 0 0 0 0 0 0 0 0 0 0 0 0 0 0 0 0 0 0 0 0 0 0 0 0 0 0 0 0 0 0 0 0 0 0 0 0 0 0 0 0 0 0 0 0 0 
0 0 0 0 0 0 0 0 0 0 0 0 0 0 0 0 0 0 0 0 0 0 0 0 0 0 0 0 0 0 0 0 0 0 0 0 0 0 0 0 0 0 0 0 0 0 0 0 0 0 0 0 0 0 0 0 0 0 0 0 0 0 0 0 0 0 0 0 0 0 0 0 0 0 0 0 0 0 0 0 0 0 0 0 0 0 0 0 0 0 0 0 0 0 0 0 0 0 0 0 
0 0 0 0 0 0 0 0 0 0 0 0 0 0 0 0 0 0 0 0 0 0 0 0 0 0 0 0 0 0 0 0 0 0 0 0 0 0 0 0 0 0 0 0 0 0 0 0 0 0 0 0 0 0 0 0 0 0 0 0 0 0 0 0 0 0 0 0 0 0 0 0 0 0 0 0 0 0 0 0 0 0 0 0 0 0 0 0 0 0 0 0 0 0 0 0 0 0 0 0 
0 0 0 0 0 0 0 0 0 0 0 0 0 0 0 0 0 0 0 0 0 0 0 0 0 0 0 0 0 0 0 0 0 0 0 0 0 0 0 0 0 0 0 0 0 0 0 0 0 0 0 0 0 0 0 0 0 0 0 0 0 0 0 0 0 0 0 0 0 0 0 0 0 0 0 0 0 0 0 0 0 0 0 0 0 0 0 0 0 0 0 0 0 0 0 0 0 0 0 0 
0 0 0 0 0 0 0 0 0 0 0 0 0 0 0 0 0 0 0 0 0 0 0 0 0 0 0 0 0 0 0 0 0 0 0 0 0 0 0 0 0 0 0 0 0 0 0 0 0 0 0 0 0 0 0 0 0 0 0 0 0 0 0 0 0 0 0 0 0 0 0 0 0 0 0 0 0 0 0 0 0 0 0 0 0 0 0 0 0 0 0 0 0 0 0 0 0 0 0 0 
0 0 0 0 0 0 0 0 0 0 0 0 0 0 0 0 0 0 0 0 0 0 0 0 0 0 0 0 0 0 0 0 0 0 0 0 0 0 0 0 0 0 0 0 0 0 0 0 0 0 0 0 0 0 0 0 0 0 0 0 0 0 0 0 0 0 0 0 0 0 0 0 0 0 0 0 0 0 0 0 0 0 0 0 0 0 0 0 0 0 0 0 0 0 0 0 0 0 0 0 
0 0 0 0 0 0 0 0 0 0 0 0 0 0 0 0 0 0 0 0 0 0 0 0 0 0 0 0 0 0 0 0 0 0 0 0 0 0 0 0 0 0 0 0 0 0 0 0 0 0 0 0 0 0 0 0 0 0 0 0 0 0 0 0 0 0 0 0 0 0 0 0 0 0 0 0 0 0 0 0 0 0 0 0 0 0 0 0 0 0 0 0 0 0 0 0 0 0 0 0 
0 0 0 0 0 0 0 0 0 0 0 0 0 0 0 0 0 0 0 0 0 0 0 0 0 0 0 0 0 0 0 0 0 0 0 0 0 0 0 0 0 0 0 0 0 0 0 0 0 0 0 0 0 0 0 0 0 0 0 0 0 0 0 0 0 0 0 0 0 0 0 0 0 0 0 0 0 0 0 0 0 0 0 0 0 0 0 0 0 0 0 0 0 0 0 0 0 0 0 0 
0 0 0 0 0 0 0 0 0 0 0 0 0 0 0 0 0 0 0 0 0 0 0 0 0 0 0 0 0 0 0 0 0 0 0 0 0 0 0 0 0 0 0 0 0 0 0 0 0 0 0 0 0 0 0 0 0 0 0 0 0 0 0 0 0 0 0 0 0 0 0 0 0 0 0 0 0 0 0 0 0 0 0 0 0 0 0 0 0 0 0 0 0 0 0 0 0 0 0 0 
0 0 0 0 0 0 0 0 0 0 0 0 0 0 0 0 0 0 0 0 0 0 0 0 0 0 0 0 0 0 0 0 0 0 0 0 0 0 0 0 0 0 0 0 0 0 0 0 0 0 0 0 0 0 0 0 0 0 0 0 0 0 0 0 0 0 0 0 0 0 0 0 0 0 0 0 0 0 0 0 0 0 0 0 0 0 0 0 0 0 0 0 0 0 0 0 0 0 0 0 
0 0 0 0 0 0 0 0 0 0 0 0 0 0 0 0 0 0 0 0 0 0 0 0 0 0 0 0 0 0 0 0 0 0 0 0 0 0 0 0 0 0 0 0 0 0 0 0 0 0 0 0 0 0 0 0 0 0 0 0 0 0 0 0 0 0 0 0 0 0 0 0 0 0 0 0 0 0 0 0 0 0 0 0 0 0 0 0 0 0 0 0 0 0 0 0 0 0 0 0 
0 0 0 0 0 0 0 0 0 0 0 0 0 0 0 0 0 0 0 0 0 0 0 0 0 0 0 0 0 0 0 0 0 0 0 0 0 0 0 0 0 0 0 0 0 0 0 0 0 0 0 0 0 0 0 0 0 0 0 0 0 0 0 0 0 0 0 0 0 0 0 0 0 0 0 0 0 0 0 0 0 0 0 0 0 0 0 0 0 0 0 0 0 0 0 0 0 0 0 0 
0 0 0 0 0 0 0 0 0 0 0 0 0 0 0 0 0 0 0 0 0 0 0 0 0 0 0 0 0 0 0 0 0 0 0 0 0 0 0 0 0 0 0 0 0 0 0 0 0 0 0 0 0 0 0 0 0 0 0 0 0 0 0 0 0 0 0 0 0 0 0 0 0 0 0 0 0 0 0 0 0 0 0 0 0 0 0 0 0 0 0 0 0 0 0 0 0 0 0 0 
0 0 0 0 0 0 0 0 0 0 0 0 0 0 0 0 0 0 0 0 0 0 0 0 0 0 0 0 0 0 0 0 0 0 0 0 0 0 0 0 0 0 0 0 0 0 0 0 0 0 0 0 0 0 0 0 0 0 0 0 0 0 0 0 0 0 0 0 0 0 0 0 0 0 0 0 0 0 0 0 0 0 0 0 0 0 0 0 0 0 0 0 0 0 0 0 0 0 0 0 
0 0 0 0 0 0 0 0 0 0 0 0 0 0 0 0 0 0 0 0 0 0 0 0 0 0 0 0 0 0 0 0 0 0 0 0 0 0 0 0 0 0 0 0 0 0 0 0 0 0 0 0 0 0 0 0 0 0 0 0 0 0 0 0 0 0 0 0 0 0 0 0 0 0 0 0 0 0 0 0 0 0 0 0 0 0 0 0 0 0 0 0 0 0 0 0 0 0 0 0 
0 0 0 0 0 0 0 0 0 0 0 0 0 0 0 0 0 0 0 0 0 0 0 0 0 0 0 0 0 0 0 0 0 0 0 0 0 0 0 0 0 0 0 0 0 0 0 0 0 0 0 0 0 0 0 0 0 0 0 0 0 0 0 0 0 0 0 0 0 0 0 0 0 0 0 0 0 0 0 0 0 0 0 0 0 0 0 0 0 0 0 0 0 0 0 0 0 0 0 0 
# Errors [kim/kristine.dat] I_err:
0 0 0 0 0 0 0 0 0 0 0 0 0 0 0 0 0 0 0 0 0 0 0 0 0 0 0 0 0 0 0 0 0 0 0 0 0 0 0 0 0 0 0 0 0 0 0 0 0 0 0 0 0 0 0 0 0 0 0 0 0 0 0 0 0 0 0 0 0 0 0 0 0 0 0 0 0 0 0 0 0 0 0 0 0 0 0 0 0 0 0 0 0 0 0 0 0 0 0 0 
0 0 0 0 0 0 0 0 0 0 0 0 0 0 0 0 0 0 0 0 0 0 0 0 0 0 0 0 0 0 0 0 0 0 0 0 0 0 0 0 0 0 0 0 0 0 0 0 0 0 0 0 0 0 0 0 0 0 0 0 0 0 0 0 0 0 0 0 0 0 0 0 0 0 0 0 0 0 0 0 0 0 0 0 0 0 0 0 0 0 0 0 0 0 0 0 0 0 0 0 
0 0 0 0 0 0 0 0 0 0 0 0 0 0 0 0 0 0 0 0 0 0 0 0 0 0 0 0 0 0 0 0 0 0 0 0 0 0 0 0 0 0 0 0 0 0 0 0 0 0 0 0 0 0 0 0 0 0 0 0 0 0 0 0 0 0 0 0 0 0 0 0 0 0 0 0 0 0 0 0 0 0 0 0 0 0 0 0 0 0 0 0 0 0 0 0 0 0 0 0 
0 0 0 0 0 0 0 0 0 0 0 0 0 0 0 0 0 0 0 0 0 0 0 0 0 0 0 0 0 0 0 0 0 0 0 0 0 0 0 0 0 0 0 0 0 0 0 0 0 0 0 0 0 0 0 0 0 0 0 0 0 0 0 0 0 0 0 0 0 0 0 0 0 0 0 0 0 0 0 0 0 0 0 0 0 0 0 0 0 0 0 0 0 0 0 0 0 0 0 0 
0 0 0 0 0 0 0 0 0 0 0 0 0 0 0 0 0 0 0 0 0 0 0 0 0 0 0 0 0 0 0 0 0 0 0 0 0 0 0 0 0 0 0 0 0 0 0 0 0 0 0 0 0 0 0 0 0 0 0 0 0 0 0 0 0 0 0 0 0 0 0 0 0 0 0 0 0 0 0 0 0 0 0 0 0 0 0 0 0 0 0 0 0 0 0 0 0 0 0 0 
0 0 0 0 0 0 0 0 0 0 0 0 0 0 0 0 0 0 0 0 0 0 0 0 0 0 0 0 0 0 0 0 0 0 0 0 0 0 0 0 0 0 0 0 0 0 0 0 0 0 0 0 0 0 0 0 0 0 0 0 0 0 0 0 0 0 0 0 0 0 0 0 0 0 0 0 0 0 0 0 0 0 0 0 0 0 0 0 0 0 0 0 0 0 0 0 0 0 0 0 
0 0 0 0 0 0 0 0 0 0 0 0 0 0 0 0 0 0 0 0 0 0 0 0 0 0 0 0 0 0 0 0 0 0 0 0 0 0 0 0 0 0 0 0 0 0 0 0 0 0 0 0 0 0 0 0 0 0 0 0 0 0 0 0 0 0 0 0 0 0 0 0 0 0 0 0 0 0 0 0 0 0 0 0 0 0 0 0 0 0 0 0 0 0 0 0 0 0 0 0 
0 0 0 0 0 0 0 0 0 0 0 0 0 0 0 0 0 0 0 0 0 0 0 0 0 0 0 0 0 0 0 0 0 0 0 0 0 0 0 0 0 0 0 0 0 0 0 0 0 0 0 0 0 0 0 0 0 0 0 0 0 0 0 0 0 0 0 0 0 0 0 0 0 0 0 0 0 0 0 0 0 0 0 0 0 0 0 0 0 0 0 0 0 0 0 0 0 0 0 0 
0 0 0 0 0 0 0 0 0 0 0 0 0 0 0 0 0 0 0 0 0 0 0 0 0 0 0 0 0 0 0 0 0 0 0 0 0 0 0 0 0 0 0 0 0 0 0 0 0 0 0 0 0 0 0 0 0 0 0 0 0 0 0 0 0 0 0 0 0 0 0 0 0 0 0 0 0 0 0 0 0 0 0 0 0 0 0 0 0 0 0 0 0 0 0 0 0 0 0 0 
0 0 0 0 0 0 0 0 0 0 0 0 0 0 0 0 0 0 0 0 0 0 0 0 0 0 0 0 0 0 0 0 0 0 0 0 0 0 0 0 0 0 0 0 0 0 0 0 0 0 0 0 0 0 0 0 0 0 0 0 0 0 0 0 0 0 0 0 0 0 0 0 0 0 0 0 0 0 0 0 0 0 0 0 0 0 0 0 0 0 0 0 0 0 0 0 0 0 0 0 
0 0 0 0 0 0 0 0 0 0 0 0 0 0 0 0 0 0 0 0 0 0 0 0 0 0 0 0 0 0 0 0 0 0 0 0 0 0 0 0 0 0 0 0 0 0 0 0 0 0 0 0 0 0 0 0 0 0 0 0 0 0 0 0 0 0 0 0 0 0 0 0 0 0 0 0 0 0 0 0 0 0 0 0 0 0 0 0 0 0 0 0 0 0 0 0 0 0 0 0 
0 0 0 0 0 0 0 0 0 0 0 0 0 0 0 0 0 0 0 0 0 0 0 0 0 0 0 0 0 0 0 0 0 0 0 0 0 0 0 0 0 0 0 0 0 0 0 0 0 0 0 0 0 0 0 0 0 0 0 0 0 0 0 0 0 0 0 0 0 0 0 0 0 0 0 0 0 0 0 0 0 0 0 0 0 0 0 0 0 0 0 0 0 0 0 0 0 0 0 0 
0 0 0 0 0 0 0 0 0 0 0 0 0 0 0 0 0 0 0 0 0 0 0 0 0 0 0 0 0 0 0 0 0 0 0 0 0 0 0 0 0 0 0 0 0 0 0 0 0 0 0 0 0 0 0 0 0 0 0 0 0 0 0 0 0 0 0 0 0 0 0 0 0 0 0 0 0 0 0 0 0 0 0 0 0 0 0 0 0 0 0 0 0 0 0 0 0 0 0 0 
0 0 0 0 0 0 0 0 0 0 0 0 0 0 0 0 0 0 0 0 0 0 0 0 0 0 0 0 0 0 0 0 0 0 0 0 0 0 0 0 0 0 0 0 0 0 0 0 0 0 0 0 0 0 0 0 0 0 0 0 0 0 0 0 0 0 0 0 0 0 0 0 0 0 0 0 0 0 0 0 0 0 0 0 0 0 0 0 0 0 0 0 0 0 0 0 0 0 0 0 
0 0 0 0 0 0 0 0 0 0 0 0 0 0 0 0 0 0 0 0 0 0 0 0 0 0 0 0 0 0 0 0 0 0 0 0 0 0 0 0 0 0 0 0 0 0 0 0 0 0 0 0 0 0 0 0 0 0 0 0 0 0 0 0 0 0 0 0 0 0 0 0 0 0 0 0 0 0 0 0 0 0 0 0 0 0 0 0 0 0 0 0 0 0 0 0 0 0 0 0 
0 0 0 0 0 0 0 0 0 0 0 0 0 0 0 0 0 0 0 0 0 0 0 0 0 0 0 0 0 0 0 0 0 0 0 0 0 0 0 0 0 0 0 0 0 0 0 0 0 0 0 0 0 0 0 0 0 0 0 0 0 0 0 0 0 0 0 0 0 0 0 0 0 0 0 0 0 0 0 0 0 0 0 0 0 0 0 0 0 0 0 0 0 0 0 0 0 0 0 0 
0 0 0 0 0 0 0 0 0 0 0 0 0 0 0 0 0 0 0 0 0 0 0 0 0 0 0 0 0 0 0 0 0 0 0 0 0 0 0 0 0 0 0 0 0 0 0 0 0 0 0 0 0 0 0 0 0 0 0 0 0 0 0 0 0 0 0 0 0 0 0 0 0 0 0 0 0 0 0 0 0 0 0 0 0 0 0 0 0 0 0 0 0 0 0 0 0 0 0 0 
0 0 0 0 0 0 0 0 0 0 0 0 0 0 0 0 0 0 0 0 0 0 0 0 0 0 0 0 0 0 0 0 0 0 0 0 0 0 0 0 0 0 0 0 0 0 0 0 0 0 0 0 0 0 0 0 0 0 0 0 0 0 0 0 0 0 0 0 0 0 0 0 0 0 0 0 0 0 0 0 0 0 0 0 0 0 0 0 0 0 0 0 0 0 0 0 0 0 0 0 
0 0 0 0 0 0 0 0 0 0 0 0 0 0 0 0 0 0 0 0 0 0 0 0 0 0 0 0 0 0 0 0 0 0 0 0 0 0 0 0 0 0 0 0 0 0 0 0 0 0 0 0 0 0 0 0 0 0 0 0 0 0 0 0 0 0 0 0 0 0 0 0 0 0 0 0 0 0 0 0 0 0 0 0 0 0 0 0 0 0 0 0 0 0 0 0 0 0 0 0 
0 0 0 0 0 0 0 0 0 0 0 0 0 0 0 0 0 0 0 0 0 0 0 0 0 0 0 0 0 0 0 0 0 0 0 0 0 0 0 0 0 0 0 0 0 0 0 0 0 0 0 0 0 0 0 0 0 0 0 0 0 0 0 0 0 0 0 0 0 0 0 0 0 0 0 0 0 0 0 0 0 0 0 0 0 0 0 0 0 0 0 0 0 0 0 0 0 0 0 0 
0 0 0 0 0 0 0 0 0 0 0 0 0 0 0 0 0 0 0 0 0 0 0 0 0 0 0 0 0 0 0 0 0 0 0 0 0 0 0 0 0 0 0 0 0 0 0 0 0 0 0 0 0 0 0 0 0 0 0 0 0 0 0 0 0 0 0 0 0 0 0 0 0 0 0 0 0 0 0 0 0 0 0 0 0 0 0 0 0 0 0 0 0 0 0 0 0 0 0 0 
0 0 0 0 0 0 0 0 0 0 0 0 0 0 0 0 0 0 0 0 0 0 0 0 0 0 0 0 0 0 0 0 0 0 0 0 0 0 0 0 0 0 0 0 0 0 0 0 0 0 0 0 0 0 0 0 0 0 0 0 0 0 0 0 0 0 0 0 0 0 0 0 0 0 0 0 0 0 0 0 0 0 0 0 0 0 0 0 0 0 0 0 0 0 0 0 0 0 0 0 
0 0 0 0 0 0 0 0 0 0 0 0 0 0 0 0 0 0 0 0 0 0 0 0 0 0 0 0 0 0 0 0 0 0 0 0 0 0 0 0 0 0 2.676951198e-14 1.341654824e-13 0 3.137286158e-28 0 2.995860917e-14 4.029440879e-14 0 0 4.038539176e-23 2.475136923e-15 0 0 0 0 3.521990598e-15 4.862508525e-15 2.019656223e-15 0 0 0 0 0 0 0 0 0 0 0 0 0 0 0 0 0 0 0 0 0 0 0 0 0 0 0 0 0 0 0 0 0 0 0 0 0 0 0 0 
0 0 0 0 0 0 0 0 0 0 0 0 0 0 0 0 0 0 0 0 0 0 0 0 0 0 0 0 0 0 0 0 0 0 8.688117406e-23 1.234256605e-13 2.908455577e-14 0 2.613183455e-05 1.520742401e-06 1.663205065e-13 7.352382559e-08 3.579840085e-07 7.482772802e-06 8.342274037e-10 1.678385034e-05 3.689293784e-06 1.65770055e-06 8.311724754e-07 3.613234312e-07 1.94092292e-07 1.541054504e-05 9.626482266e-07 3.23332181e-07 7.935016925e-07 1.391766503e-06 6.880696923e-06 3.241438766e-07 7.761406545e-07 4.308051376e-15 4.018249887e-13 6.620804304e-07 0 0 0 0 0 0 0 0 0 0 0 0 0 0 0 0 0 0 0 0 0 0 0 0 0 0 0 0 0 0 0 0 0 0 0 0 0 0 
0 0 0 0 0 0 0 0 0 0 0 0 0 0 0 0 0 0 0 0 0 0 0 0 0 0 0 0 0 0 0 0 0 0 1.405756784e-16 2.103593199e-10 0 4.966150727e-07 0.02824604391 6.405128139e-07 0.001713520085 0.02842095074 9.662866845e-06 0.04737136109 0.004749313626 0.5560407802 0.0030651488 0.01264007662 0.008486975973 0.02172517226 0.0001051869979 0.008899323763 0.001682596082 0.1362425679 0.06700409181 0.3200112081 0.009661872477 0.02169245418 2.109189795e-05 2.594201171e-06 0.0006261995975 0.003085096152 6.681154436e-06 1.575180784e-08 5.842000612e-07 8.485250677e-08 0 0 0 0 0 0 0 0 0 0 0 0 0 0 0 0 0 0 0 0 0 0 0 0 0 0 0 0 0 0 0 0 0 0 
0 0 0 0 0 0 0 0 0 0 0 0 0 0 0 0 0 0 0 0 0 0 0 0 0 0 0 0 0 0 0 0 0 0 1.345057995e-13 1.070745029 1.066023534 0.02258137616 0.7125977675 4.339738201 0.007137098629 3.346307545 1.730994444 0.8597260193 0.7741718481 0.5605045286 0.2551149975 0.86181136 3.11726865 5.813989884 2.894853317 341.4573879 7.924724496 150.9306175 1.52795867 8.150606122 10.78758968 0.6679590904 4.5741021 0.1631974277 0.2352614834 0.4510097542 0.02674146427 2.287555885e-12 1.977138749e-07 0 0 0 0 0 0 0 0 0 0 0 0 0 0 0 0 0 0 0 0 0 0 0 0 0 0 0 0 0 0 0 0 0 0 0 
0 0 0 0 0 0 0 0 0 0 0 0 0 0 0 0 0 0 0 0 0 0 0 0 0 0 0 0 0 0 0 0 0 0 2.960607461e-08 0.3438729317 3.380979393 482.6246304 423.8666961 565.4962642 227.9390035 0.2606538616 108.5615013 475.3570472 307.6472772 348.60939 741.9611493 362.0405914 724.9898338 295.8498436 505.8804863 663.4051709 634.409045 439.109536 831.8506222 682.3781083 338.9410331 518.9702814 338.0145755 232.010565 319.7284661 0.008423115035 4.087337202 0.01874810423 1.99702662e-07 0.001196858736 0 0 0 0 0 0 0 0 0 0 0 0 0 0 0 0 0 0 0 0 0 0 0 0 0 0 0 0 0 0 0 0 0 0 
0 0 0 0 0 0 0 0 0 0 0 0 0 0 0 0 0 0 0 0 0 0 0 0 0 0 0 0 0 0 0 0 0 0 5.217175203e-06 1.708762481e-13 988.3990112 684.978813 1838.036741 755.8203886 612.6411326 1546.552452 739.9221521 1372.536311 2029.734654 984.952873 1156.750742 1158.464888 1509.465748 1083.508234 1508.762207 1293.310156 2833.547293 768.3978207 1368.98461 1353.399038 1198.669012 1162.995888 870.4350734 1507.425262 461.9277575 560.5569475 49.57359752 2.089914264 19.66822319 5.821937181e-07 0 0 0 0 0 0 0 0 0 0 0 0 0 0 0 0 0 0 0 0 0 0 0 0 0 0 0 0 0 0 0 0 0 0 
0 0 0 0 0 0 0 0 0 0 0 0 0 0 0 0 0 0 0 0 0 0 0 0 0 0 0 0 0 0 0 0 0 0 0 3196.539104 1526.37931 1382.672898 624.0366482 2823.138264 4868.861995 3843.975079 4870.88553 3247.934012 1519.226059 3678.826447 5629.71882 4061.048543 4340.741038 3489.151661 5338.935686 4228.501714 6742.640117 7224.198823 5964.585705 4285.690476 6097.270239 4382.742536 3482.129911 1870.563193 2142.373278 373.4768572 160.5834464 46.51464967 3.470717572 13.59874126 0 0 0 0 0 0 0 0 0 0 0 0 0 0 0 0 0 0 0 0 0 0 0 0 0 0 0 0 0 0 0 0 0 0 
0 0 0 0 0 0 0 0 0 0 0 0 0 0 0 0 0 0 0 0 0 0 0 0 0 0 0 0 0 0 0 0 0 0 0 973.9759871 1263.698641 6312.283953 6807.987285 7755.771953 4697.511362 5518.588456 4877.121975 6312.275847 5761.079073 9189.124534 8562.413987 8632.628025 10723.56819 6746.683012 8463.561196 10534.22927 11945.36442 9373.938255 9418.557315 7998.736722 11390.07047 7428.971103 7290.335097 4966.795976 7033.040245 5529.883623 770.1315718 847.4089373 848.5313921 0 0 0 0 0 0 0 0 0 0 0 0 0 0 0 0 0 0 0 0 0 0 0 0 0 0 0 0 0 0 0 0 0 0 0 
0 0 0 0 0 0 0 0 0 0 0 0 0 0 0 0 0 0 0 0 0 0 0 0 0 0 0 0 0 0 0 0 0 0 6.148590394e-06 2626.26794 6761.698438 8169.236751 9850.665391 6629.422197 6623.397871 9232.036114 9608.872992 8823.052298 11518.51653 9908.755123 12272.34573 10808.13935 12220.35197 10398.41765 15832.15849 12623.10222 15761.41603 11201.06436 13627.14134 13982.76334 10045.25008 10770.52118 10818.90879 7503.496854 6542.829986 3901.973805 1300.691623 933.4968951 126.1658436 521.1845131 0 0 0 0 0 0 0 0 0 0 0 0 0 0 0 0 0 0 0 0 0 0 0 0 0 0 0 0 0 0 0 0 0 0 
0 0 0 0 0 0 0 0 0 0 0 0 0 0 0 0 0 0 0 0 0 0 0 0 0 0 0 0 0 0 0 0 0 0 0 1401.440393 5849.382926 8471.040673 6710.003946 7555.5814 10776.9978 7759.547356 9854.511279 10559.64381 11515.37652 12251.06994 14359.00136 15953.28888 15312.11479 17757.24876 15120.37186 16183.26274 15418.12783 18668.92527 14773.76174 16397.23104 13113.06478 15414.58324 14335.8703 11615.88897 8212.151084 3338.066773 363.3375214 90.27429936 237.3022569 65.086481 0 0 0 0 0 0 0 0 0 0 0 0 0 0 0 0 0 0 0 0 0 0 0 0 0 0 0 0 0 0 0 0 0 0 
0 0 0 0 0 0 0 0 0 0 0 0 0 0 0 0 0 0 0 0 0 0 0 0 0 0 0 0 0 0 0 0 0 0 0.0002514166277 6873.248349 9215.229993 10128.33571 11798.404 12451.24841 9747.82818 9882.837161 14048.134 14892.00221 17960.07394 13823.92035 14958.46624 18465.10788 16208.93378 16288.82993 16012.71567 16309.43493 20056.31248 19914.37689 21814.05459 16405.43905 17006.68617 16603.12046 11819.20587 12218.88886 8366.783499 5899.913465 2077.082028 1739.139473 1047.997293 0 0 0 0 0 0 0 0 0 0 0 0 0 0 0 0 0 0 0 0 0 0 0 0 0 0 0 0 0 0 0 0 0 0 0 
0 0 0 0 0 0 0 0 0 0 0 0 0 0 0 0 0 0 0 0 0 0 0 0 0 0 0 0 0 0 0 0 0 0 2.991879761e-07 5041.88164 6349.140761 12262.98311 12712.1703 12171.59943 10839.37889 11891.9705 14804.19839 19473.02844 15574.39854 17260.03258 17507.51594 20301.62536 19253.80553 20390.36743 16250.23828 21332.22291 22012.08236 25140.7677 22022.81395 23223.09432 19582.08636 17200.10798 11728.12465 14093.03241 12800.3445 6951.412583 1466.144061 688.4511083 602.5468323 1.140269739 0 0 0 0 0 0 0 0 0 0 0 0 0 0 0 0 0 0 0 0 0 0 0 0 0 0 0 0 0 0 0 0 0 0 
0 0 0 0 0 0 0 0 0 0 0 0 0 0 0 0 0 0 0 0 0 0 0 0 0 0 0 0 0 0 0 0 0 0 0 5944.165819 12889.0507 13873.06957 14450.15859 12843.70555 12842.76391 13906.40131 12386.67479 17499.88404 16971.26899 18735.77345 21683.70291 19482.64331 20897.72435 21576.07705 20271.32351 19455.32079 24104.17365 25690.09477 25770.35196 27209.87489 20666.33711 18203.31272 15697.67603 14015.01758 12580.83323 7826.826193 5349.585321 1756.833944 1225.532903 174.0973176 0 0 0 0 0 0 0 0 0 0 0 0 0 0 0 0 0 0 0 0 0 0 0 0 0 0 0 0 0 0 0 0 0 0 
0 0 0 0 0 0 0 0 0 0 0 0 0 0 0 0 0 0 0 0 0 0 0 0 0 0 0 0 0 0 0 0 0 0 1.206522773e-05 8627.243039 10912.93039 13515.3601 16169.27522 16109.17842 15911.55753 18777.72553 15711.14843 17243.05552 20430.45705 21083.55218 20692.58929 26000.49022 22601.43142 20834.58109 18004.69937 19362.85054 29508.07961 25058.67171 23373.14033 25334.09701 18627.3102 19801.97882 16858.94832 16505.88009 15291.0403 7465.154943 4182.706699 326.0273986 520.3085964 0 0 0 0 0 0 0 0 0 0 0 0 0 0 0 0 0 0 0 0 0 0 0 0 0 0 0 0 0 0 0 0 0 0 0 
0 0 0 0 0 0 0 0 0 0 0 0 0 0 0 0 0 0 0 0 0 0 0 0 0 0 0 0 0 0 0 0 0 0 0.0001403264161 5790.186721 11706.53279 14996.7436 14572.5041 15313.32048 15037.21412 16166.53619 17472.06247 22507.17808 19468.09131 18656.89043 20993.13547 23085.68764 24236.04154 19908.40622 20235.37208 22774.87433 27335.21886 32048.40573 28093.23103 26834.08174 23615.20281 20548.48803 20931.04102 15966.6731 13920.26421 8451.643621 2079.083455 886.9696054 691.5139401 511.994531 0 0 0 0 0 0 0 0 0 0 0 0 0 0 0 0 0 0 0 0 0 0 0 0 0 0 0 0 0 0 0 0 0 0 
0 0 0 0 0 0 0 0 0 0 0 0 0 0 0 0 0 0 0 0 0 0 0 0 0 0 0 0 0 0 0 0 0 0 0.2535588526 4740.733158 14719.67962 17203.98838 17445.93945 15505.71639 17771.06906 21236.62706 17800.11644 22016.91756 23821.83489 21045.74459 23471.22557 23764.37857 23959.84152 23255.89601 21182.73352 25886.31788 32077.4604 29720.44261 27986.56084 26790.63978 26704.37006 24116.40331 22628.4414 16507.95143 13132.88563 9784.282774 4591.590199 2908.332999 462.1644278 0 0 0 0 0 0 0 0 0 0 0 0 0 0 0 0 0 0 0 0 0 0 0 0 0 0 0 0 0 0 0 0 0 0 0 
0 0 0 0 0 0 0 0 0 0 0 0 0 0 0 0 0 0 0 0 0 0 0 0 0 0 0 0 0 0 0 0 0 0 0.01326358183 7029.747842 13316.74189 15782.33883 16113.56863 14185.9276 17460.89779 19873.37892 21938.90965 20331.93017 18644.4402 20849.46488 22578.82869 21930.70372 24546.85576 22632.03082 24932.83444 26916.01341 30701.7826 28214.64984 30533.59787 32323.81924 25924.23428 25278.48982 20354.90753 18810.26487 14864.31857 8273.907423 2282.707141 1354.534528 566.3510654 56.43656609 0 0 0 0 0 0 0 0 0 0 0 0 0 0 0 0 0 0 0 0 0 0 0 0 0 0 0 0 0 0 0 0 0 0 
0 0 0 0 0 0 0 0 0 0 0 0 0 0 0 0 0 0 0 0 0 0 0 0 0 0 0 0 0 0 0 0 0 0 0.03785405108 6026.293841 16414.35218 19533.83974 15506.24157 18517.48867 18293.48732 19807.49559 19931.2708 23391.64464 23401.27579 26967.33978 28095.06234 24436.22471 27549.92185 24256.01144 24641.00649 24767.54282 32355.35276 30233.61403 31302.58552 29268.1961 25310.50118 26332.38377 22299.12757 20645.97925 13992.54431 8046.881005 3219.691505 145.2523503 875.0996627 382.3661301 0 0 0 0 0 0 0 0 0 0 0 0 0 0 0 0 0 0 0 0 0 0 0 0 0 0 0 0 0 0 0 0 0 0 
0 0 0 0 0 0 0 0 0 0 0 0 0 0 0 0 0 0 0 0 0 0 0 0 0 0 0 0 0 0 0 0 0 0 6.623989257e-05 5341.702391 13939.48388 15801.02398 17214.92924 18803.63961 19908.91497 19603.32928 20946.85294 23126.55488 24382.1128 25629.91388 30356.89602 29765.81491 28785.95599 27082.6679 24883.49 29839.19297 30537.48296 32170.45363 30804.33237 31665.55177 29714.74003 28217.06909 24690.96568 19654.79997 14935.09637 8774.968773 2760.294727 902.8248677 685.8167433 763.3557386 0 0 0 0 0 0 0 0 0 0 0 0 0 0 0 0 0 0 0 0 0 0 0 0 0 0 0 0 0 0 0 0 0 0 
0 0 0 0 0 0 0 0 0 0 0 0 0 0 0 0 0 0 0 0 0 0 0 0 0 0 0 0 0 0 0 0 0 0 1.035753488e-07 11219.44431 15734.67257 19061.6073 17006.54706 17612.78211 20313.1361 17594.28309 20419.17536 25046.24726 23018.46807 25314.93401 27455.47513 25955.32667 29793.02356 24248.37421 28237.31576 30372.28803 33327.70901 36488.33258 29227.89875 27927.11116 32165.19956 27168.3341 23896.64265 24426.85368 14287.53544 10895.32215 3933.68156 179.4242166 876.4740321 469.0783851 0 0 0 0 0 0 0 0 0 0 0 0 0 0 0 0 0 0 0 0 0 0 0 0 0 0 0 0 0 0 0 0 0 0 
0 0 0 0 0 0 0 0 0 0 0 0 0 0 0 0 0 0 0 0 0 0 0 0 0 0 0 0 0 0 0 0 0 0 1.899266949e-05 6587.830773 11617.27689 19526.35757 15640.71857 18329.31829 19245.91373 20845.63337 21956.23461 23716.72461 22842.27189 24466.36332 27039.70712 32608.28544 28831.41183 27956.57294 26755.44865 29255.52435 32606.87035 36499.05207 36488.33647 32970.27734 29957.91129 25960.68595 25185.64397 19989.5641 13826.12375 8910.105303 7546.715116 1724.051045 422.1150555 675.9641842 0 0 0 0 0 0 0 0 0 0 0 0 0 0 0 0 0 0 0 0 0 0 0 0 0 0 0 0 0 0 0 0 0 0 
0 0 0 0 0 0 0 0 0 0 0 0 0 0 0 0 0 0 0 0 0 0 0 0 0 0 0 0 0 0 0 0 0 0 2.940478155e-06 9710.574534 13209.68927 16954.33628 17895.36225 18204.52397 20720.3183 21860.49262 24909.08667 24088.81718 24214.8049 24028.50394 27834.67487 29185.92463 30740.90414 26384.52663 28995.55177 31389.10785 35417.18754 38743.86149 35859.56766 33210.79866 31989.85908 26065.8905 23018.441 20833.84442 18213.914 9667.902767 3252.593421 1447.089495 1460.153 292.3014478 0 0 0 0 0 0 0 0 0 0 0 0 0 0 0 0 0 0 0 0 0 0 0 0 0 0 0 0 0 0 0 0 0 0 
0 0 0 0 0 0 0 0 0 0 0 0 0 0 0 0 0 0 0 0 0 0 0 0 0 0 0 0 0 0 0 0 0 0 0.002123922148 9343.003795 14237.80334 18077.79386 17479.66991 18168.55077 19485.28676 22800.81615 23125.98846 25048.08022 25533.87351 28339.588 26400.3096 27781.01869 25904.34018 28884.09883 29077.46204 28214.99211 35365.12011 34908.25814 32935.46051 33550.88992 29694.94574 23896.47284 25043.58635 21555.80718 15937.12331 12453.29369 2729.620495 1892.630851 415.2839706 279.0612815 0 0 0 0 0 0 0 0 0 0 0 0 0 0 0 0 0 0 0 0 0 0 0 0 0 0 0 0 0 0 0 0 0 0 
0 0 0 0 0 0 0 0 0 0 0 0 0 0 0 0 0 0 0 0 0 0 0 0 0 0 0 0 0 0 0 0 0 0 8.417740088e-08 6314.900235 13810.43179 15416.56883 15591.17079 17817.18542 18155.13199 19382.18676 21098.57803 19895.43687 22970.71254 22440.35217 26194.38036 30556.29598 29260.00432 27429.85882 23762.01318 29167.40993 35454.8543 32770.14189 36616.97993 31400.95453 28780.51673 25429.01215 23035.15398 21422.28838 14904.97041 8356.926241 4068.810963 1547.100441 1766.202987 308.4507871 0 0 0 0 0 0 0 0 0 0 0 0 0 0 0 0 0 0 0 0 0 0 0 0 0 0 0 0 0 0 0 0 0 0 
0 0 0 0 0 0 0 0 0 0 0 0 0 0 0 0 0 0 0 0 0 0 0 0 0 0 0 0 0 0 0 0 0 0 4.049347087e-06 7651.718658 11469.84386 15797.57304 17491.46309 19781.79515 16079.62756 18577.88312 25341.0596 20921.11713 22250.62183 24129.71116 25118.48041 26420.81834 27594.23783 29498.94092 27766.11158 26922.82757 33322.36746 31525.23135 31645.87 28810.51447 30171.62029 26995.67904 22965.86051 19385.9071 14069.29378 10070.15868 6353.723675 120.9360289 1108.365167 164.0578794 0 0 0 0 0 0 0 0 0 0 0 0 0 0 0 0 0 0 0 0 0 0 0 0 0 0 0 0 0 0 0 0 0 0 
0 0 0 0 0 0 0 0 0 0 0 0 0 0 0 0 0 0 0 0 0 0 0 0 0 0 0 0 0 0 0 0 0 0 0.01720586678 4909.607014 14653.40892 18100.63951 19847.01669 18528.45999 18428.62311 18824.27519 17939.96128 20536.4035 22595.17057 23767.74906 25219.80565 25019.17936 28573.69338 25619.48309 23405.67497 26533.10358 32364.86288 32310.7905 32326.5904 27570.56687 25364.51258 22803.88422 21621.71791 22589.14797 16091.67949 10095.39733 4823.042897 1236.482014 1083.289818 247.6464765 0 0 0 0 0 0 0 0 0 0 0 0 0 0 0 0 0 0 0 0 0 0 0 0 0 0 0 0 0 0 0 0 0 0 
0 0 0 0 0 0 0 0 0 0 0 0 0 0 0 0 0 0 0 0 0 0 0 0 0 0 0 0 0 0 0 0 0 0 0.09123701253 6301.942082 14746.24672 15447.10136 12347.49536 16988.51523 16885.86647 20949.73168 20372.6798 24388.31155 18997.88012 21185.58229 23104.21125 24721.86947 27911.93875 26920.07931 25276.38257 27046.28166 28946.51569 32318.01438 30357.19351 27885.07923 26091.49833 26498.77951 19909.76073 18590.96499 12081.28874 11423.53024 3606.535891 2381.508997 773.9442724 845.6852914 0 0 0 0 0 0 0 0 0 0 0 0 0 0 0 0 0 0 0 0 0 0 0 0 0 0 0 0 0 0 0 0 0 0 
0 0 0 0 0 0 0 0 0 0 0 0 0 0 0 0 0 0 0 0 0 0 0 0 0 0 0 0 0 0 0 0 0 0 0.0001246594161 2483.246868 11529.89724 16786.15209 20480.45069 13149.28773 18221.88325 18965.6244 20591.87881 20370.34153 24092.72599 23183.73276 22681.46878 24734.73847 28365.07997 27238.94218 25893.09532 26826.47827 30566.42757 31054.81947 28856.45064 28638.26512 25556.19348 22438.89283 21302.91452 15724.84251 14082.58123 10116.16603 5282.588389 42.15764467 1055.462634 155.5764984 0 0 0 0 0 0 0 0 0 0 0 0 0 0 0 0 0 0 0 0 0 0 0 0 0 0 0 0 0 0 0 0 0 0 
0 0 0 0 0 0 0 0 0 0 0 0 0 0 0 0 0 0 0 0 0 0 0 0 0 0 0 0 0 0 0 0 0 0 1.331973686e-07 6109.368951 12978.72843 17324.81962 15970.18204 17174.05207 16520.42103 19664.42562 20097.3371 21033.69556 22312.0784 24704.1024 27178.46859 26408.52965 29446.48576 25434.74209 23453.2107 27609.87547 28091.73091 34009.30975 27924.13699 28081.69691 26013.57035 23886.5514 20931.63652 19627.75627 13766.36226 8201.573296 3274.250576 1920.246875 116.2109037 124.950791 0 0 0 0 0 0 0 0 0 0 0 0 0 0 0 0 0 0 0 0 0 0 0 0 0 0 0 0 0 0 0 0 0 0 
0 0 0 0 0 0 0 0 0 0 0 0 0 0 0 0 0 0 0 0 0 0 0 0 0 0 0 0 0 0 0 0 0 0 8.473633675e-05 7029.227424 12482.10165 16698.65594 18213.03791 17226.45665 21717.11866 21037.7811 18325.93197 21159.19242 22790.04689 23296.57369 21077.56196 24858.86229 26901.4536 24111.0504 28056.12196 25184.74094 32303.24268 29621.00712 31654.59627 27173.08209 28354.87321 27124.27443 22953.83022 15189.00351 13731.41944 6704.09373 6322.630173 1903.364063 639.0347595 44.55281364 0 0 0 0 0 0 0 0 0 0 0 0 0 0 0 0 0 0 0 0 0 0 0 0 0 0 0 0 0 0 0 0 0 0 
0 0 0 0 0 0 0 0 0 0 0 0 0 0 0 0 0 0 0 0 0 0 0 0 0 0 0 0 0 0 0 0 0 0 1.28693131e-06 9225.832632 11472.42841 18261.49898 17551.4731 16799.54526 18170.53899 19282.3962 20090.90252 18080.07428 24425.09517 24465.71114 24752.06711 27440.38716 25850.50862 24046.10137 24547.56894 24635.86419 28481.55284 32378.5495 31138.37115 29223.86918 29957.04834 24119.96419 18437.4613 19256.10905 14976.84859 7942.867234 2376.332279 2335.290277 944.8427157 919.8741036 0 0 0 0 0 0 0 0 0 0 0 0 0 0 0 0 0 0 0 0 0 0 0 0 0 0 0 0 0 0 0 0 0 0 
0 0 0 0 0 0 0 0 0 0 0 0 0 0 0 0 0 0 0 0 0 0 0 0 0 0 0 0 0 0 0 0 0 0 0.0002735350169 7746.577119 12635.12666 19207.15088 17314.50436 20825.34953 18862.63024 20570.66651 19184.33614 25749.23468 28125.32714 25960.44147 26390.72383 25980.64806 27692.62648 25622.01471 23354.96146 26877.67303 32504.79815 31546.89721 30429.87263 30032.04731 30419.89543 28850.34946 20749.99379 19333.22743 16403.66454 7522.850868 4646.410518 1488.899992 988.3689799 676.424048 0 0 0 0 0 0 0 0 0 0 0 0 0 0 0 0 0 0 0 0 0 0 0 0 0 0 0 0 0 0 0 0 0 0 
0 0 0 0 0 0 0 0 0 0 0 0 0 0 0 0 0 0 0 0 0 0 0 0 0 0 0 0 0 0 0 0 0 0 2.745820762e-07 5063.27558 13737.03514 18124.44052 16007.75372 21043.82182 20307.14384 20782.68434 21139.25135 22967.05041 22063.85642 24363.79633 31038.41878 26162.58422 29427.37218 29575.44302 26147.93547 28552.37584 32618.0304 34127.19225 31465.47453 30764.57311 27209.9653 26605.08603 21085.33528 19215.72254 17091.16125 10551.3467 5138.754381 2153.129296 18.1627659 47.34792297 0 0 0 0 0 0 0 0 0 0 0 0 0 0 0 0 0 0 0 0 0 0 0 0 0 0 0 0 0 0 0 0 0 0 
0 0 0 0 0 0 0 0 0 0 0 0 0 0 0 0 0 0 0 0 0 0 0 0 0 0 0 0 0 0 0 0 0 0 9.301269724e-06 7685.30515 11768.33368 15519.00756 17685.46626 19410.96676 20783.87184 23717.55748 24793.11408 23491.884 25791.97167 26178.50229 25539.53917 27117.83762 31674.05443 26471.50791 30517.2091 30990.11009 36137.29879 34891.35068 34728.67801 34013.61505 30566.8827 25827.7172 26706.07515 23871.07723 17119.08372 9667.277498 3063.818714 1968.992208 44.90403775 135.8115211 0 0 0 0 0 0 0 0 0 0 0 0 0 0 0 0 0 0 0 0 0 0 0 0 0 0 0 0 0 0 0 0 0 0 
0 0 0 0 0 0 0 0 0 0 0 0 0 0 0 0 0 0 0 0 0 0 0 0 0 0 0 0 0 0 0 0 0 0 1.532476319e-06 8570.490503 18240.06553 19187.3988 19589.73754 17871.43749 19879.95709 20301.45045 21796.9424 24291.97339 25308.6466 25497.79749 25817.51083 27063.99569 29177.13634 29903.96729 29228.15799 30641.08691 38621.9109 36213.44235 35606.30166 33531.52012 26982.10851 28135.84697 24860.06044 21812.57771 15586.07881 7944.199907 5363.859193 1806.955781 1535.034801 754.725707 0 0 0 0 0 0 0 0 0 0 0 0 0 0 0 0 0 0 0 0 0 0 0 0 0 0 0 0 0 0 0 0 0 0 
0 0 0 0 0 0 0 0 0 0 0 0 0 0 0 0 0 0 0 0 0 0 0 0 0 0 0 0 0 0 0 0 0 0 5.393319438e-05 6855.380119 13881.28912 16143.20663 15799.09527 18151.66966 17975.13689 21675.34949 20147.04531 26038.10956 25387.41596 27541.42647 27130.48281 29535.85557 28218.3521 29648.0949 26610.17519 30669.20048 32943.40534 37254.97945 33607.61776 33405.89442 29876.62842 24757.71443 27089.78082 19538.39087 16775.54815 10374.30108 5404.090162 1068.849955 869.0757965 548.9965069 0 0 0 0 0 0 0 0 0 0 0 0 0 0 0 0 0 0 0 0 0 0 0 0 0 0 0 0 0 0 0 0 0 0 
0 0 0 0 0 0 0 0 0 0 0 0 0 0 0 0 0 0 0 0 0 0 0 0 0 0 0 0 0 0 0 0 0 0 1.314194384e-13 6008.709275 11585.29654 18578.61654 17857.65477 19828.62573 21417.20806 17086.64809 22589.67352 23645.80614 25485.40152 24084.0156 25548.44445 26666.48748 28902.7416 29198.26117 30309.24159 27162.44662 36888.44828 36231.3797 32401.16182 29579.99586 28748.54942 26141.85575 23941.60159 21807.95645 17400.5497 9765.867394 3274.524411 1590.371483 565.4728333 509.4309779 0 0 0 0 0 0 0 0 0 0 0 0 0 0 0 0 0 0 0 0 0 0 0 0 0 0 0 0 0 0 0 0 0 0 
0 0 0 0 0 0 0 0 0 0 0 0 0 0 0 0 0 0 0 0 0 0 0 0 0 0 0 0 0 0 0 0 0 0 0.0008448949223 6780.879008 13984.03295 18347.28203 17957.06923 20074.23206 21099.74655 17156.9023 22831.4813 22119.91753 23352.35246 26169.5542 25807.4619 28331.10014 27361.98116 26335.4099 25641.16273 28712.35473 36375.98183 32051.00303 32446.42914 29309.94274 31853.44303 24462.10953 22855.04876 23613.16825 15698.06691 8687.139884 4770.714363 1631.247654 667.6756888 860.8807468 4.354430848e-13 0 0 0 0 0 0 0 0 0 0 0 0 0 0 0 0 0 0 0 0 0 0 0 0 0 0 0 0 0 0 0 0 0 
0 0 0 0 0 0 0 0 0 0 0 0 0 0 0 0 0 0 0 0 0 0 0 0 0 0 0 0 0 0 0 0 0 0 2.272501633e-06 5660.414419 14383.75637 15189.57613 15498.75277 16163.27209 17569.84824 18719.93619 19421.81923 21051.50748 24066.74416 24410.35564 25279.00646 25603.51153 30475.10581 26236.47258 28879.81434 30163.1927 30367.20933 33408.19929 27322.48832 27918.7752 29610.81149 25059.47821 22389.18717 18227.28955 16408.37451 9501.177509 4743.872175 2050.547647 214.4944849 869.0580142 0 0 0 0 0 0 0 0 0 0 0 0 0 0 0 0 0 0 0 0 0 0 0 0 0 0 0 0 0 0 0 0 0 0 
0 0 0 0 0 0 0 0 0 0 0 0 0 0 0 0 0 0 0 0 0 0 0 0 0 0 0 0 0 0 0 0 0 0 4.492667844e-10 6659.54561 12225.34002 17421.62138 16356.83489 19223.39488 17639.98219 15951.31035 22835.56418 20478.20418 21539.21871 23439.30111 25585.46076 27400.61659 26219.9022 23106.91037 24851.55093 23156.25455 31619.5697 31962.21386 28250.03447 28233.33857 27338.74935 27170.39606 21773.21812 20261.45576 15932.76911 8748.374987 3006.737521 530.1034218 1475.077749 69.09728122 0 0 0 0 0 0 0 0 0 0 0 0 0 0 0 0 0 0 0 0 0 0 0 0 0 0 0 0 0 0 0 0 0 0 
0 0 0 0 0 0 0 0 0 0 0 0 0 0 0 0 0 0 0 0 0 0 0 0 0 0 0 0 0 0 0 0 0 0 0.07582345589 5507.551839 11050.98867 15955.0762 16179.03523 15810.50883 16069.01306 20096.3308 17917.21973 19271.6725 24494.08835 19556.88921 24934.80678 23514.86514 27128.11264 26051.93991 23146.77333 26590.10052 30895.23349 28005.99418 29253.40801 27787.8538 23206.93859 26422.95673 22943.76059 18316.84735 13901.87077 9344.417594 1360.805247 0.1471505854 362.0826581 661.1518198 0 0 0 0 0 0 0 0 0 0 0 0 0 0 0 0 0 0 0 0 0 0 0 0 0 0 0 0 0 0 0 0 0 0 
0 0 0 0 0 0 0 0 0 0 0 0 0 0 0 0 0 0 0 0 0 0 0 0 0 0 0 0 0 0 0 0 0 0 3.58892429e-08 5848.541862 11989.58655 18376.84926 16302.35726 15677.19672 14747.44478 16002.98959 20275.14896 17421.24845 23208.87078 20358.62077 22288.88679 21825.13326 24063.222 24709.30248 22263.75331 25276.08652 26903.22727 30689.80242 24596.44875 26698.43035 24523.89988 19253.25904 17932.6247 16529.52164 11411.16944 8418.473311 6514.362959 938.5168389 983.6791176 438.1754384 0 0 0 0 0 0 0 0 0 0 0 0 0 0 0 0 0 0 0 0 0 0 0 0 0 0 0 0 0 0 0 0 0 0 
0 0 0 0 0 0 0 0 0 0 0 0 0 0 0 0 0 0 0 0 0 0 0 0 0 0 0 0 0 0 0 0 0 0 7.847336205e-07 5722.062287 14266.26006 15186.93711 13648.44762 14609.70519 15879.82563 19883.44521 17577.45191 18663.94211 19924.03587 23130.60234 22202.84576 23337.47823 23615.35577 20916.95789 22242.82032 24980.51954 23282.96304 22390.74553 25550.92126 23363.79969 23507.4656 17600.92626 14883.51326 14042.97844 9014.558881 8970.673302 3760.129667 11.88555213 317.9288132 0.6945371626 0 0 0 0 0 0 0 0 0 0 0 0 0 0 0 0 0 0 0 0 0 0 0 0 0 0 0 0 0 0 0 0 0 0 
0 0 0 0 0 0 0 0 0 0 0 0 0 0 0 0 0 0 0 0 0 0 0 0 0 0 0 0 0 0 0 0 0 0 1.956838108e-05 6773.540631 13832.3263 13433.133 12968.40707 7287.250521 14121.96088 13388.80189 18956.82753 17061.00039 18066.69921 16400.02187 16311.53816 23173.68713 17376.80961 22011.98613 22506.49044 21418.72229 24238.8848 23583.43712 21326.26672 22691.97768 21072.87483 21212.55241 20896.2464 14227.9351 12222.88794 8100.390084 1505.862984 2470.840048 383.8768485 252.6912449 0 0 0 0 0 0 0 0 0 0 0 0 0 0 0 0 0 0 0 0 0 0 0 0 0 0 0 0 0 0 0 0 0 0 
0 0 0 0 0 0 0 0 0 0 0 0 0 0 0 0 0 0 0 0 0 0 0 0 0 0 0 0 0 0 0 0 0 0 1.401308232e-08 3689.815779 10820.78947 13452.86394 11409.18657 11715.30899 11311.6704 14291.82171 12636.21018 12637.07364 18235.69424 17850.86534 18593.30896 17329.32449 19436.32874 19658.0514 19078.40377 19610.68856 22061.59582 23287.16832 21272.47674 19563.48151 21105.89425 14662.30077 11938.29824 11789.58105 11420.44349 10539.48047 2141.991998 593.1487267 2.779774363 4.235813064 0 0 0 0 0 0 0 0 0 0 0 0 0 0 0 0 0 0 0 0 0 0 0 0 0 0 0 0 0 0 0 0 0 0 
0 0 0 0 0 0 0 0 0 0 0 0 0 0 0 0 0 0 0 0 0 0 0 0 0 0 0 0 0 0 0 0 0 0 5.320334138e-08 0.6796358372 9857.169682 10193.15437 8877.484413 8754.31046 12657.38066 9529.79764 13172.228 14507.84018 16123.96592 15199.25106 17199.30043 18408.51641 15775.43439 17379.34766 15449.92616 14650.47154 20269.54723 17393.71699 22736.79571 16562.61118 14387.44247 17726.30721 14434.23158 12058.04066 8463.85999 5117.53763 3319.218002 1148.061913 1527.242642 592.1217492 0 0 0 0 0 0 0 0 0 0 0 0 0 0 0 0 0 0 0 0 0 0 0 0 0 0 0 0 0 0 0 0 0 0 
0 0 0 0 0 0 0 0 0 0 0 0 0 0 0 0 0 0 0 0 0 0 0 0 0 0 0 0 0 0 0 0 0 0 5.32276929e-15 5546.078158 5024.807684 8819.743623 7672.850235 10022.09559 5176.063769 9721.974509 13387.56816 13082.5682 11711.98595 12097.03837 16812.12927 14843.68731 15818.94316 15879.58462 17047.39747 13455.21326 20120.04487 17407.28613 18680.67956 17691.80632 11894.92215 14140.61097 11750.93705 12331.46101 10158.75848 6873.017997 192.5915066 63.19500474 78.84460966 873.9238068 0 0 0 0 0 0 0 0 0 0 0 0 0 0 0 0 0 0 0 0 0 0 0 0 0 0 0 0 0 0 0 0 0 0 
0 0 0 0 0 0 0 0 0 0 0 0 0 0 0 0 0 0 0 0 0 0 0 0 0 0 0 0 0 0 0 0 0 0 6.398714157e-10 2371.387674 3741.232931 4823.029466 7103.908427 9412.888677 10617.21108 5770.908939 11191.28914 9692.791198 12932.1998 14728.48637 11760.12894 9893.481359 13605.48977 10476.06301 11151.02609 12867.52128 14864.33608 14612.83834 15151.82019 12050.75833 13977.72793 9591.527534 9085.575805 6391.253134 8204.671342 4117.099192 3150.325019 170.5847138 14.4618999 0.00041354467 0 0 0 0 0 0 0 0 0 0 0 0 0 0 0 0 0 0 0 0 0 0 0 0 0 0 0 0 0 0 0 0 0 0 
0 0 0 0 0 0 0 0 0 0 0 0 0 0 0 0 0 0 0 0 0 0 0 0 0 0 0 0 0 0 0 0 0 0 1.175329772e-08 2594.877355 2521.199079 5775.66203 3088.651151 7424.036506 6512.445323 6481.035807 4982.727761 8792.375835 9101.698005 6226.645585 7833.727953 7892.730349 10600.19486 7305.059011 8591.514398 9437.183805 12021.7982 10824.80053 10710.83435 12185.9924 7143.962264 8605.805283 7092.049507 4321.302447 3423.163265 3254.78239 0.1149407025 43.27873119 27.67912801 1.464596349 0 0 0 0 0 0 0 0 0 0 0 0 0 0 0 0 0 0 0 0 0 0 0 0 0 0 0 0 0 0 0 0 0 0 
0 0 0 0 0 0 0 0 0 0 0 0 0 0 0 0 0 0 0 0 0 0 0 0 0 0 0 0 0 0 0 0 0 0 0.001382546318 35.05837499 2787.493549 1534.191721 1353.240493 1352.261398 1029.471659 5415.356759 4265.904746 2574.173761 5800.988624 5975.110475 4313.025369 4671.491375 2653.476021 2007.083649 4921.577097 5209.227311 6339.561022 4132.692883 4131.139146 6869.180093 3940.104684 2840.391963 3246.37957 3066.449353 5078.645486 3127.595458 554.4109486 1104.383971 36.17866571 7.205863477e-09 0 0 0 0 0 0 0 0 0 0 0 0 0 0 0 0 0 0 0 0 0 0 0 0 0 0 0 0 0 0 0 0 0 0 
0 0 0 0 0 0 0 0 0 0 0 0 0 0 0 0 0 0 0 0 0 0 0 0 0 0 0 0 0 0 0 0 0 0 0.001902731648 479.5170335 1169.049861 907.0210025 1047.285811 1635.194208 958.8203197 1668.473232 915.6480911 1536.813523 1446.478702 1151.724269 700.8584643 1730.461595 1973.771135 1219.010569 1705.157605 857.9314056 1242.252251 1491.56249 1043.814615 1258.347542 1147.290931 1110.809066 901.6727433 994.2032862 232.9070995 14.02401363 20.98934246 7.433357095 0.003191855636 36.5745489 0 0 0 0 0 0 0 0 0 0 0 0 0 0 0 0 0 0 0 0 0 0 0 0 0 0 0 0 0 0 0 0 0 0 
0 0 0 0 0 0 0 0 0 0 0 0 0 0 0 0 0 0 0 0 0 0 0 0 0 0 0 0 0 0 0 0 0 0 0 52.62099441 1.627988191 43.12544153 1.475724146 0.0002111809025 478.6003008 576.7636718 168.4776163 177.0018582 353.3997119 286.8589397 250.3627987 119.0227535 508.5403592 206.6292758 532.8740983 722.8982909 148.557985 531.3623029 566.6243964 531.2580076 506.9505074 113.8853552 393.5715062 175.6738955 310.7020841 399.8018526 0.02561867144 2.00395475e-07 0.2786338286 4.43034526e-08 0 0 0 0 0 0 0 0 0 0 0 0 0 0 0 0 0 0 0 0 0 0 0 0 0 0 0 0 0 0 0 0 0 0 
0 0 0 0 0 0 0 0 0 0 0 0 0 0 0 0 0 0 0 0 0 0 0 0 0 0 0 0 0 0 0 0 0 0 0 0.0004537129747 1.102063665 0.6853906453 0.9242613672 0.07324946377 0.07837410349 4.687153117e-05 0.7170780953 0.03254567804 2.059209756 3.954369031 1.073352581 2.870872255 5.585328832 10.05736853 2.274223163 2.958387195 4.413911483 1.86654657 4.341471365 4.998973944 4.759216968 3.44073462 5.593959987 2.348017242 0.2520810534 0.01783186183 2.974385786 0.0009416487147 1.435153691e-05 0 0 0 0 0 0 0 0 0 0 0 0 0 0 0 0 0 0 0 0 0 0 0 0 0 0 0 0 0 0 0 0 0 0 0 
0 0 0 0 0 0 0 0 0 0 0 0 0 0 0 0 0 0 0 0 0 0 0 0 0 0 0 0 0 0 0 0 0 0 1.709796538e-18 1.557248668e-12 0.01607834537 0.001638163258 6.911175679e-08 0.04251209837 0.00154763399 0.03403821802 0.0006527005981 0.01738194097 0.009963210243 0.001436643873 0.001331698939 0.00722648844 0.002275684266 0.005318203079 0.006763942821 0.002997892705 0.2341899486 0.09217941238 0.002431549657 0.03584997843 0.01443855305 0.02936020591 0.01870950371 0.00791719544 0.06820002146 0.01390948137 0.004543991415 7.538578868e-07 2.664658012e-06 0 0 0 0 0 0 0 0 0 0 0 0 0 0 0 0 0 0 0 0 0 0 0 0 0 0 0 0 0 0 0 0 0 0 0 
0 0 0 0 0 0 0 0 0 0 0 0 0 0 0 0 0 0 0 0 0 0 0 0 0 0 0 0 0 0 0 0 0 0 0 6.589326275e-08 0 9.448591131e-08 1.076596881e-05 2.966428964e-07 1.686031604e-07 7.928865253e-08 1.315316974e-05 2.919716642e-08 5.87041916e-07 7.358449771e-09 5.05066551e-07 4.676637262e-06 2.594883405e-07 1.798662302e-05 1.30817926e-08 2.730081491e-06 9.85793959e-06 5.757296579e-07 4.582566626e-06 2.371018368e-12 1.909101572e-12 5.238866903e-15 3.211208108e-10 1.314312337e-13 1.657312085e-08 8.908871337e-09 6.601519324e-09 2.047936087e-09 4.341575813e-22 5.004300514e-15 0 0 0 0 0 0 0 0 0 0 0 0 0 0 0 0 0 0 0 0 0 0 0 0 0 0 0 0 0 0 0 0 0 0 
0 0 0 0 0 0 0 0 0 0 0 0 0 0 0 0 0 0 0 0 0 0 0 0 0 0 0 0 0 0 0 0 0 0 0 0 0 0 1.227569924e-23 0 0 0 3.507951059e-14 0 0 0 0 0 2.663301026e-15 1.021647947e-18 0 1.307964724e-14 1.083895302e-16 4.856170625e-15 6.209583095e-14 1.70480482e-19 0 0 4.986836313e-16 0 4.608346583e-35 0 3.112990215e-22 0 0 0 0 0 0 0 0 0 0 0 0 0 0 0 0 0 0 0 0 0 0 0 0 0 0 0 0 0 0 0 0 0 0 0 0 0 
0 0 0 0 0 0 0 0 0 0 0 0 0 0 0 0 0 0 0 0 0 0 0 0 0 0 0 0 0 0 0 0 0 0 0 0 0 0 0 0 0 0 0 0 0 0 0 0 0 0 0 0 0 0 0 0 0 0 0 0 0 0 0 0 0 0 0 0 0 0 0 0 0 0 0 0 0 0 0 0 0 0 0 0 0 0 0 0 0 0 0 0 0 0 0 0 0 0 0 0 
0 0 0 0 0 0 0 0 0 0 0 0 0 0 0 0 0 0 0 0 0 0 0 0 0 0 0 0 0 0 0 0 0 0 0 0 0 0 0 0 0 0 0 0 0 0 0 0 0 0 0 0 0 0 0 0 0 0 0 0 0 0 0 0 0 0 0 0 0 0 0 0 0 0 0 0 0 0 0 0 0 0 0 0 0 0 0 0 0 0 0 0 0 0 0 0 0 0 0 0 
0 0 0 0 0 0 0 0 0 0 0 0 0 0 0 0 0 0 0 0 0 0 0 0 0 0 0 0 0 0 0 0 0 0 0 0 0 0 0 0 0 0 0 0 0 0 0 0 0 0 0 0 0 0 0 0 0 0 0 0 0 0 0 0 0 0 0 0 0 0 0 0 0 0 0 0 0 0 0 0 0 0 0 0 0 0 0 0 0 0 0 0 0 0 0 0 0 0 0 0 
0 0 0 0 0 0 0 0 0 0 0 0 0 0 0 0 0 0 0 0 0 0 0 0 0 0 0 0 0 0 0 0 0 0 0 0 0 0 0 0 0 0 0 0 0 0 0 0 0 0 0 0 0 0 0 0 0 0 0 0 0 0 0 0 0 0 0 0 0 0 0 0 0 0 0 0 0 0 0 0 0 0 0 0 0 0 0 0 0 0 0 0 0 0 0 0 0 0 0 0 
0 0 0 0 0 0 0 0 0 0 0 0 0 0 0 0 0 0 0 0 0 0 0 0 0 0 0 0 0 0 0 0 0 0 0 0 0 0 0 0 0 0 0 0 0 0 0 0 0 0 0 0 0 0 0 0 0 0 0 0 0 0 0 0 0 0 0 0 0 0 0 0 0 0 0 0 0 0 0 0 0 0 0 0 0 0 0 0 0 0 0 0 0 0 0 0 0 0 0 0 
0 0 0 0 0 0 0 0 0 0 0 0 0 0 0 0 0 0 0 0 0 0 0 0 0 0 0 0 0 0 0 0 0 0 0 0 0 0 0 0 0 0 0 0 0 0 0 0 0 0 0 0 0 0 0 0 0 0 0 0 0 0 0 0 0 0 0 0 0 0 0 0 0 0 0 0 0 0 0 0 0 0 0 0 0 0 0 0 0 0 0 0 0 0 0 0 0 0 0 0 
0 0 0 0 0 0 0 0 0 0 0 0 0 0 0 0 0 0 0 0 0 0 0 0 0 0 0 0 0 0 0 0 0 0 0 0 0 0 0 0 0 0 0 0 0 0 0 0 0 0 0 0 0 0 0 0 0 0 0 0 0 0 0 0 0 0 0 0 0 0 0 0 0 0 0 0 0 0 0 0 0 0 0 0 0 0 0 0 0 0 0 0 0 0 0 0 0 0 0 0 
0 0 0 0 0 0 0 0 0 0 0 0 0 0 0 0 0 0 0 0 0 0 0 0 0 0 0 0 0 0 0 0 0 0 0 0 0 0 0 0 0 0 0 0 0 0 0 0 0 0 0 0 0 0 0 0 0 0 0 0 0 0 0 0 0 0 0 0 0 0 0 0 0 0 0 0 0 0 0 0 0 0 0 0 0 0 0 0 0 0 0 0 0 0 0 0 0 0 0 0 
0 0 0 0 0 0 0 0 0 0 0 0 0 0 0 0 0 0 0 0 0 0 0 0 0 0 0 0 0 0 0 0 0 0 0 0 0 0 0 0 0 0 0 0 0 0 0 0 0 0 0 0 0 0 0 0 0 0 0 0 0 0 0 0 0 0 0 0 0 0 0 0 0 0 0 0 0 0 0 0 0 0 0 0 0 0 0 0 0 0 0 0 0 0 0 0 0 0 0 0 
0 0 0 0 0 0 0 0 0 0 0 0 0 0 0 0 0 0 0 0 0 0 0 0 0 0 0 0 0 0 0 0 0 0 0 0 0 0 0 0 0 0 0 0 0 0 0 0 0 0 0 0 0 0 0 0 0 0 0 0 0 0 0 0 0 0 0 0 0 0 0 0 0 0 0 0 0 0 0 0 0 0 0 0 0 0 0 0 0 0 0 0 0 0 0 0 0 0 0 0 
0 0 0 0 0 0 0 0 0 0 0 0 0 0 0 0 0 0 0 0 0 0 0 0 0 0 0 0 0 0 0 0 0 0 0 0 0 0 0 0 0 0 0 0 0 0 0 0 0 0 0 0 0 0 0 0 0 0 0 0 0 0 0 0 0 0 0 0 0 0 0 0 0 0 0 0 0 0 0 0 0 0 0 0 0 0 0 0 0 0 0 0 0 0 0 0 0 0 0 0 
0 0 0 0 0 0 0 0 0 0 0 0 0 0 0 0 0 0 0 0 0 0 0 0 0 0 0 0 0 0 0 0 0 0 0 0 0 0 0 0 0 0 0 0 0 0 0 0 0 0 0 0 0 0 0 0 0 0 0 0 0 0 0 0 0 0 0 0 0 0 0 0 0 0 0 0 0 0 0 0 0 0 0 0 0 0 0 0 0 0 0 0 0 0 0 0 0 0 0 0 
0 0 0 0 0 0 0 0 0 0 0 0 0 0 0 0 0 0 0 0 0 0 0 0 0 0 0 0 0 0 0 0 0 0 0 0 0 0 0 0 0 0 0 0 0 0 0 0 0 0 0 0 0 0 0 0 0 0 0 0 0 0 0 0 0 0 0 0 0 0 0 0 0 0 0 0 0 0 0 0 0 0 0 0 0 0 0 0 0 0 0 0 0 0 0 0 0 0 0 0 
0 0 0 0 0 0 0 0 0 0 0 0 0 0 0 0 0 0 0 0 0 0 0 0 0 0 0 0 0 0 0 0 0 0 0 0 0 0 0 0 0 0 0 0 0 0 0 0 0 0 0 0 0 0 0 0 0 0 0 0 0 0 0 0 0 0 0 0 0 0 0 0 0 0 0 0 0 0 0 0 0 0 0 0 0 0 0 0 0 0 0 0 0 0 0 0 0 0 0 0 
0 0 0 0 0 0 0 0 0 0 0 0 0 0 0 0 0 0 0 0 0 0 0 0 0 0 0 0 0 0 0 0 0 0 0 0 0 0 0 0 0 0 0 0 0 0 0 0 0 0 0 0 0 0 0 0 0 0 0 0 0 0 0 0 0 0 0 0 0 0 0 0 0 0 0 0 0 0 0 0 0 0 0 0 0 0 0 0 0 0 0 0 0 0 0 0 0 0 0 0 
0 0 0 0 0 0 0 0 0 0 0 0 0 0 0 0 0 0 0 0 0 0 0 0 0 0 0 0 0 0 0 0 0 0 0 0 0 0 0 0 0 0 0 0 0 0 0 0 0 0 0 0 0 0 0 0 0 0 0 0 0 0 0 0 0 0 0 0 0 0 0 0 0 0 0 0 0 0 0 0 0 0 0 0 0 0 0 0 0 0 0 0 0 0 0 0 0 0 0 0 
0 0 0 0 0 0 0 0 0 0 0 0 0 0 0 0 0 0 0 0 0 0 0 0 0 0 0 0 0 0 0 0 0 0 0 0 0 0 0 0 0 0 0 0 0 0 0 0 0 0 0 0 0 0 0 0 0 0 0 0 0 0 0 0 0 0 0 0 0 0 0 0 0 0 0 0 0 0 0 0 0 0 0 0 0 0 0 0 0 0 0 0 0 0 0 0 0 0 0 0 
0 0 0 0 0 0 0 0 0 0 0 0 0 0 0 0 0 0 0 0 0 0 0 0 0 0 0 0 0 0 0 0 0 0 0 0 0 0 0 0 0 0 0 0 0 0 0 0 0 0 0 0 0 0 0 0 0 0 0 0 0 0 0 0 0 0 0 0 0 0 0 0 0 0 0 0 0 0 0 0 0 0 0 0 0 0 0 0 0 0 0 0 0 0 0 0 0 0 0 0 
0 0 0 0 0 0 0 0 0 0 0 0 0 0 0 0 0 0 0 0 0 0 0 0 0 0 0 0 0 0 0 0 0 0 0 0 0 0 0 0 0 0 0 0 0 0 0 0 0 0 0 0 0 0 0 0 0 0 0 0 0 0 0 0 0 0 0 0 0 0 0 0 0 0 0 0 0 0 0 0 0 0 0 0 0 0 0 0 0 0 0 0 0 0 0 0 0 0 0 0 
0 0 0 0 0 0 0 0 0 0 0 0 0 0 0 0 0 0 0 0 0 0 0 0 0 0 0 0 0 0 0 0 0 0 0 0 0 0 0 0 0 0 0 0 0 0 0 0 0 0 0 0 0 0 0 0 0 0 0 0 0 0 0 0 0 0 0 0 0 0 0 0 0 0 0 0 0 0 0 0 0 0 0 0 0 0 0 0 0 0 0 0 0 0 0 0 0 0 0 0 
0 0 0 0 0 0 0 0 0 0 0 0 0 0 0 0 0 0 0 0 0 0 0 0 0 0 0 0 0 0 0 0 0 0 0 0 0 0 0 0 0 0 0 0 0 0 0 0 0 0 0 0 0 0 0 0 0 0 0 0 0 0 0 0 0 0 0 0 0 0 0 0 0 0 0 0 0 0 0 0 0 0 0 0 0 0 0 0 0 0 0 0 0 0 0 0 0 0 0 0 
0 0 0 0 0 0 0 0 0 0 0 0 0 0 0 0 0 0 0 0 0 0 0 0 0 0 0 0 0 0 0 0 0 0 0 0 0 0 0 0 0 0 0 0 0 0 0 0 0 0 0 0 0 0 0 0 0 0 0 0 0 0 0 0 0 0 0 0 0 0 0 0 0 0 0 0 0 0 0 0 0 0 0 0 0 0 0 0 0 0 0 0 0 0 0 0 0 0 0 0 
# Events [kim/kristine.dat] N:
0 0 0 0 0 0 0 0 0 0 0 0 0 0 0 0 0 0 0 0 0 0 0 0 0 0 0 0 0 0 0 0 0 0 0 0 0 0 0 0 0 0 0 0 0 0 0 0 0 0 0 0 0 0 0 0 0 0 0 0 0 0 0 0 0 0 0 0 0 0 0 0 0 0 0 0 0 0 0 0 0 0 0 0 0 0 0 0 0 0 0 0 0 0 0 0 0 0 0 0 
0 0 0 0 0 0 0 0 0 0 0 0 0 0 0 0 0 0 0 0 0 0 0 0 0 0 0 0 0 0 0 0 0 0 0 0 0 0 0 0 0 0 0 0 0 0 0 0 0 0 0 0 0 0 0 0 0 0 0 0 0 0 0 0 0 0 0 0 0 0 0 0 0 0 0 0 0 0 0 0 0 0 0 0 0 0 0 0 0 0 0 0 0 0 0 0 0 0 0 0 
0 0 0 0 0 0 0 0 0 0 0 0 0 0 0 0 0 0 0 0 0 0 0 0 0 0 0 0 0 0 0 0 0 0 0 0 0 0 0 0 0 0 0 0 0 0 0 0 0 0 0 0 0 0 0 0 0 0 0 0 0 0 0 0 0 0 0 0 0 0 0 0 0 0 0 0 0 0 0 0 0 0 0 0 0 0 0 0 0 0 0 0 0 0 0 0 0 0 0 0 
0 0 0 0 0 0 0 0 0 0 0 0 0 0 0 0 0 0 0 0 0 0 0 0 0 0 0 0 0 0 0 0 0 0 0 0 0 0 0 0 0 0 0 0 0 0 0 0 0 0 0 0 0 0 0 0 0 0 0 0 0 0 0 0 0 0 0 0 0 0 0 0 0 0 0 0 0 0 0 0 0 0 0 0 0 0 0 0 0 0 0 0 0 0 0 0 0 0 0 0 
0 0 0 0 0 0 0 0 0 0 0 0 0 0 0 0 0 0 0 0 0 0 0 0 0 0 0 0 0 0 0 0 0 0 0 0 0 0 0 0 0 0 0 0 0 0 0 0 0 0 0 0 0 0 0 0 0 0 0 0 0 0 0 0 0 0 0 0 0 0 0 0 0 0 0 0 0 0 0 0 0 0 0 0 0 0 0 0 0 0 0 0 0 0 0 0 0 0 0 0 
0 0 0 0 0 0 0 0 0 0 0 0 0 0 0 0 0 0 0 0 0 0 0 0 0 0 0 0 0 0 0 0 0 0 0 0 0 0 0 0 0 0 0 0 0 0 0 0 0 0 0 0 0 0 0 0 0 0 0 0 0 0 0 0 0 0 0 0 0 0 0 0 0 0 0 0 0 0 0 0 0 0 0 0 0 0 0 0 0 0 0 0 0 0 0 0 0 0 0 0 
0 0 0 0 0 0 0 0 0 0 0 0 0 0 0 0 0 0 0 0 0 0 0 0 0 0 0 0 0 0 0 0 0 0 0 0 0 0 0 0 0 0 0 0 0 0 0 0 0 0 0 0 0 0 0 0 0 0 0 0 0 0 0 0 0 0 0 0 0 0 0 0 0 0 0 0 0 0 0 0 0 0 0 0 0 0 0 0 0 0 0 0 0 0 0 0 0 0 0 0 
0 0 0 0 0 0 0 0 0 0 0 0 0 0 0 0 0 0 0 0 0 0 0 0 0 0 0 0 0 0 0 0 0 0 0 0 0 0 0 0 0 0 0 0 0 0 0 0 0 0 0 0 0 0 0 0 0 0 0 0 0 0 0 0 0 0 0 0 0 0 0 0 0 0 0 0 0 0 0 0 0 0 0 0 0 0 0 0 0 0 0 0 0 0 0 0 0 0 0 0 
0 0 0 0 0 0 0 0 0 0 0 0 0 0 0 0 0 0 0 0 0 0 0 0 0 0 0 0 0 0 0 0 0 0 0 0 0 0 0 0 0 0 0 0 0 0 0 0 0 0 0 0 0 0 0 0 0 0 0 0 0 0 0 0 0 0 0 0 0 0 0 0 0 0 0 0 0 0 0 0 0 0 0 0 0 0 0 0 0 0 0 0 0 0 0 0 0 0 0 0 
0 0 0 0 0 0 0 0 0 0 0 0 0 0 0 0 0 0 0 0 0 0 0 0 0 0 0 0 0 0 0 0 0 0 0 0 0 0 0 0 0 0 0 0 0 0 0 0 0 0 0 0 0 0 0 0 0 0 0 0 0 0 0 0 0 0 0 0 0 0 0 0 0 0 0 0 0 0 0 0 0 0 0 0 0 0 0 0 0 0 0 0 0 0 0 0 0 0 0 0 
0 0 0 0 0 0 0 0 0 0 0 0 0 0 0 0 0 0 0 0 0 0 0 0 0 0 0 0 0 0 0 0 0 0 0 0 0 0 0 0 0 0 0 0 0 0 0 0 0 0 0 0 0 0 0 0 0 0 0 0 0 0 0 0 0 0 0 0 0 0 0 0 0 0 0 0 0 0 0 0 0 0 0 0 0 0 0 0 0 0 0 0 0 0 0 0 0 0 0 0 
0 0 0 0 0 0 0 0 0 0 0 0 0 0 0 0 0 0 0 0 0 0 0 0 0 0 0 0 0 0 0 0 0 0 0 0 0 0 0 0 0 0 0 0 0 0 0 0 0 0 0 0 0 0 0 0 0 0 0 0 0 0 0 0 0 0 0 0 0 0 0 0 0 0 0 0 0 0 0 0 0 0 0 0 0 0 0 0 0 0 0 0 0 0 0 0 0 0 0 0 
0 0 0 0 0 0 0 0 0 0 0 0 0 0 0 0 0 0 0 0 0 0 0 0 0 0 0 0 0 0 0 0 0 0 0 0 0 0 0 0 0 0 0 0 0 0 0 0 0 0 0 0 0 0 0 0 0 0 0 0 0 0 0 0 0 0 0 0 0 0 0 0 0 0 0 0 0 0 0 0 0 0 0 0 0 0 0 0 0 0 0 0 0 0 0 0 0 0 0 0 
0 0 0 0 0 0 0 0 0 0 0 0 0 0 0 0 0 0 0 0 0 0 0 0 0 0 0 0 0 0 0 0 0 0 0 0 0 0 0 0 0 0 0 0 0 0 0 0 0 0 0 0 0 0 0 0 0 0 0 0 0 0 0 0 0 0 0 0 0 0 0 0 0 0 0 0 0 0 0 0 0 0 0 0 0 0 0 0 0 0 0 0 0 0 0 0 0 0 0 0 
0 0 0 0 0 0 0 0 0 0 0 0 0 0 0 0 0 0 0 0 0 0 0 0 0 0 0 0 0 0 0 0 0 0 0 0 0 0 0 0 0 0 0 0 0 0 0 0 0 0 0 0 0 0 0 0 0 0 0 0 0 0 0 0 0 0 0 0 0 0 0 0 0 0 0 0 0 0 0 0 0 0 0 0 0 0 0 0 0 0 0 0 0 0 0 0 0 0 0 0 
0 0 0 0 0 0 0 0 0 0 0 0 0 0 0 0 0 0 0 0 0 0 0 0 0 0 0 0 0 0 0 0 0 0 0 0 0 0 0 0 0 0 0 0 0 0 0 0 0 0 0 0 0 0 0 0 0 0 0 0 0 0 0 0 0 0 0 0 0 0 0 0 0 0 0 0 0 0 0 0 0 0 0 0 0 0 0 0 0 0 0 0 0 0 0 0 0 0 0 0 
0 0 0 0 0 0 0 0 0 0 0 0 0 0 0 0 0 0 0 0 0 0 0 0 0 0 0 0 0 0 0 0 0 0 0 0 0 0 0 0 0 0 0 0 0 0 0 0 0 0 0 0 0 0 0 0 0 0 0 0 0 0 0 0 0 0 0 0 0 0 0 0 0 0 0 0 0 0 0 0 0 0 0 0 0 0 0 0 0 0 0 0 0 0 0 0 0 0 0 0 
0 0 0 0 0 0 0 0 0 0 0 0 0 0 0 0 0 0 0 0 0 0 0 0 0 0 0 0 0 0 0 0 0 0 0 0 0 0 0 0 0 0 0 0 0 0 0 0 0 0 0 0 0 0 0 0 0 0 0 0 0 0 0 0 0 0 0 0 0 0 0 0 0 0 0 0 0 0 0 0 0 0 0 0 0 0 0 0 0 0 0 0 0 0 0 0 0 0 0 0 
0 0 0 0 0 0 0 0 0 0 0 0 0 0 0 0 0 0 0 0 0 0 0 0 0 0 0 0 0 0 0 0 0 0 0 0 0 0 0 0 0 0 0 0 0 0 0 0 0 0 0 0 0 0 0 0 0 0 0 0 0 0 0 0 0 0 0 0 0 0 0 0 0 0 0 0 0 0 0 0 0 0 0 0 0 0 0 0 0 0 0 0 0 0 0 0 0 0 0 0 
0 0 0 0 0 0 0 0 0 0 0 0 0 0 0 0 0 0 0 0 0 0 0 0 0 0 0 0 0 0 0 0 0 0 0 0 0 0 0 0 0 0 0 0 0 0 0 0 0 0 0 0 0 0 0 0 0 0 0 0 0 0 0 0 0 0 0 0 0 0 0 0 0 0 0 0 0 0 0 0 0 0 0 0 0 0 0 0 0 0 0 0 0 0 0 0 0 0 0 0 
0 0 0 0 0 0 0 0 0 0 0 0 0 0 0 0 0 0 0 0 0 0 0 0 0 0 0 0 0 0 0 0 0 0 0 0 0 0 0 0 0 0 0 0 0 0 0 0 0 0 0 0 0 0 0 0 0 0 0 0 0 0 0 0 0 0 0 0 0 0 0 0 0 0 0 0 0 0 0 0 0 0 0 0 0 0 0 0 0 0 0 0 0 0 0 0 0 0 0 0 
0 0 0 0 0 0 0 0 0 0 0 0 0 0 0 0 0 0 0 0 0 0 0 0 0 0 0 0 0 0 0 0 0 0 0 0 0 0 0 0 0 0 0 0 0 0 0 0 0 0 0 0 0 0 0 0 0 0 0 0 0 0 0 0 0 0 0 0 0 0 0 0 0 0 0 0 0 0 0 0 0 0 0 0 0 0 0 0 0 0 0 0 0 0 0 0 0 0 0 0 
0 0 0 0 0 0 0 0 0 0 0 0 0 0 0 0 0 0 0 0 0 0 0 0 0 0 0 0 0 0 0 0 0 0 0 0 0 0 0 0 0 0 1 1 0 1 0 3 1 0 0 1 1 0 0 0 0 2 2 1 0 0 0 0 0 0 0 0 0 0 0 0 0 0 0 0 0 0 0 0 0 0 0 0 0 0 0 0 0 0 0 0 0 0 0 0 0 0 0 0 
0 0 0 0 0 0 0 0 0 0 0 0 0 0 0 0 0 0 0 0 0 0 0 0 0 0 0 0 0 0 0 0 0 0 1 1 2 0 4 5 3 3 5 4 5 5 6 8 15 16 15 10 12 8 9 12 9 11 7 2 4 5 0 0 0 0 0 0 0 0 0 0 0 0 0 0 0 0 0 0 0 0 0 0 0 0 0 0 0 0 0 0 0 0 0 0 0 0 0 0 
0 0 0 0 0 0 0 0 0 0 0 0 0 0 0 0 0 0 0 0 0 0 0 0 0 0 0 0 0 0 0 0 0 0 1 3 0 4 6 5 9 5 8 19 13 6 12 12 17 23 30 21 28 19 21 22 15 17 7 11 6 8 5 2 4 1 0 0 0 0 0 0 0 0 0 0 0 0 0 0 0 0 0 0 0 0 0 0 0 0 0 0 0 0 0 0 0 0 0 0 
0 0 0 0 0 0 0 0 0 0 0 0 0 0 0 0 0 0 0 0 0 0 0 0 0 0 0 0 0 0 0 0 0 0 1 2 1 4 6 13 7 10 16 10 16 20 24 29 37 42 52 35 25 29 29 23 30 22 24 14 16 8 5 2 2 0 0 0 0 0 0 0 0 0 0 0 0 0 0 0 0 0 0 0 0 0 0 0 0 0 0 0 0 0 0 0 0 0 0 0 
0 0 0 0 0 0 0 0 0 0 0 0 0 0 0 0 0 0 0 0 0 0 0 0 0 0 0 0 0 0 0 0 0 0 1 3 6 8 14 14 14 10 14 13 18 29 25 30 34 53 64 41 52 40 42 45 37 28 18 21 20 11 8 8 6 1 0 0 0 0 0 0 0 0 0 0 0 0 0 0 0 0 0 0 0 0 0 0 0 0 0 0 0 0 0 0 0 0 0 0 
0 0 0 0 0 0 0 0 0 0 0 0 0 0 0 0 0 0 0 0 0 0 0 0 0 0 0 0 0 0 0 0 0 0 1 1 9 10 10 15 19 24 16 29 22 34 30 36 58 80 71 49 68 55 55 32 51 32 41 30 26 20 13 6 7 2 0 0 0 0 0 0 0 0 0 0 0 0 0 0 0 0 0 0 0 0 0 0 0 0 0 0 0 0 0 0 0 0 0 0 
0 0 0 0 0 0 0 0 0 0 0 0 0 0 0 0 0 0 0 0 0 0 0 0 0 0 0 0 0 0 0 0 0 0 0 3 4 13 12 23 29 22 21 32 26 41 44 47 73 82 95 75 89 64 59 58 40 38 41 29 17 25 17 7 3 3 0 0 0 0 0 0 0 0 0 0 0 0 0 0 0 0 0 0 0 0 0 0 0 0 0 0 0 0 0 0 0 0 0 0 
0 0 0 0 0 0 0 0 0 0 0 0 0 0 0 0 0 0 0 0 0 0 0 0 0 0 0 0 0 0 0 0 0 0 0 4 7 17 22 30 27 26 25 32 35 43 45 49 79 80 95 98 88 88 66 59 56 39 54 32 35 26 19 11 4 0 0 0 0 0 0 0 0 0 0 0 0 0 0 0 0 0 0 0 0 0 0 0 0 0 0 0 0 0 0 0 0 0 0 0 
0 0 0 0 0 0 0 0 0 0 0 0 0 0 0 0 0 0 0 0 0 0 0 0 0 0 0 0 0 0 0 0 0 0 1 7 13 19 25 31 25 33 27 34 47 40 66 61 85 85 129 95 91 69 86 76 67 56 52 47 30 30 21 4 8 3 0 0 0 0 0 0 0 0 0 0 0 0 0 0 0 0 0 0 0 0 0 0 0 0 0 0 0 0 0 0 0 0 0 0 
0 0 0 0 0 0 0 0 0 0 0 0 0 0 0 0 0 0 0 0 0 0 0 0 0 0 0 0 0 0 0 0 0 0 0 11 11 14 29 21 32 32 36 45 40 58 63 71 89 127 133 118 104 101 98 83 74 77 69 50 44 23 21 9 10 1 0 0 0 0 0 0 0 0 0 0 0 0 0 0 0 0 0 0 0 0 0 0 0 0 0 0 0 0 0 0 0 0 0 0 
0 0 0 0 0 0 0 0 0 0 0 0 0 0 0 0 0 0 0 0 0 0 0 0 0 0 0 0 0 0 0 0 0 0 1 7 13 22 34 33 42 39 40 43 63 61 79 94 112 136 158 138 133 112 108 107 93 73 80 59 48 35 22 9 8 0 0 0 0 0 0 0 0 0 0 0 0 0 0 0 0 0 0 0 0 0 0 0 0 0 0 0 0 0 0 0 0 0 0 0 
0 0 0 0 0 0 0 0 0 0 0 0 0 0 0 0 0 0 0 0 0 0 0 0 0 0 0 0 0 0 0 0 0 0 1 7 12 22 35 33 26 34 44 61 68 65 90 87 113 166 155 159 131 126 115 127 88 86 52 63 56 33 23 8 14 1 0 0 0 0 0 0 0 0 0 0 0 0 0 0 0 0 0 0 0 0 0 0 0 0 0 0 0 0 0 0 0 0 0 0 
0 0 0 0 0 0 0 0 0 0 0 0 0 0 0 0 0 0 0 0 0 0 0 0 0 0 0 0 0 0 0 0 0 0 0 6 30 34 37 34 53 48 37 58 58 59 90 87 134 165 179 159 147 141 128 125 116 97 69 61 59 39 25 19 14 4 0 0 0 0 0 0 0 0 0 0 0 0 0 0 0 0 0 0 0 0 0 0 0 0 0 0 0 0 0 0 0 0 0 0 
0 0 0 0 0 0 0 0 0 0 0 0 0 0 0 0 0 0 0 0 0 0 0 0 0 0 0 0 0 0 0 0 0 0 2 11 26 30 43 51 45 58 57 53 63 79 91 122 146 166 186 155 165 159 129 138 123 92 88 80 58 46 32 16 18 0 0 0 0 0 0 0 0 0 0 0 0 0 0 0 0 0 0 0 0 0 0 0 0 0 0 0 0 0 0 0 0 0 0 0 
0 0 0 0 0 0 0 0 0 0 0 0 0 0 0 0 0 0 0 0 0 0 0 0 0 0 0 0 0 0 0 0 0 0 1 10 19 35 32 43 44 56 62 80 84 76 103 123 148 180 192 193 172 179 148 143 138 109 110 76 61 59 28 16 14 7 0 0 0 0 0 0 0 0 0 0 0 0 0 0 0 0 0 0 0 0 0 0 0 0 0 0 0 0 0 0 0 0 0 0 
0 0 0 0 0 0 0 0 0 0 0 0 0 0 0 0 0 0 0 0 0 0 0 0 0 0 0 0 0 0 0 0 0 0 4 11 20 39 53 42 58 70 74 82 103 80 118 124 150 207 207 194 206 159 157 162 148 121 108 84 68 51 34 25 17 0 0 0 0 0 0 0 0 0 0 0 0 0 0 0 0 0 0 0 0 0 0 0 0 0 0 0 0 0 0 0 0 0 0 0 
0 0 0 0 0 0 0 0 0 0 0 0 0 0 0 0 0 0 0 0 0 0 0 0 0 0 0 0 0 0 0 0 0 0 2 16 23 33 55 42 59 66 73 64 68 82 109 123 177 215 212 204 211 185 162 161 142 139 106 94 79 48 30 20 18 1 0 0 0 0 0 0 0 0 0 0 0 0 0 0 0 0 0 0 0 0 0 0 0 0 0 0 0 0 0 0 0 0 0 0 
0 0 0 0 0 0 0 0 0 0 0 0 0 0 0 0 0 0 0 0 0 0 0 0 0 0 0 0 0 0 0 0 0 0 5 15 35 55 45 58 69 74 75 91 94 138 135 122 196 244 213 207 207 179 179 173 141 134 109 109 84 66 37 21 19 5 0 0 0 0 0 0 0 0 0 0 0 0 0 0 0 0 0 0 0 0 0 0 0 0 0 0 0 0 0 0 0 0 0 0 
0 0 0 0 0 0 0 0 0 0 0 0 0 0 0 0 0 0 0 0 0 0 0 0 0 0 0 0 0 0 0 0 0 0 2 10 30 46 54 73 64 77 77 92 82 125 156 152 217 237 254 242 213 218 192 194 167 152 134 109 93 64 37 19 18 7 0 0 0 0 0 0 0 0 0 0 0 0 0 0 0 0 0 0 0 0 0 0 0 0 0 0 0 0 0 0 0 0 0 0 
0 0 0 0 0 0 0 0 0 0 0 0 0 0 0 0 0 0 0 0 0 0 0 0 0 0 0 0 0 0 0 0 0 0 1 26 26 51 52 59 76 60 88 96 104 122 153 142 210 243 292 263 217 240 190 161 179 157 121 135 89 77 38 21 18 4 0 0 0 0 0 0 0 0 0 0 0 0 0 0 0 0 0 0 0 0 0 0 0 0 0 0 0 0 0 0 0 0 0 0 
0 0 0 0 0 0 0 0 0 0 0 0 0 0 0 0 0 0 0 0 0 0 0 0 0 0 0 0 0 0 0 0 0 0 3 11 26 49 55 67 72 91 82 102 114 124 144 185 246 285 326 263 259 245 224 208 175 143 146 135 99 68 50 31 21 4 0 0 0 0 0 0 0 0 0 0 0 0 0 0 0 0 0 0 0 0 0 0 0 0 0 0 0 0 0 0 0 0 0 0 
0 0 0 0 0 0 0 0 0 0 0 0 0 0 0 0 0 0 0 0 0 0 0 0 0 0 0 0 0 0 0 0 0 0 1 21 22 45 63 81 97 93 99 101 128 120 157 188 250 286 278 301 283 252 251 224 187 150 149 126 105 72 36 28 16 7 0 0 0 0 0 0 0 0 0 0 0 0 0 0 0 0 0 0 0 0 0 0 0 0 0 0 0 0 0 0 0 0 0 0 
0 0 0 0 0 0 0 0 0 0 0 0 0 0 0 0 0 0 0 0 0 0 0 0 0 0 0 0 0 0 0 0 0 0 4 23 38 51 58 66 85 112 114 114 139 151 142 161 249 332 331 315 270 257 249 249 189 172 163 144 112 80 42 26 18 5 0 0 0 0 0 0 0 0 0 0 0 0 0 0 0 0 0 0 0 0 0 0 0 0 0 0 0 0 0 0 0 0 0 0 
0 0 0 0 0 0 0 0 0 0 0 0 0 0 0 0 0 0 0 0 0 0 0 0 0 0 0 0 0 0 0 0 0 0 1 21 38 59 74 83 78 100 110 106 124 135 168 192 277 356 349 354 293 259 284 234 226 190 155 146 127 85 43 30 21 9 0 0 0 0 0 0 0 0 0 0 0 0 0 0 0 0 0 0 0 0 0 0 0 0 0 0 0 0 0 0 0 0 0 0 
0 0 0 0 0 0 0 0 0 0 0 0 0 0 0 0 0 0 0 0 0 0 0 0 0 0 0 0 0 0 0 0 0 0 1 20 45 57 68 106 88 96 143 107 129 159 176 223 289 378 375 346 322 255 262 247 216 201 173 137 108 79 57 32 19 4 0 0 0 0 0 0 0 0 0 0 0 0 0 0 0 0 0 0 0 0 0 0 0 0 0 0 0 0 0 0 0 0 0 0 
0 0 0 0 0 0 0 0 0 0 0 0 0 0 0 0 0 0 0 0 0 0 0 0 0 0 0 0 0 0 0 0 0 0 1 16 37 67 79 104 104 96 96 105 115 159 190 204 299 361 358 338 308 282 266 228 190 182 181 164 122 92 61 40 26 7 0 0 0 0 0 0 0 0 0 0 0 0 0 0 0 0 0 0 0 0 0 0 0 0 0 0 0 0 0 0 0 0 0 0 
0 0 0 0 0 0 0 0 0 0 0 0 0 0 0 0 0 0 0 0 0 0 0 0 0 0 0 0 0 0 0 0 0 0 2 17 35 52 71 91 83 109 119 145 107 155 179 200 287 324 348 353 272 294 239 239 211 198 165 143 95 76 53 24 19 7 0 0 0 0 0 0 0 0 0 0 0 0 0 0 0 0 0 0 0 0 0 0 0 0 0 0 0 0 0 0 0 0 0 0 
0 0 0 0 0 0 0 0 0 0 0 0 0 0 0 0 0 0 0 0 0 0 0 0 0 0 0 0 0 0 0 0 0 0 2 14 33 51 104 64 98 106 116 108 147 150 155 194 282 363 320 320 315 265 250 243 200 165 155 148 122 87 62 24 22 6 0 0 0 0 0 0 0 0 0 0 0 0 0 0 0 0 0 0 0 0 0 0 0 0 0 0 0 0 0 0 0 0 0 0 
0 0 0 0 0 0 0 0 0 0 0 0 0 0 0 0 0 0 0 0 0 0 0 0 0 0 0 0 0 0 0 0 0 0 3 16 39 65 72 79 83 101 115 126 133 149 189 200 290 325 372 326 271 295 231 238 217 187 171 138 119 94 41 38 24 4 0 0 0 0 0 0 0 0 0 0 0 0 0 0 0 0 0 0 0 0 0 0 0 0 0 0 0 0 0 0 0 0 0 0 
0 0 0 0 0 0 0 0 0 0 0 0 0 0 0 0 0 0 0 0 0 0 0 0 0 0 0 0 0 0 0 0 0 0 4 21 35 55 93 83 102 108 88 124 115 151 164 195 277 307 351 316 312 244 274 244 202 237 157 132 97 76 49 25 29 5 0 0 0 0 0 0 0 0 0 0 0 0 0 0 0 0 0 0 0 0 0 0 0 0 0 0 0 0 0 0 0 0 0 0 
0 0 0 0 0 0 0 0 0 0 0 0 0 0 0 0 0 0 0 0 0 0 0 0 0 0 0 0 0 0 0 0 0 0 3 23 34 56 77 83 95 109 93 122 140 155 171 207 273 363 349 362 287 275 263 244 244 189 166 153 114 91 53 34 18 7 0 0 0 0 0 0 0 0 0 0 0 0 0 0 0 0 0 0 0 0 0 0 0 0 0 0 0 0 0 0 0 0 0 0 
0 0 0 0 0 0 0 0 0 0 0 0 0 0 0 0 0 0 0 0 0 0 0 0 0 0 0 0 0 0 0 0 0 0 4 18 38 69 78 85 99 109 99 136 166 164 213 199 272 348 359 319 318 276 247 236 238 188 175 143 129 87 47 25 25 5 0 0 0 0 0 0 0 0 0 0 0 0 0 0 0 0 0 0 0 0 0 0 0 0 0 0 0 0 0 0 0 0 0 0 
0 0 0 0 0 0 0 0 0 0 0 0 0 0 0 0 0 0 0 0 0 0 0 0 0 0 0 0 0 0 0 0 0 0 2 23 40 61 58 91 98 121 106 111 126 133 183 203 294 326 360 342 277 280 226 225 180 190 183 135 109 78 66 40 11 4 0 0 0 0 0 0 0 0 0 0 0 0 0 0 0 0 0 0 0 0 0 0 0 0 0 0 0 0 0 0 0 0 0 0 
0 0 0 0 0 0 0 0 0 0 0 0 0 0 0 0 0 0 0 0 0 0 0 0 0 0 0 0 0 0 0 0 0 0 1 21 30 44 80 71 87 109 111 101 132 130 157 187 300 315 339 315 304 269 258 238 226 162 157 156 102 78 57 33 12 4 0 0 0 0 0 0 0 0 0 0 0 0 0 0 0 0 0 0 0 0 0 0 0 0 0 0 0 0 0 0 0 0 0 0 
0 0 0 0 0 0 0 0 0 0 0 0 0 0 0 0 0 0 0 0 0 0 0 0 0 0 0 0 0 0 0 0 0 0 2 15 45 51 64 69 78 96 72 107 139 121 152 174 235 292 320 293 281 270 243 217 174 169 171 143 113 61 46 34 23 8 0 0 0 0 0 0 0 0 0 0 0 0 0 0 0 0 0 0 0 0 0 0 0 0 0 0 0 0 0 0 0 0 0 0 
0 0 0 0 0 0 0 0 0 0 0 0 0 0 0 0 0 0 0 0 0 0 0 0 0 0 0 0 0 0 0 0 0 0 2 16 35 42 57 72 84 93 75 114 113 135 153 180 220 294 283 281 246 244 215 198 189 158 162 122 99 67 50 24 19 5 0 0 0 0 0 0 0 0 0 0 0 0 0 0 0 0 0 0 0 0 0 0 0 0 0 0 0 0 0 0 0 0 0 0 
0 0 0 0 0 0 0 0 0 0 0 0 0 0 0 0 0 0 0 0 0 0 0 0 0 0 0 0 0 0 0 0 0 0 1 15 22 52 60 64 86 52 98 92 121 115 137 146 222 282 307 237 236 245 192 184 155 156 147 115 95 77 43 26 19 2 0 0 0 0 0 0 0 0 0 0 0 0 0 0 0 0 0 0 0 0 0 0 0 0 0 0 0 0 0 0 0 0 0 0 
0 0 0 0 0 0 0 0 0 0 0 0 0 0 0 0 0 0 0 0 0 0 0 0 0 0 0 0 0 0 0 0 0 0 4 10 26 47 47 70 77 70 98 100 102 116 131 152 201 248 255 236 242 220 187 175 168 150 139 118 83 66 44 19 24 5 1 0 0 0 0 0 0 0 0 0 0 0 0 0 0 0 0 0 0 0 0 0 0 0 0 0 0 0 0 0 0 0 0 0 
0 0 0 0 0 0 0 0 0 0 0 0 0 0 0 0 0 0 0 0 0 0 0 0 0 0 0 0 0 0 0 0 0 0 1 10 28 36 56 63 65 71 71 81 85 100 127 112 194 239 243 242 201 211 166 154 168 138 120 101 87 64 35 18 16 6 0 0 0 0 0 0 0 0 0 0 0 0 0 0 0 0 0 0 0 0 0 0 0 0 0 0 0 0 0 0 0 0 0 0 
0 0 0 0 0 0 0 0 0 0 0 0 0 0 0 0 0 0 0 0 0 0 0 0 0 0 0 0 0 0 0 0 0 0 1 15 20 41 55 61 46 60 95 87 80 105 113 145 190 215 215 223 217 176 164 152 140 134 104 99 88 57 38 20 16 3 0 0 0 0 0 0 0 0 0 0 0 0 0 0 0 0 0 0 0 0 0 0 0 0 0 0 0 0 0 0 0 0 0 0 
0 0 0 0 0 0 0 0 0 0 0 0 0 0 0 0 0 0 0 0 0 0 0 0 0 0 0 0 0 0 0 0 0 0 3 12 26 40 44 51 60 66 59 56 99 89 114 123 182 230 212 225 210 168 166 144 146 129 103 110 70 67 24 19 11 6 0 0 0 0 0 0 0 0 0 0 0 0 0 0 0 0 0 0 0 0 0 0 0 0 0 0 0 0 0 0 0 0 0 0 
0 0 0 0 0 0 0 0 0 0 0 0 0 0 0 0 0 0 0 0 0 0 0 0 0 0 0 0 0 0 0 0 0 0 2 13 21 47 36 50 49 64 59 62 81 86 94 109 149 203 201 193 169 178 142 126 138 92 85 89 77 42 34 20 15 5 0 0 0 0 0 0 0 0 0 0 0 0 0 0 0 0 0 0 0 0 0 0 0 0 0 0 0 0 0 0 0 0 0 0 
0 0 0 0 0 0 0 0 0 0 0 0 0 0 0 0 0 0 0 0 0 0 0 0 0 0 0 0 0 0 0 0 0 0 1 8 20 32 34 42 54 67 60 60 78 86 98 110 149 167 187 189 154 128 130 126 111 88 66 57 64 48 24 11 13 1 0 0 0 0 0 0 0 0 0 0 0 0 0 0 0 0 0 0 0 0 0 0 0 0 0 0 0 0 0 0 0 0 0 0 
0 0 0 0 0 0 0 0 0 0 0 0 0 0 0 0 0 0 0 0 0 0 0 0 0 0 0 0 0 0 0 0 0 0 3 11 29 36 42 21 51 43 59 57 51 73 76 96 124 166 164 168 148 123 119 107 104 102 89 55 71 53 20 13 10 2 0 0 0 0 0 0 0 0 0 0 0 0 0 0 0 0 0 0 0 0 0 0 0 0 0 0 0 0 0 0 0 0 0 0 
0 0 0 0 0 0 0 0 0 0 0 0 0 0 0 0 0 0 0 0 0 0 0 0 0 0 0 0 0 0 0 0 0 0 1 12 18 28 29 44 40 44 50 47 65 68 80 71 121 159 157 125 147 124 102 102 123 76 66 72 71 53 34 18 10 4 0 0 0 0 0 0 0 0 0 0 0 0 0 0 0 0 0 0 0 0 0 0 0 0 0 0 0 0 0 0 0 0 0 0 
0 0 0 0 0 0 0 0 0 0 0 0 0 0 0 0 0 0 0 0 0 0 0 0 0 0 0 0 0 0 0 0 0 0 2 5 18 19 29 31 45 32 49 49 60 56 65 77 125 134 147 117 131 104 125 87 82 88 65 65 47 32 19 11 10 3 0 0 0 0 0 0 0 0 0 0 0 0 0 0 0 0 0 0 0 0 0 0 0 0 0 0 0 0 0 0 0 0 0 0 
0 0 0 0 0 0 0 0 0 0 0 0 0 0 0 0 0 0 0 0 0 0 0 0 0 0 0 0 0 0 0 0 0 0 1 9 9 19 16 31 25 40 37 49 46 53 64 60 105 118 145 122 131 104 109 96 81 78 63 45 40 43 10 10 10 5 0 0 0 0 0 0 0 0 0 0 0 0 0 0 0 0 0 0 0 0 0 0 0 0 0 0 0 0 0 0 0 0 0 0 
0 0 0 0 0 0 0 0 0 0 0 0 0 0 0 0 0 0 0 0 0 0 0 0 0 0 0 0 0 0 0 0 0 0 1 5 9 13 18 35 26 24 44 45 54 68 57 69 93 115 96 130 111 79 77 80 68 58 48 36 35 24 14 7 4 1 0 0 0 0 0 0 0 0 0 0 0 0 0 0 0 0 0 0 0 0 0 0 0 0 0 0 0 0 0 0 0 0 0 0 
0 0 0 0 0 0 0 0 0 0 0 0 0 0 0 0 0 0 0 0 0 0 0 0 0 0 0 0 0 0 0 0 0 0 1 5 15 12 14 27 22 21 31 34 36 48 45 55 81 90 86 75 98 83 73 65 58 58 53 42 33 22 7 16 5 1 0 0 0 0 0 0 0 0 0 0 0 0 0 0 0 0 0 0 0 0 0 0 0 0 0 0 0 0 0 0 0 0 0 0 
0 0 0 0 0 0 0 0 0 0 0 0 0 0 0 0 0 0 0 0 0 0 0 0 0 0 0 0 0 0 0 0 0 0 3 1 9 16 18 17 17 28 23 31 35 34 37 37 68 67 80 63 66 59 49 51 36 47 36 37 24 20 16 6 3 1 0 0 0 0 0 0 0 0 0 0 0 0 0 0 0 0 0 0 0 0 0 0 0 0 0 0 0 0 0 0 0 0 0 0 
0 0 0 0 0 0 0 0 0 0 0 0 0 0 0 0 0 0 0 0 0 0 0 0 0 0 0 0 0 0 0 0 0 0 1 4 8 10 22 16 17 27 15 21 26 27 30 42 47 57 57 53 66 57 37 33 41 43 24 38 19 22 18 6 2 2 0 0 0 0 0 0 0 0 0 0 0 0 0 0 0 0 0 0 0 0 0 0 0 0 0 0 0 0 0 0 0 0 0 0 
0 0 0 0 0 0 0 0 0 0 0 0 0 0 0 0 0 0 0 0 0 0 0 0 0 0 0 0 0 0 0 0 0 0 0 4 6 6 9 5 17 16 13 16 24 21 15 33 33 53 45 42 33 37 43 26 27 26 28 22 12 10 16 4 3 1 0 0 0 0 0 0 0 0 0 0 0 0 0 0 0 0 0 0 0 0 0 0 0 0 0 0 0 0 0 0 0 0 0 0 
0 0 0 0 0 0 0 0 0 0 0 0 0 0 0 0 0 0 0 0 0 0 0 0 0 0 0 0 0 0 0 0 0 0 0 3 5 4 7 10 10 10 14 11 25 13 15 16 40 40 48 32 30 39 32 26 29 25 16 19 15 8 7 5 2 0 0 0 0 0 0 0 0 0 0 0 0 0 0 0 0 0 0 0 0 0 0 0 0 0 0 0 0 0 0 0 0 0 0 0 
0 0 0 0 0 0 0 0 0 0 0 0 0 0 0 0 0 0 0 0 0 0 0 0 0 0 0 0 0 0 0 0 0 0 1 4 4 4 2 4 8 11 14 18 7 9 17 18 21 34 26 34 34 17 20 15 21 14 17 14 16 9 5 4 2 0 0 0 0 0 0 0 0 0 0 0 0 0 0 0 0 0 0 0 0 0 0 0 0 0 0 0 0 0 0 0 0 0 0 0 
0 0 0 0 0 0 0 0 0 0 0 0 0 0 0 0 0 0 0 0 0 0 0 0 0 0 0 0 0 0 0 0 0 0 0 1 0 2 7 3 3 4 7 5 6 8 6 6 6 19 8 15 12 14 11 5 9 4 5 5 5 3 2 3 1 1 0 0 0 0 0 0 0 0 0 0 0 0 0 0 0 0 0 0 0 0 0 0 0 0 0 0 0 0 0 0 0 0 0 0 
0 0 0 0 0 0 0 0 0 0 0 0 0 0 0 0 0 0 0 0 0 0 0 0 0 0 0 0 0 0 0 0 0 0 0 0 0 0 1 0 0 0 3 0 0 0 0 0 1 1 0 3 1 3 3 3 0 0 1 0 1 0 1 0 0 0 0 0 0 0 0 0 0 0 0 0 0 0 0 0 0 0 0 0 0 0 0 0 0 0 0 0 0 0 0 0 0 0 0 0 
0 0 0 0 0 0 0 0 0 0 0 0 0 0 0 0 0 0 0 0 0 0 0 0 0 0 0 0 0 0 0 0 0 0 0 0 0 0 0 0 0 0 0 0 0 0 0 0 0 0 0 0 0 0 0 0 0 0 0 0 0 0 0 0 0 0 0 0 0 0 0 0 0 0 0 0 0 0 0 0 0 0 0 0 0 0 0 0 0 0 0 0 0 0 0 0 0 0 0 0 
0 0 0 0 0 0 0 0 0 0 0 0 0 0 0 0 0 0 0 0 0 0 0 0 0 0 0 0 0 0 0 0 0 0 0 0 0 0 0 0 0 0 0 0 0 0 0 0 0 0 0 0 0 0 0 0 0 0 0 0 0 0 0 0 0 0 0 0 0 0 0 0 0 0 0 0 0 0 0 0 0 0 0 0 0 0 0 0 0 0 0 0 0 0 0 0 0 0 0 0 
0 0 0 0 0 0 0 0 0 0 0 0 0 0 0 0 0 0 0 0 0 0 0 0 0 0 0 0 0 0 0 0 0 0 0 0 0 0 0 0 0 0 0 0 0 0 0 0 0 0 0 0 0 0 0 0 0 0 0 0 0 0 0 0 0 0 0 0 0 0 0 0 0 0 0 0 0 0 0 0 0 0 0 0 0 0 0 0 0 0 0 0 0 0 0 0 0 0 0 0 
0 0 0 0 0 0 0 0 0 0 0 0 0 0 0 0 0 0 0 0 0 0 0 0 0 0 0 0 0 0 0 0 0 0 0 0 0 0 0 0 0 0 0 0 0 0 0 0 0 0 0 0 0 0 0 0 0 0 0 0 0 0 0 0 0 0 0 0 0 0 0 0 0 0 0 0 0 0 0 0 0 0 0 0 0 0 0 0 0 0 0 0 0 0 0 0 0 0 0 0 
0 0 0 0 0 0 0 0 0 0 0 0 0 0 0 0 0 0 0 0 0 0 0 0 0 0 0 0 0 0 0 0 0 0 0 0 0 0 0 0 0 0 0 0 0 0 0 0 0 0 0 0 0 0 0 0 0 0 0 0 0 0 0 0 0 0 0 0 0 0 0 0 0 0 0 0 0 0 0 0 0 0 0 0 0 0 0 0 0 0 0 0 0 0 0 0 0 0 0 0 
0 0 0 0 0 0 0 0 0 0 0 0 0 0 0 0 0 0 0 0 0 0 0 0 0 0 0 0 0 0 0 0 0 0 0 0 0 0 0 0 0 0 0 0 0 0 0 0 0 0 0 0 0 0 0 0 0 0 0 0 0 0 0 0 0 0 0 0 0 0 0 0 0 0 0 0 0 0 0 0 0 0 0 0 0 0 0 0 0 0 0 0 0 0 0 0 0 0 0 0 
0 0 0 0 0 0 0 0 0 0 0 0 0 0 0 0 0 0 0 0 0 0 0 0 0 0 0 0 0 0 0 0 0 0 0 0 0 0 0 0 0 0 0 0 0 0 0 0 0 0 0 0 0 0 0 0 0 0 0 0 0 0 0 0 0 0 0 0 0 0 0 0 0 0 0 0 0 0 0 0 0 0 0 0 0 0 0 0 0 0 0 0 0 0 0 0 0 0 0 0 
0 0 0 0 0 0 0 0 0 0 0 0 0 0 0 0 0 0 0 0 0 0 0 0 0 0 0 0 0 0 0 0 0 0 0 0 0 0 0 0 0 0 0 0 0 0 0 0 0 0 0 0 0 0 0 0 0 0 0 0 0 0 0 0 0 0 0 0 0 0 0 0 0 0 0 0 0 0 0 0 0 0 0 0 0 0 0 0 0 0 0 0 0 0 0 0 0 0 0 0 
0 0 0 0 0 0 0 0 0 0 0 0 0 0 0 0 0 0 0 0 0 0 0 0 0 0 0 0 0 0 0 0 0 0 0 0 0 0 0 0 0 0 0 0 0 0 0 0 0 0 0 0 0 0 0 0 0 0 0 0 0 0 0 0 0 0 0 0 0 0 0 0 0 0 0 0 0 0 0 0 0 0 0 0 0 0 0 0 0 0 0 0 0 0 0 0 0 0 0 0 
0 0 0 0 0 0 0 0 0 0 0 0 0 0 0 0 0 0 0 0 0 0 0 0 0 0 0 0 0 0 0 0 0 0 0 0 0 0 0 0 0 0 0 0 0 0 0 0 0 0 0 0 0 0 0 0 0 0 0 0 0 0 0 0 0 0 0 0 0 0 0 0 0 0 0 0 0 0 0 0 0 0 0 0 0 0 0 0 0 0 0 0 0 0 0 0 0 0 0 0 
0 0 0 0 0 0 0 0 0 0 0 0 0 0 0 0 0 0 0 0 0 0 0 0 0 0 0 0 0 0 0 0 0 0 0 0 0 0 0 0 0 0 0 0 0 0 0 0 0 0 0 0 0 0 0 0 0 0 0 0 0 0 0 0 0 0 0 0 0 0 0 0 0 0 0 0 0 0 0 0 0 0 0 0 0 0 0 0 0 0 0 0 0 0 0 0 0 0 0 0 
0 0 0 0 0 0 0 0 0 0 0 0 0 0 0 0 0 0 0 0 0 0 0 0 0 0 0 0 0 0 0 0 0 0 0 0 0 0 0 0 0 0 0 0 0 0 0 0 0 0 0 0 0 0 0 0 0 0 0 0 0 0 0 0 0 0 0 0 0 0 0 0 0 0 0 0 0 0 0 0 0 0 0 0 0 0 0 0 0 0 0 0 0 0 0 0 0 0 0 0 
0 0 0 0 0 0 0 0 0 0 0 0 0 0 0 0 0 0 0 0 0 0 0 0 0 0 0 0 0 0 0 0 0 0 0 0 0 0 0 0 0 0 0 0 0 0 0 0 0 0 0 0 0 0 0 0 0 0 0 0 0 0 0 0 0 0 0 0 0 0 0 0 0 0 0 0 0 0 0 0 0 0 0 0 0 0 0 0 0 0 0 0 0 0 0 0 0 0 0 0 
0 0 0 0 0 0 0 0 0 0 0 0 0 0 0 0 0 0 0 0 0 0 0 0 0 0 0 0 0 0 0 0 0 0 0 0 0 0 0 0 0 0 0 0 0 0 0 0 0 0 0 0 0 0 0 0 0 0 0 0 0 0 0 0 0 0 0 0 0 0 0 0 0 0 0 0 0 0 0 0 0 0 0 0 0 0 0 0 0 0 0 0 0 0 0 0 0 0 0 0 
0 0 0 0 0 0 0 0 0 0 0 0 0 0 0 0 0 0 0 0 0 0 0 0 0 0 0 0 0 0 0 0 0 0 0 0 0 0 0 0 0 0 0 0 0 0 0 0 0 0 0 0 0 0 0 0 0 0 0 0 0 0 0 0 0 0 0 0 0 0 0 0 0 0 0 0 0 0 0 0 0 0 0 0 0 0 0 0 0 0 0 0 0 0 0 0 0 0 0 0 
0 0 0 0 0 0 0 0 0 0 0 0 0 0 0 0 0 0 0 0 0 0 0 0 0 0 0 0 0 0 0 0 0 0 0 0 0 0 0 0 0 0 0 0 0 0 0 0 0 0 0 0 0 0 0 0 0 0 0 0 0 0 0 0 0 0 0 0 0 0 0 0 0 0 0 0 0 0 0 0 0 0 0 0 0 0 0 0 0 0 0 0 0 0 0 0 0 0 0 0 
0 0 0 0 0 0 0 0 0 0 0 0 0 0 0 0 0 0 0 0 0 0 0 0 0 0 0 0 0 0 0 0 0 0 0 0 0 0 0 0 0 0 0 0 0 0 0 0 0 0 0 0 0 0 0 0 0 0 0 0 0 0 0 0 0 0 0 0 0 0 0 0 0 0 0 0 0 0 0 0 0 0 0 0 0 0 0 0 0 0 0 0 0 0 0 0 0 0 0 0 
0 0 0 0 0 0 0 0 0 0 0 0 0 0 0 0 0 0 0 0 0 0 0 0 0 0 0 0 0 0 0 0 0 0 0 0 0 0 0 0 0 0 0 0 0 0 0 0 0 0 0 0 0 0 0 0 0 0 0 0 0 0 0 0 0 0 0 0 0 0 0 0 0 0 0 0 0 0 0 0 0 0 0 0 0 0 0 0 0 0 0 0 0 0 0 0 0 0 0 0 
0 0 0 0 0 0 0 0 0 0 0 0 0 0 0 0 0 0 0 0 0 0 0 0 0 0 0 0 0 0 0 0 0 0 0 0 0 0 0 0 0 0 0 0 0 0 0 0 0 0 0 0 0 0 0 0 0 0 0 0 0 0 0 0 0 0 0 0 0 0 0 0 0 0 0 0 0 0 0 0 0 0 0 0 0 0 0 0 0 0 0 0 0 0 0 0 0 0 0 0 
0 0 0 0 0 0 0 0 0 0 0 0 0 0 0 0 0 0 0 0 0 0 0 0 0 0 0 0 0 0 0 0 0 0 0 0 0 0 0 0 0 0 0 0 0 0 0 0 0 0 0 0 0 0 0 0 0 0 0 0 0 0 0 0 0 0 0 0 0 0 0 0 0 0 0 0 0 0 0 0 0 0 0 0 0 0 0 0 0 0 0 0 0 0 0 0 0 0 0 0 
0 0 0 0 0 0 0 0 0 0 0 0 0 0 0 0 0 0 0 0 0 0 0 0 0 0 0 0 0 0 0 0 0 0 0 0 0 0 0 0 0 0 0 0 0 0 0 0 0 0 0 0 0 0 0 0 0 0 0 0 0 0 0 0 0 0 0 0 0 0 0 0 0 0 0 0 0 0 0 0 0 0 0 0 0 0 0 0 0 0 0 0 0 0 0 0 0 0 0 0 
0 0 0 0 0 0 0 0 0 0 0 0 0 0 0 0 0 0 0 0 0 0 0 0 0 0 0 0 0 0 0 0 0 0 0 0 0 0 0 0 0 0 0 0 0 0 0 0 0 0 0 0 0 0 0 0 0 0 0 0 0 0 0 0 0 0 0 0 0 0 0 0 0 0 0 0 0 0 0 0 0 0 0 0 0 0 0 0 0 0 0 0 0 0 0 0 0 0 0 0 
