# Format: McCode with text headers
# URL: http://www.mccode.org
# Creator: McStas 3.1 - Nov. 24, 2021
# Instrument: FullInstrument_v4_elastic_resolution.instr
# Ncount: 2000000
# Trace: no
# Gravitation: no
# Seed: -1862442639
# Directory: Geo1/35
# Param: slitwidth=0.5
# Param: SourceE=5
# Param: DeltaSourceE=0.3
# Param: EI=5
# Param: A3=0
# Param: A4=-90
# Param: SAMPLE=3
# Param: file_name=EGECE_13WaveLmax1_geometry.dat.txt
# Param: RV_mono_Bool=0.5
# Param: RH_mono_Bool=0.5
# Param: Be_filter=1
# Param: old_mono=0
# Param: sampleHeight=0.01
# Param: sampleRadius=0.005
# Param: samplePosY=0
# Param: simon=35
# Date: Tue Mar 08 12:49:06 2022 (1646740146)
# type: array_2d(100, 100)
# Source: PSI_CAMEA (FullInstrument_v4_elastic_resolution.instr)
# component: kim
# position: 0 0 70.6
# title: PSD monitor
# Ncount: 2000000
# filename: kristine.dat
# statistics: X0=-0.0108393; dX=3.9243; Y0=0.220946; dY=4.00446;
# signal: Min=0; Max=6893.78; Mean=278.842;
# values: 2.78842e+006 78795.9 1263
# xvar: X 
# yvar: Y 
# xlabel: X position [cm]
# ylabel: Y position [cm]
# zvar: I
# zlabel: Signal per bin
# xylimits: -7 7 -7 7
# variables: I I_err N
# Data [kim/kristine.dat] I:
0 0 0 2213.102589 0 0 0 0 0 0 0 0 0 0 0 0 0 0 0 0 0 0 0 0 2253.203012 0 0 0 0 2239.771237 0 0 2366.633596 2066.473593 0 0 0 0 0 0 0 2324.48242 0 0 0 0 2350.110487 0 0 0 0 0 0 0 0 0 0 0 0 2355.045746 0 0 0 0 0 0 0 0 0 0 0 0 0 0 0 0 0 0 0 1664.460951 1725.667701 0 0 0 0 0 2268.809156 0 2215.366932 0 0 0 0 0 0 0 0 0 0 0 
0 0 0 0 0 0 0 0 0 0 0 2255.027542 0 0 0 2328.284729 0 0 0 0 0 0 0 0 2332.023958 0 0 0 0 0 0 0 0 0 0 0 0 0 0 0 0 0 0 6844.852647 0 0 0 2299.175281 0 0 0 0 0 0 0 0 2320.244511 0 0 2047.291101 0 0 0 0 0 0 0 0 0 0 0 0 0 0 0 0 0 0 2273.362854 0 2345.969063 0 0 0 1616.770203 0 0 0 0 0 0 0 0 0 0 0 0 0 0 0 
0 0 0 0 0 0 0 0 0 0 0 0 0 0 0 0 0 2154.298693 0 0 0 0 0 0 0 0 0 0 0 0 0 0 0 0 0 0 2064.873564 0 2032.727224 0 2289.946319 0 0 0 2403.115976 0 0 0 2237.587814 0 0 0 0 0 0 2345.946806 0 0 0 0 0 0 0 0 0 0 0 0 0 0 0 0 0 0 0 0 0 0 0 0 2182.893164 0 0 0 0 0 0 2256.989681 0 0 0 0 0 0 0 0 0 0 0 0 
0 0 0 0 0 0 0 0 0 0 0 0 0 0 0 0 0 0 0 0 0 0 2440.195746 0 0 0 0 0 0 0 0 0 0 0 2094.471672 0 0 0 0 2270.183096 0 0 0 0 0 0 0 0 2310.624291 0 0 0 0 0 0 0 0 2116.730035 0 2224.142073 0 0 0 0 0 2215.779956 0 2292.933953 0 0 1639.922444 2291.402924 0 0 0 0 0 0 0 0 0 0 0 0 0 0 3911.722398 0 0 0 0 0 0 0 0 1724.682774 0 0 0 0 
0 0 0 0 0 0 0 0 0 0 0 0 0 0 0 0 0 0 0 0 2273.207679 0 0 0 0 2228.401765 0 0 0 0 0 0 0 0 0 0 0 0 0 0 0 0 0 0 0 0 0 0 0 0 0 0 0 0 2376.935966 0 0 0 0 0 0 0 0 0 0 0 0 0 2310.297003 0 0 0 0 0 0 0 0 0 0 0 0 0 0 0 0 0 0 0 0 0 0 0 0 0 0 0 0 0 0 0 
0 0 0 0 0 0 0 0 0 0 0 0 0 0 0 0 0 0 0 0 0 0 0 0 2427.913965 0 0 2098.929632 0 2348.818654 0 0 0 0 0 0 0 0 0 0 0 2290.581953 0 0 0 0 0 2332.214385 0 0 2351.321175 0 0 4478.505489 0 0 0 0 0 0 0 0 0 0 0 0 0 0 0 0 0 0 2347.001782 0 0 0 0 0 0 0 0 0 0 0 0 0 0 0 0 0 0 0 1707.993218 0 0 1711.238127 0 2295.909266 0 0 
0 0 0 0 0 0 2327.792425 0 0 0 0 0 0 0 0 0 0 0 0 0 0 0 0 0 0 0 0 2290.512953 0 0 0 0 0 0 0 0 0 0 0 0 0 0 0 0 0 0 0 0 0 0 0 0 0 0 0 0 2336.427521 0 0 0 0 0 0 0 2364.051006 0 0 0 0 0 2279.893591 0 0 0 0 0 0 0 0 0 0 0 0 2220.544218 0 0 0 0 0 0 0 0 0 0 0 0 0 0 0 2286.766616 
0 0 0 0 0 0 0 0 0 0 0 0 0 0 0 0 0 0 0 0 0 0 0 0 0 0 0 0 0 0 0 0 0 0 0 0 0 0 0 2034.000726 0 0 0 0 0 0 0 0 0 0 0 0 0 0 0 0 0 0 0 0 0 0 0 0 2270.239745 0 2246.283922 2238.282887 0 0 0 0 0 0 0 0 0 0 0 0 0 0 0 0 2365.865699 2259.264594 0 0 0 0 0 0 0 0 0 0 0 0 0 2214.144491 
2330.260034 0 0 0 0 0 0 0 0 0 0 0 0 0 2353.593667 0 0 0 0 0 0 0 0 0 2265.285701 0 0 0 2252.627274 0 2286.393506 0 2247.775084 0 0 2379.695012 2246.491377 0 0 0 0 0 0 0 0 0 0 0 0 0 0 0 0 0 0 0 2351.638712 2097.8723 0 0 0 0 0 0 0 0 0 0 0 0 0 0 0 0 0 2195.250289 0 0 0 0 0 0 0 0 0 0 0 0 0 0 0 0 0 0 0 0 0 0 1627.087979 0 
0 2358.483641 0 0 0 0 0 2247.092828 0 0 0 0 0 2363.013608 0 0 0 0 0 0 0 0 0 0 0 0 0 0 0 0 4696.925313 0 4684.022642 4425.845064 0 0 0 0 0 0 0 0 2002.232831 0 2112.739472 0 0 0 0 0 0 0 0 0 0 0 0 0 4601.687591 0 2261.88512 0 0 0 0 0 0 0 0 0 0 0 0 0 1972.911856 0 0 0 2363.272233 0 0 0 0 0 0 0 0 0 0 0 0 0 0 0 0 0 0 0 0 0 
0 0 0 0 0 0 0 0 0 0 4637.737466 0 0 0 0 0 0 2323.947391 2056.608912 0 0 0 0 0 0 0 0 0 0 0 2243.262059 0 0 0 0 0 0 2266.067727 2024.170026 0 0 0 0 0 0 0 0 0 0 2264.709352 0 0 0 0 0 0 4472.531453 2237.249774 0 2323.930431 0 0 0 0 0 0 0 0 0 0 0 0 0 0 0 0 0 0 0 0 0 0 0 0 0 0 0 0 0 0 0 0 0 0 0 0 3417.103981 0 0 0 
0 0 0 0 0 0 0 0 0 0 0 0 0 0 0 0 0 0 0 0 0 0 0 0 0 0 0 0 0 0 0 0 0 0 0 0 0 0 2045.851373 0 0 0 0 0 2210.564738 0 0 0 0 0 0 0 0 0 0 0 4471.734594 0 2188.08834 0 0 0 0 0 0 0 0 0 0 1729.996312 0 0 0 0 1728.5963 0 0 0 0 0 0 0 0 0 0 0 0 0 0 0 0 0 0 0 0 0 2292.623238 0 0 0 
0 0 0 0 0 0 0 0 0 0 0 0 0 0 0 0 0 0 0 0 0 0 0 0 0 0 0 0 0 0 0 0 2246.738952 0 2307.494534 0 2430.983765 0 0 0 0 0 2239.902989 2061.252974 0 0 0 0 0 0 0 0 0 0 0 0 2250.866654 2339.066798 0 0 0 0 0 0 0 0 0 0 0 2254.646009 0 0 0 0 0 0 0 0 0 0 2171.780119 0 0 2246.593102 0 0 0 0 0 0 0 0 0 0 0 0 0 0 0 0 
0 0 0 0 0 0 2228.735124 0 0 0 0 2370.334671 0 0 0 0 0 0 0 0 2338.899441 0 0 0 0 0 2349.167582 0 0 0 0 0 2302.413683 0 0 0 0 0 0 2089.172361 0 2295.722294 2274.287961 2244.225264 0 0 0 0 2261.867689 0 0 0 0 0 0 0 0 0 0 2276.950074 2370.367217 0 0 0 0 0 2261.362058 0 0 0 0 0 0 0 0 0 0 2392.916006 0 0 2245.887549 1707.327008 0 0 0 0 0 0 0 0 0 0 0 0 0 0 0 0 0 0 
0 0 0 0 2154.37689 0 0 2044.011878 0 2217.117469 0 0 0 0 0 2250.915615 0 0 0 0 0 0 0 0 0 0 0 0 0 0 0 0 0 0 0 0 0 0 0 0 0 0 0 0 2253.375881 0 2286.949389 2392.96055 0 0 0 0 0 0 2345.794694 0 0 0 0 0 0 0 0 0 0 0 0 0 0 0 2294.360359 0 0 0 0 0 0 2290.849791 0 0 0 0 0 0 0 0 0 0 0 0 0 0 0 0 0 0 0 2281.920907 0 1664.418867 
0 0 0 0 0 2269.44993 0 0 0 2086.659062 2267.699872 0 0 0 0 0 0 0 0 0 0 0 0 2377.232597 0 0 0 0 0 0 0 0 0 0 0 0 0 2324.061445 0 2035.356107 0 0 0 0 0 0 0 0 2281.238646 0 0 0 0 0 0 0 0 0 2332.213455 0 0 0 0 0 0 0 0 0 0 0 0 0 0 0 0 0 0 0 0 0 0 0 0 2296.40649 0 0 0 1696.861653 0 0 0 2249.864657 0 0 0 0 0 0 0 0 
0 0 0 0 0 0 0 0 0 0 0 0 0 0 0 0 0 0 0 0 0 2311.605164 0 0 0 0 0 0 2367.165615 2321.06347 0 0 0 0 0 0 0 0 0 0 0 0 0 0 0 0 2290.903783 0 0 0 0 0 0 2179.67667 0 0 0 0 0 0 0 2275.341865 0 0 0 0 0 2308.880014 0 0 0 2265.706885 0 0 2308.467893 0 0 0 0 0 0 0 0 1623.095984 0 0 1702.947624 0 0 1713.747248 2288.92242 0 0 1717.065973 0 0 0 0 0 0 
0 2219.14821 2272.602618 0 0 2303.590982 0 2343.473943 0 0 0 0 2307.353465 0 0 0 0 0 0 0 0 0 2341.039227 0 0 0 0 0 0 0 2238.512847 0 0 0 0 0 0 0 0 0 2111.269311 2319.966782 0 0 0 2282.121337 0 0 0 0 0 0 0 0 0 2248.096503 0 0 2073.145739 0 0 0 2284.774138 0 0 0 4314.866102 2372.111839 0 1657.983129 0 2365.31717 0 0 0 0 0 0 0 0 0 0 0 0 0 0 0 0 0 0 0 1673.413873 0 1590.127232 0 0 0 0 0 0 
0 2377.173654 0 0 0 0 0 0 2219.737334 0 0 0 0 0 0 0 0 0 0 0 0 0 2105.163291 0 0 0 0 0 0 0 0 0 0 0 0 0 0 0 0 0 0 0 0 0 0 0 0 0 0 0 0 0 0 0 0 0 0 0 0 2343.329671 0 0 0 0 0 0 0 0 0 0 0 0 0 0 2285.715694 0 0 0 0 1679.663678 0 0 0 2302.670318 0 0 0 0 0 0 0 0 0 0 0 0 0 0 0 0 
0 0 0 0 2326.328226 0 0 2173.767338 0 0 0 2247.010931 0 0 2306.918291 0 0 2289.226918 0 2356.172474 0 0 0 2283.281392 0 2315.920419 0 0 0 0 0 0 0 0 0 0 0 0 0 4657.579508 0 0 4655.759709 2322.219978 0 2260.226078 0 0 0 2322.890521 0 0 2334.295701 1983.217052 0 0 2192.231647 0 0 0 0 0 0 2054.683517 0 0 0 0 1593.96047 0 0 0 0 0 0 0 0 0 0 0 0 0 0 2163.757532 0 0 0 1659.87284 0 0 0 0 0 0 0 0 2264.715605 0 0 0 
0 0 0 0 0 0 0 0 0 2302.894747 0 0 0 0 0 0 0 0 0 2039.60054 0 0 0 0 2303.507737 0 0 0 0 2360.915262 0 0 0 0 0 4081.073322 0 0 0 0 0 0 0 0 0 0 2391.173181 0 0 0 0 0 0 0 0 0 0 0 2219.391088 0 0 0 4376.870302 2339.869326 0 0 0 0 2270.474334 0 0 0 0 0 0 0 0 0 0 0 0 2250.06019 0 0 0 0 0 0 0 0 0 2344.518034 0 1624.011318 0 0 0 2312.278585 0 1696.222927 
0 2279.293499 2314.369202 2310.39421 2279.621748 0 0 0 0 0 0 0 0 0 0 0 0 0 0 2065.889057 2268.474239 0 2247.348199 0 0 0 0 0 0 0 0 0 0 0 2354.467997 0 0 0 0 0 0 0 0 0 0 0 0 0 0 0 0 0 0 2285.189257 0 0 0 0 0 0 0 0 0 0 0 0 0 0 0 0 0 0 0 0 0 2343.375783 0 0 2226.066578 2271.514729 0 0 2250.897624 0 2267.075463 2308.033061 0 0 0 0 0 0 0 0 0 0 0 0 0 1597.06771 
0 0 0 0 0 0 0 0 2408.812324 0 0 0 0 0 0 0 0 0 0 0 0 0 0 0 0 0 0 0 0 2250.709669 0 0 0 2355.994983 0 0 0 0 0 0 2348.659067 0 0 0 0 0 0 0 0 0 0 0 0 0 0 0 0 0 0 0 0 0 0 0 0 0 0 0 0 0 0 0 0 0 0 0 0 0 0 0 1693.502804 0 0 0 0 0 0 0 0 0 0 2264.386323 1727.762255 2245.272991 0 0 2240.970291 0 0 0 
0 0 0 0 0 0 0 2292.643238 0 0 0 0 0 0 0 0 0 0 2296.691475 0 0 0 2303.492798 0 0 0 0 0 0 0 0 0 0 0 0 0 0 0 0 0 0 0 2341.953541 0 0 0 0 0 0 0 2064.815078 4547.197125 0 0 0 0 0 0 0 0 2179.284481 0 0 0 0 0 4334.9859 0 2253.679405 0 0 0 0 0 0 0 2296.041877 0 0 0 0 0 0 0 0 0 0 0 0 0 2309.975845 0 0 0 0 0 0 0 0 0 
0 0 0 0 0 0 0 0 0 0 2389.775712 0 0 0 0 0 2235.543831 0 0 0 0 0 0 0 0 0 0 0 0 0 0 0 2127.356963 0 0 0 0 0 0 0 0 2314.442386 0 0 0 0 0 0 0 0 0 0 0 0 0 0 0 0 0 0 0 0 0 0 0 0 0 0 0 0 0 0 0 0 0 0 0 4661.436089 0 0 0 0 0 0 0 0 0 2233.076236 0 0 0 0 0 1655.034719 0 0 0 0 0 4010.058737 
0 0 0 0 0 0 0 0 0 0 0 0 0 2187.850852 0 0 0 2275.500158 0 0 0 0 0 0 0 0 0 2262.365927 2292.67655 0 0 0 0 0 0 0 0 0 0 0 0 0 0 0 0 0 0 0 0 0 0 0 0 2252.317061 0 0 0 0 0 0 0 0 0 0 0 0 0 0 0 0 2346.5001 0 0 0 0 0 0 0 0 0 0 0 0 2333.676392 0 0 0 1678.056628 0 0 0 0 0 0 2246.333892 0 0 0 0 0 
0 0 0 0 0 0 0 0 0 0 0 0 0 0 0 0 2263.817824 0 0 0 0 0 0 0 0 0 0 0 0 0 0 0 0 0 0 0 0 0 0 0 0 2404.524032 0 0 2348.250637 2324.275827 0 0 0 0 2375.893067 0 0 0 0 0 0 2243.109095 0 0 0 2266.770121 0 0 0 0 2311.515119 2398.536732 0 0 0 0 0 2218.089591 0 0 0 0 0 2239.346315 0 0 0 0 0 0 0 0 0 0 0 0 0 0 0 0 0 0 0 0 
0 0 0 2262.96842 0 2430.979129 0 0 0 2366.007971 0 0 0 0 2332.933913 2275.853273 0 0 0 0 0 0 0 0 0 0 0 0 0 0 0 0 0 0 2292.112095 0 0 0 0 0 0 0 0 0 0 0 0 0 0 0 0 0 0 0 0 0 0 0 0 2302.986762 0 0 0 0 0 0 0 0 0 0 0 0 0 0 0 0 0 0 0 0 0 0 2321.323615 0 0 0 0 0 0 0 0 0 1735.162183 0 0 0 0 0 0 0 
0 0 0 4591.54711 0 0 0 0 0 0 2343.017161 0 0 0 0 0 0 0 0 0 0 0 0 0 0 0 2356.364371 0 0 0 0 0 0 0 0 0 0 0 0 0 0 0 0 0 0 0 0 0 0 2392.088607 0 0 0 0 0 0 0 2290.732272 0 0 2296.924425 0 0 0 0 0 2288.631767 0 0 0 0 0 0 2263.512586 0 0 0 0 0 0 0 0 0 0 0 0 0 0 0 0 0 0 0 0 0 0 0 0 2236.200898 0 
0 0 0 0 0 0 0 0 0 0 0 2051.771306 0 0 0 0 0 2066.423106 0 0 0 0 2261.937815 0 0 0 0 0 0 0 4423.619308 0 2302.680255 0 0 0 0 0 0 0 0 0 0 0 0 0 0 0 0 0 0 0 0 0 0 0 0 0 0 0 0 0 0 0 0 0 0 0 0 0 0 0 2373.472027 0 2303.897273 0 0 0 0 0 0 0 0 0 2371.892017 0 0 2349.349002 0 0 0 0 1706.139905 0 0 0 0 0 0 0 
0 0 0 0 0 0 0 0 0 0 0 0 0 0 0 0 0 0 2279.166257 0 0 0 0 0 2118.261967 0 0 2297.251271 0 0 0 0 0 0 0 0 2282.653754 0 0 0 2394.925629 0 0 0 2243.987706 0 0 0 0 2365.004056 0 4621.416573 0 0 0 2081.889657 0 0 0 0 0 0 0 0 0 0 0 0 0 0 0 0 0 0 0 0 0 2334.885894 0 0 0 0 0 2290.552903 0 0 0 1673.117337 0 0 0 0 0 0 0 0 0 0 0 0 
0 0 0 0 0 0 0 0 0 0 0 2373.93598 0 0 0 0 2374.506029 0 0 0 0 0 0 0 0 0 0 0 0 0 0 0 0 0 0 0 0 0 0 0 0 0 2131.201025 2266.411729 0 0 0 0 0 0 0 0 0 0 0 0 0 0 0 0 2353.864123 2351.541583 0 0 0 2344.099693 0 0 0 0 0 0 0 0 0 0 0 0 0 0 2237.777906 0 0 0 0 0 0 0 0 0 0 0 0 0 0 0 0 0 0 3367.589492 
2289.623941 0 0 0 0 0 0 0 0 0 0 0 0 0 0 0 0 0 0 0 2259.072571 0 0 0 0 0 0 0 0 0 0 0 0 0 0 0 0 0 0 0 0 0 0 0 2368.820952 0 0 0 0 0 0 0 0 0 0 0 0 0 2309.988036 0 0 0 0 0 0 0 0 0 0 0 0 0 0 0 0 0 2313.555895 0 2332.096938 0 0 0 0 0 0 0 0 0 0 0 0 0 0 0 0 0 0 0 0 0 
0 0 0 0 2199.381731 0 2286.736407 0 0 0 0 0 0 0 0 0 0 0 0 0 0 0 0 0 0 0 2304.339454 0 0 0 2333.68578 0 0 0 0 0 0 0 0 0 2277.872253 0 0 4657.294446 2398.837276 0 0 0 0 0 0 0 0 2390.762085 0 0 0 0 0 0 0 0 0 0 0 1990.549255 0 0 0 0 0 0 2280.49995 0 0 0 0 0 0 0 0 0 0 0 0 2224.949414 0 0 0 0 0 0 0 0 0 0 0 0 0 2347.939125 
0 0 0 0 0 0 0 0 0 0 0 0 0 0 0 0 2435.734797 0 0 0 0 0 0 0 0 0 0 0 0 0 0 0 0 2257.228739 0 0 0 0 0 0 2384.206444 0 0 0 0 0 0 0 0 0 0 0 0 0 0 0 2404.943805 0 0 0 2312.428392 0 0 0 0 0 0 0 2220.887758 0 1696.77267 0 0 0 0 0 0 1605.5692 2353.906363 0 0 0 0 0 0 0 0 0 0 2345.070621 0 0 0 0 0 0 0 0 0 0 
0 0 0 0 0 0 0 0 0 0 0 0 0 2346.888624 0 2375.809452 0 0 0 0 0 0 2398.40681 0 0 0 0 0 0 2370.849811 0 0 0 2267.908236 2043.37325 0 0 0 0 0 2147.819074 0 0 0 0 2341.290609 0 0 2278.861109 0 0 4292.400253 0 0 0 0 0 0 0 0 2375.577818 0 0 0 0 0 2306.428742 0 0 1666.718831 0 0 0 0 0 0 2313.04982 0 2299.55098 0 0 0 0 0 0 0 1683.759852 0 0 0 1675.60022 0 0 0 0 2337.582744 0 0 0 0 
0 0 0 0 0 0 0 0 0 0 0 4556.501893 0 0 0 0 0 2344.378168 0 0 0 0 0 0 0 0 0 0 0 0 0 0 0 0 2182.137758 0 2306.620913 0 0 0 2238.463829 0 0 0 0 0 0 0 0 0 0 2097.742866 0 0 0 0 0 0 0 2276.951945 0 0 2363.453138 0 0 0 0 0 0 0 0 0 0 0 0 0 0 2284.047373 0 0 0 0 0 0 0 0 2259.905316 0 0 0 0 0 0 0 0 2241.998066 0 1665.252609 0 0 
2326.893826 2412.500382 0 0 2287.436214 0 0 0 0 2157.133277 0 0 2370.3974 0 0 0 0 2004.903326 0 0 2273.529532 0 0 0 0 0 0 0 0 0 0 0 0 0 0 2436.366403 0 0 0 0 0 0 0 0 0 1970.900888 0 0 2289.987598 0 0 0 0 2393.048473 0 0 0 0 0 0 0 0 0 0 0 2405.900775 2224.805141 0 0 0 1629.024514 0 0 0 0 4607.062376 0 0 0 2234.849203 2040.386519 0 0 0 0 0 0 0 0 0 0 0 0 0 0 0 0 0 0 0 
0 2287.672124 0 0 0 0 0 0 0 0 0 2272.721445 0 0 0 0 2220.943839 0 2347.861711 0 2268.944554 0 2282.250223 0 0 0 0 0 0 0 0 0 0 0 0 0 0 0 0 0 0 0 2369.537683 0 0 0 0 0 0 0 2337.826451 0 0 0 2262.064573 0 2267.274323 0 0 2253.881242 0 2385.145993 0 0 0 0 0 0 0 0 0 0 2274.544776 0 0 0 0 0 0 0 0 0 0 2276.515668 0 2397.845713 0 2358.869223 0 0 0 2258.851506 0 0 0 0 1652.400631 1680.229165 0 0 
0 0 0 0 0 2395.284913 0 0 0 0 0 0 0 0 0 0 0 0 0 0 0 0 0 0 0 0 2214.977143 0 0 0 0 0 0 0 2055.642715 0 0 0 0 0 0 4345.473543 0 0 0 0 2284.210156 0 0 0 0 0 0 0 0 0 0 0 0 0 0 0 0 1591.1344 0 0 0 0 0 0 0 0 0 0 0 0 0 0 2264.56302 0 0 2295.15545 0 0 0 0 2231.654895 0 0 0 0 0 0 0 0 2302.074006 0 0 0 0 
0 0 0 0 0 0 0 0 0 0 2271.280332 0 0 0 0 0 0 0 0 0 0 0 0 0 0 0 0 0 0 0 0 0 0 0 0 0 0 0 1961.469995 0 0 0 0 0 0 0 0 0 0 0 0 0 0 2308.23665 0 0 0 0 0 0 0 0 0 0 0 0 0 0 0 0 0 0 0 0 0 0 1667.645325 0 0 0 0 0 0 0 1674.470285 0 1661.662429 0 0 0 0 0 0 1674.549008 0 0 0 0 0 0 
0 0 0 0 0 0 0 0 0 0 0 0 0 0 0 0 0 0 0 0 0 0 0 0 0 0 0 0 0 0 0 0 4469.201451 2266.949249 0 0 0 0 0 0 0 0 0 0 0 0 0 0 0 0 0 0 2313.198938 2347.289292 0 0 0 0 0 0 2376.17797 0 0 0 0 0 0 0 0 0 0 0 0 0 0 0 2355.87372 4610.733237 0 2331.418834 0 0 0 0 0 0 2219.321652 0 0 0 0 0 0 0 0 0 0 0 0 0 
0 0 0 0 0 0 0 0 0 0 0 0 0 4601.87283 0 0 0 0 0 0 2420.790376 0 0 0 0 2262.39693 0 0 0 0 0 0 2281.108839 0 0 0 0 0 0 0 0 0 0 0 0 0 2303.370038 0 0 0 0 0 0 0 1982.315944 0 0 2334.183604 0 2379.117572 0 0 2050.061804 0 0 0 0 0 0 0 0 2302.228185 0 0 0 0 0 0 0 0 0 0 0 0 0 0 0 0 0 0 0 0 2251.429126 0 0 0 0 0 1716.950871 0 
0 0 0 0 0 0 0 0 0 0 0 0 0 0 0 0 0 0 0 0 0 0 0 0 0 0 0 0 0 0 0 0 0 0 0 0 0 4677.657971 0 0 0 0 0 0 0 0 0 0 0 2431.69868 0 0 0 0 0 0 0 0 0 0 0 0 0 0 0 0 0 2364.156096 0 0 0 2141.10238 0 2336.029592 0 0 0 0 0 0 0 0 0 0 0 0 0 0 0 0 0 3902.319198 0 1707.91762 0 0 0 0 0 0 
0 0 0 0 0 2181.733103 0 0 0 0 0 0 2347.000489 0 0 0 0 0 0 0 2217.834533 0 0 0 0 0 0 0 0 0 0 0 0 0 0 0 2316.147356 2384.48416 2352.871915 0 0 0 0 0 0 0 0 0 0 0 0 2345.561677 0 0 0 0 0 0 0 2291.718444 0 0 0 2319.026278 0 0 0 0 2078.867173 0 0 0 0 0 0 0 2362.088457 0 0 0 0 0 0 0 2309.605388 0 0 0 0 0 0 0 0 1682.760048 0 0 0 0 0 0 
0 2305.189397 0 0 0 0 0 0 0 2329.315997 0 0 0 0 0 0 0 0 0 0 0 0 0 0 0 0 0 2324.762822 0 0 0 0 2356.386373 0 0 0 0 0 0 2352.914069 0 0 2274.719141 0 0 0 2271.809717 0 0 0 0 0 0 2341.025446 0 2217.438174 0 0 0 0 6893.779495 0 0 0 0 0 0 0 0 0 0 2377.113308 0 0 0 0 0 0 0 0 0 0 0 2344.747613 0 0 2293.83046 0 2214.959205 0 0 1678.65798 0 0 0 0 0 0 0 0 
0 0 0 0 0 0 0 0 0 0 0 2424.331364 0 0 0 0 0 0 0 0 0 0 0 0 0 0 0 0 0 0 0 0 0 0 0 0 0 0 0 0 0 0 0 0 0 0 0 0 0 0 0 0 0 2257.189781 0 2239.909537 0 2415.127717 0 0 0 0 0 0 2397.401685 0 0 0 0 0 0 1711.496399 0 2407.528822 0 0 0 2051.626943 0 0 0 0 0 0 0 0 0 0 0 0 0 0 0 0 0 0 0 0 4468.563516 0 
0 0 0 0 0 0 2220.441502 2352.934193 0 0 0 0 0 0 0 0 0 0 0 0 0 0 0 2186.243051 0 0 0 0 2351.043568 0 0 0 0 0 0 0 0 0 0 2379.359138 0 0 0 0 0 0 0 0 0 0 0 0 0 0 0 2399.210266 0 0 0 0 0 0 0 0 0 0 2359.797545 0 2247.866798 0 0 0 0 0 0 0 2283.199716 0 0 0 0 0 0 0 0 0 0 0 0 0 0 0 0 0 0 0 0 0 0 0 
0 0 0 0 0 0 0 0 0 0 0 0 0 2378.275522 1998.721857 0 0 0 0 0 0 0 0 0 2222.313816 0 0 0 0 0 0 0 0 0 0 0 0 0 0 0 0 0 0 4598.857454 0 0 0 0 0 0 0 0 2243.99481 0 0 0 0 2225.299585 0 0 0 0 0 4673.445955 0 0 2329.288593 0 0 0 0 0 0 0 0 0 0 0 0 0 0 0 0 0 0 0 0 0 0 0 0 0 0 0 0 0 0 0 0 0 
0 0 0 0 0 0 0 0 0 0 0 0 0 0 0 0 0 0 0 0 0 0 2195.439394 0 0 0 2280.331849 0 0 0 0 0 0 2270.300869 0 0 2296.487037 0 0 0 2352.064783 0 0 0 2252.415744 0 0 0 0 0 0 0 0 2014.464748 0 0 0 0 0 0 0 0 0 2216.818571 0 0 0 0 0 0 0 0 0 0 0 0 0 0 0 2278.412093 0 0 0 0 0 0 0 0 0 0 0 0 0 0 0 0 1642.420206 1726.758268 0 0 
0 2396.276126 0 0 0 2367.64362 0 0 2346.362586 0 0 0 0 0 0 0 0 0 0 2292.30846 0 0 0 0 0 0 2308.727392 0 0 0 0 0 0 0 0 2348.916923 0 0 0 0 0 2325.815328 0 0 0 2310.703093 0 0 0 0 0 0 0 2337.651608 0 0 0 0 0 2040.013623 0 0 2285.275749 0 0 0 0 0 0 0 0 0 0 0 0 0 0 0 0 0 0 0 0 2262.29986 0 0 0 2281.111558 0 1734.07602 0 0 0 0 0 2197.934159 0 0 0 0 
0 0 0 0 0 0 0 0 2378.218142 0 0 2374.683437 0 0 0 0 0 0 0 0 0 0 0 0 0 0 0 0 2299.65628 0 0 0 2398.376232 0 0 0 0 0 0 0 0 0 0 0 2304.424092 0 0 2260.645253 0 2261.968971 0 0 0 0 0 0 0 0 0 0 0 0 0 0 0 0 0 0 0 0 0 0 0 0 0 0 0 0 0 0 1633.748928 0 0 0 0 0 0 0 0 0 0 0 0 0 0 0 0 0 0 0 
4853.341573 0 0 0 0 0 0 0 0 0 0 0 0 0 0 0 2368.824611 0 2236.847063 2269.469761 0 0 0 0 0 0 0 0 0 0 0 0 0 0 0 0 0 0 0 0 0 0 0 0 0 0 0 2316.14455 0 0 0 0 0 0 0 0 0 0 0 0 0 0 0 0 0 0 0 0 0 0 0 0 0 0 0 0 0 0 0 0 2274.508289 0 0 0 0 0 0 0 0 0 0 0 0 0 0 0 0 0 0 0 
2259.928652 0 0 0 0 0 0 0 0 0 0 0 0 4647.521856 0 0 0 0 0 0 0 0 2111.337468 0 2306.378343 0 0 0 0 0 0 0 0 0 0 0 2281.013625 0 0 0 0 0 0 0 0 0 0 0 0 0 0 0 0 0 0 0 0 4362.187589 0 0 0 0 4415.408746 2324.954034 0 2310.951283 0 0 0 0 0 0 0 0 0 0 0 2376.66403 2061.897103 2328.565428 0 1719.582034 0 0 0 4002.486288 0 0 0 0 0 0 0 0 0 0 0 0 0 0 
2354.521227 0 0 0 2281.546909 0 0 0 0 0 0 0 0 0 0 2350.007199 0 0 0 2093.276579 0 0 0 0 0 0 0 1986.031837 0 0 0 0 0 0 0 0 0 0 0 2317.880462 0 0 0 0 0 0 0 0 2297.313189 0 0 0 2002.145727 0 0 0 0 0 0 0 0 0 0 2403.01055 0 0 0 0 0 0 0 0 0 0 0 0 0 0 0 2211.142536 0 0 0 0 0 0 2239.224738 0 2254.838601 0 0 0 0 0 0 0 2281.295933 0 1673.988036 0 
0 0 0 0 2295.3622 0 0 0 0 0 0 0 0 0 0 0 0 0 0 0 0 0 2078.98316 0 2315.604755 0 0 0 0 0 0 0 0 0 0 0 0 0 0 0 0 0 0 0 0 0 0 0 0 0 0 0 0 0 0 0 0 0 0 0 0 2213.980261 0 2311.008602 0 3944.616986 0 0 0 0 0 0 0 1742.70016 0 0 0 0 0 0 0 0 0 0 0 0 0 0 0 0 0 0 0 0 0 1665.8547 2276.728467 0 2304.701736 0 
0 0 0 2277.065407 0 0 0 0 0 2252.594728 0 0 0 0 0 0 0 0 0 2350.516635 0 0 0 0 2239.499443 0 2368.201218 0 0 0 0 2137.426738 0 0 0 0 0 0 0 4611.19113 0 0 0 0 0 0 0 0 0 0 0 0 0 0 0 0 0 0 0 0 0 0 0 0 0 0 0 0 2119.496275 0 0 0 0 0 0 0 3927.068491 0 0 0 0 0 0 0 0 0 0 0 0 0 0 0 0 0 0 0 0 0 0 0 
0 0 0 0 0 0 0 2271.503625 0 2371.708927 0 0 0 0 0 0 0 0 0 0 0 0 0 0 0 0 0 2389.251929 0 0 0 2364.413464 2352.657058 0 0 0 0 0 0 0 0 0 0 0 2325.415708 0 0 0 0 0 0 0 0 0 0 0 0 0 2342.687076 0 0 0 0 0 0 0 0 0 0 0 1638.8047 0 0 0 0 0 0 0 1662.867982 0 0 2248.139169 0 2290.922588 0 0 0 0 0 0 0 0 0 0 2291.234305 0 2227.023852 0 0 1653.980771 
0 0 0 2398.231823 0 0 0 0 0 0 0 0 0 0 0 0 2332.371005 0 2329.691208 2324.043635 2218.961124 0 0 0 0 0 0 0 2326.866164 0 0 0 0 0 0 0 0 0 0 0 0 0 0 0 0 0 0 0 2266.107781 0 0 0 0 0 0 0 0 2110.18184 0 0 0 0 0 0 0 0 0 2386.29869 0 0 0 0 0 0 0 0 0 0 0 0 0 2353.709167 0 0 2170.871896 0 0 0 0 2232.737735 0 0 0 0 0 0 2301.510086 0 0 0 
0 0 0 0 0 0 0 0 2029.428224 0 0 0 0 0 0 0 0 0 0 0 2173.335273 0 0 0 0 0 0 0 0 0 0 0 0 0 0 0 2318.77849 2313.126463 0 0 2099.870637 0 0 0 2370.23992 2279.946638 0 0 0 0 0 0 2282.751019 0 0 0 2095.489223 0 0 0 0 0 0 2377.80935 0 0 0 2130.994104 0 2059.836805 0 0 0 0 4029.346063 0 0 2343.397686 0 2312.759401 0 0 2283.532134 0 0 0 0 0 0 0 0 0 0 0 0 0 2341.739705 0 0 0 
0 0 0 0 0 0 0 0 0 0 0 0 2346.60161 0 0 0 0 0 0 0 0 0 0 0 0 2258.109965 0 0 0 0 0 0 0 0 0 0 0 0 0 0 0 0 0 0 0 0 0 0 0 0 0 2235.45642 0 0 0 0 0 0 0 2333.607441 0 0 0 0 0 0 0 0 0 0 2299.347224 0 0 0 0 0 0 0 0 0 0 0 0 0 0 0 0 0 0 2205.506085 0 0 0 0 1713.078905 0 0 3957.978011 0 2265.642747 
0 0 0 0 2352.308782 0 0 0 0 0 0 0 0 0 0 0 0 0 0 2326.364754 0 0 0 0 0 0 0 0 0 0 0 0 0 0 0 0 2239.687947 0 0 0 0 0 2051.674024 0 0 0 0 0 0 0 0 0 0 0 0 0 0 0 0 0 0 0 0 0 0 0 0 0 0 0 0 0 0 0 0 2254.694247 0 0 2271.942472 0 0 0 0 0 0 0 1629.188865 0 0 0 0 0 0 0 0 1665.061794 0 0 0 0 
0 2326.144232 0 0 0 0 0 2288.184488 0 0 0 0 0 0 2293.618416 2283.698713 0 0 2363.036028 0 0 0 0 0 0 0 0 0 0 0 0 0 0 0 0 0 0 0 2376.010519 0 0 0 0 0 0 0 0 0 0 0 0 0 0 0 2312.154829 0 0 2346.667812 0 0 2239.151773 0 0 0 0 0 0 2072.264913 2294.503345 0 0 0 2321.80707 0 0 0 0 0 0 0 2283.677962 0 0 0 0 0 0 0 0 0 0 0 0 0 0 0 1690.348837 0 0 0 
0 0 0 0 0 0 0 2295.239221 0 0 4279.407536 0 0 0 0 2107.962266 0 0 2121.199489 2427.220072 0 2286.522245 0 2342.750249 0 0 0 0 0 0 2221.511633 0 0 0 2386.095819 0 0 0 0 0 0 0 2240.081981 0 0 0 0 0 2362.256864 0 0 0 2256.974618 0 0 0 0 0 2333.917049 0 0 0 2266.118285 0 0 0 0 0 0 0 0 0 0 0 0 0 1643.740528 0 0 0 0 0 0 0 0 0 0 0 2255.678986 0 0 0 0 0 2297.769799 0 2265.548364 0 0 0 
0 0 0 0 0 0 0 0 0 0 0 0 0 0 0 0 0 0 0 0 0 0 0 0 0 0 0 0 0 0 0 0 0 0 0 2245.555129 0 2347.729102 0 0 2118.840008 0 0 0 0 0 2301.983059 0 2239.131021 0 0 2314.36946 2308.130508 0 0 0 2315.793292 0 0 0 0 2243.583107 0 0 0 0 0 0 0 0 0 0 0 0 0 0 0 0 0 0 0 0 0 0 0 0 0 0 0 0 0 0 0 4013.760759 0 0 0 1700.669344 0 0 
0 0 2339.652131 0 0 0 0 2286.135286 2303.357844 0 0 0 0 0 0 0 0 0 0 0 0 0 0 2248.645456 0 0 2280.896051 2029.501588 0 0 0 0 0 0 0 0 0 2331.274568 0 0 0 0 0 0 2105.501723 2283.278512 0 0 0 0 0 0 0 0 0 2351.406691 0 0 4409.965241 0 0 0 2305.201886 0 0 0 0 2253.934813 0 0 0 0 2396.852657 0 0 0 1740.855034 0 0 0 0 2333.048358 0 0 2278.202665 0 0 2395.86283 0 0 0 0 0 1681.441043 0 0 0 0 0 1663.604778 
2388.985058 0 0 0 0 2333.218735 0 0 0 0 0 0 0 0 2229.270006 2351.502057 2315.873955 2372.066168 0 0 0 0 0 0 0 0 0 2357.917677 0 0 0 2324.382821 2316.717236 2246.646117 0 0 0 0 0 0 0 0 0 0 0 0 2206.763117 0 2287.396148 0 0 0 0 0 0 0 0 0 0 0 0 0 0 0 0 0 0 0 0 0 2267.983751 0 0 1675.159133 0 0 0 0 0 0 0 0 0 0 0 0 0 0 0 0 0 0 0 0 0 0 0 0 0 0 
0 0 0 0 0 0 0 0 0 0 0 2299.442949 0 0 0 0 0 0 0 2227.691519 0 0 0 0 0 0 0 2312.479385 0 2380.866438 0 0 0 0 0 0 0 0 0 0 0 0 0 0 0 0 0 0 0 0 0 2297.553196 0 0 0 0 0 0 0 0 0 0 0 4477.379817 0 2263.85432 0 0 0 0 0 0 0 0 0 0 0 0 2056.075469 0 0 0 0 0 0 0 0 0 0 0 2283.984395 0 0 0 0 0 0 2357.334905 0 0 
0 0 0 0 0 0 0 0 2286.614288 0 0 0 0 0 0 0 2322.947054 0 0 0 0 0 0 0 0 0 2195.728722 0 0 0 0 0 0 0 0 0 0 0 2110.565694 0 2335.695578 0 0 2278.384028 0 0 0 0 0 0 0 0 0 0 0 0 0 0 0 0 0 0 0 0 0 0 0 0 0 0 0 0 0 0 0 0 0 0 0 0 0 0 0 0 0 2279.428877 0 0 0 0 0 0 2299.001377 0 0 0 1704.040938 0 0 1591.87701 
0 0 0 0 0 0 0 0 0 0 0 0 0 0 0 2257.211853 0 0 0 0 2073.533384 0 0 0 0 0 0 0 0 0 0 0 0 0 0 0 0 2323.620089 2384.871936 0 2290.426174 0 0 0 2287.386745 0 0 0 0 0 0 2328.738764 0 0 0 0 0 0 0 2307.016285 0 0 0 0 0 0 0 0 0 0 0 0 0 0 0 2369.290922 0 0 0 0 0 0 0 0 0 0 0 0 0 0 0 0 0 0 0 0 0 0 0 0 
2355.747394 0 0 0 0 0 0 2311.520571 2306.241415 0 0 0 0 0 0 0 0 0 0 0 0 0 0 0 0 0 0 0 0 0 0 2333.051896 0 0 2315.196855 0 0 0 2373.369945 0 0 0 4585.906753 0 0 0 0 0 0 2281.28154 2022.791035 0 0 0 0 0 0 0 0 0 0 0 0 0 0 2066.110286 0 0 0 0 0 0 0 0 0 0 0 0 0 0 2200.59447 0 0 0 0 0 0 1717.292472 0 2316.193502 0 0 6236.959275 0 0 0 0 0 0 0 
0 2309.91596 0 0 0 2283.57224 2355.795716 0 0 0 0 0 0 0 0 0 0 2344.387196 0 0 0 0 0 0 0 0 0 2328.143834 0 0 0 0 0 0 0 0 2397.897812 0 0 0 0 4457.999503 0 0 2305.429214 0 0 2061.550546 0 0 0 0 0 0 0 0 0 0 0 0 0 0 0 0 0 0 1951.186714 0 0 0 2282.394472 0 0 0 0 0 0 0 0 2372.353 2275.274898 0 0 0 0 0 0 0 0 0 0 0 1690.234733 0 0 2198.2666 1705.08329 0 0 0 
0 2229.583085 0 0 2327.974357 0 0 0 0 0 0 0 0 0 0 2045.905024 0 0 2253.498626 0 0 0 0 0 0 2378.287628 0 0 0 0 0 0 0 0 0 0 2265.332973 0 0 0 0 0 0 0 0 0 0 0 2375.732202 0 2287.505572 0 0 0 2343.976695 2319.300709 0 0 0 0 0 0 0 0 0 0 0 0 0 0 0 1717.568127 0 0 0 0 2336.218867 0 0 0 0 0 0 0 0 0 0 0 0 0 0 1699.208061 0 0 1654.933132 0 0 1668.95362 0 1696.363929 
0 0 0 2189.091862 4520.376778 0 0 0 0 0 0 0 2123.265302 0 2443.463159 0 0 0 0 0 0 2344.140021 2365.105719 2303.76525 0 0 2225.781281 0 0 0 0 0 0 0 0 0 0 0 0 0 0 0 0 0 2380.502209 0 0 0 0 0 0 0 0 0 2245.273249 0 0 0 0 0 0 0 2109.100123 0 0 0 0 0 0 2376.973421 0 0 0 0 0 0 0 0 0 0 0 0 0 3850.190403 0 0 2293.197717 0 0 0 0 0 0 0 0 1667.069163 0 0 0 0 
0 2224.990837 0 0 0 0 0 0 0 2071.488329 0 0 0 0 0 0 0 2333.142616 0 0 0 0 0 2361.585832 0 0 0 2068.635909 2376.748509 0 0 0 2280.1647 0 0 0 0 0 0 0 0 0 2297.015959 0 0 0 0 0 2330.210948 0 0 0 0 0 2300.044844 0 0 0 2099.196483 0 0 0 0 0 2402.398149 0 0 2296.281211 0 0 0 0 2346.712514 0 0 0 0 0 0 0 0 0 0 0 0 0 2281.563297 2281.385889 0 0 0 0 0 0 0 1680.2594 0 0 0 0 
0 2283.837745 0 2282.520173 2370.744309 0 0 0 0 0 0 0 0 2331.30374 0 0 0 0 2048.49373 0 0 0 2071.600887 2363.267226 0 0 0 2265.244348 0 0 0 0 0 2334.832349 2393.673977 0 0 0 0 0 0 0 0 0 0 0 0 0 0 0 0 0 0 0 2281.674579 2327.62421 0 0 0 0 0 0 0 0 0 0 0 0 0 0 0 0 0 0 0 2339.683149 0 0 0 1607.630818 0 0 2243.121691 0 0 1712.41925 0 0 0 0 0 2320.712683 0 2275.03185 0 0 0 0 0 0 
0 0 0 0 0 0 0 0 0 0 0 2083.05791 0 0 0 0 2334.220106 2085.069502 2268.505058 0 2257.93026 0 0 0 0 0 2373.9436 0 0 2281.388224 0 0 0 0 0 0 0 0 0 2413.285526 0 0 2321.597954 0 0 0 2237.306923 0 0 0 0 0 0 0 0 0 0 0 0 0 0 0 0 0 0 0 0 0 0 2314.935159 0 0 2224.325377 0 0 0 0 0 1690.187141 0 2348.51601 0 0 0 0 0 0 0 1556.344156 0 0 0 0 0 0 0 0 0 0 0 
0 2235.452006 0 0 0 0 0 0 0 0 0 0 0 0 0 2273.630942 0 0 0 0 0 0 0 0 0 0 0 0 0 0 0 0 2267.515264 0 0 0 0 0 0 0 0 0 2324.581465 0 0 0 2203.791007 0 2332.200968 0 0 0 0 0 0 0 0 0 0 0 0 2235.390483 0 0 2058.765022 0 0 0 0 0 0 2336.726899 0 0 0 0 0 0 0 0 0 0 0 0 0 1722.145399 0 0 0 0 0 0 0 0 0 0 0 0 0 0 
2296.100339 0 0 0 0 0 0 0 0 0 0 0 0 0 0 0 2305.796428 0 0 0 0 0 0 0 0 0 0 0 0 0 2107.16912 0 0 0 0 0 0 0 0 0 2293.485882 0 0 0 0 2353.400687 0 0 2250.153967 0 0 2266.885829 0 0 0 0 0 0 0 0 2325.633311 0 0 0 0 0 0 1977.615291 0 0 0 0 0 0 0 0 0 0 0 0 1728.279283 0 0 0 0 0 0 0 0 0 0 0 0 1734.528492 0 2216.365744 0 0 0 0 
2309.765368 0 0 0 0 0 2349.673309 0 0 0 0 0 0 0 0 0 2394.734614 0 0 0 0 0 0 0 0 0 0 0 2274.327113 0 0 0 0 0 0 0 0 2258.368286 0 0 0 2296.029693 0 0 0 0 0 0 0 0 0 2362.896517 2268.058854 0 0 0 0 0 0 0 2265.772494 0 0 0 0 0 0 0 0 2067.717641 0 0 0 0 0 0 2267.208115 0 0 0 0 0 0 0 0 0 0 0 0 0 0 0 0 0 0 0 0 0 0 0 
0 0 0 2256.897718 1967.708493 0 0 0 0 0 0 0 0 0 0 0 2187.886266 0 0 0 0 0 0 2314.256575 0 0 0 0 2399.412423 2280.120043 0 0 0 0 0 0 0 0 0 0 0 0 0 0 0 0 0 2386.219417 0 0 0 0 0 0 0 2115.136042 0 0 0 0 0 0 0 0 0 0 0 2387.344738 0 0 0 2254.641312 0 0 1674.626366 0 0 0 0 0 0 0 0 0 0 0 0 1708.151603 2209.128726 0 0 0 0 0 0 0 2249.808428 0 0 0 
0 0 0 0 0 0 0 0 0 2041.509483 0 0 2363.205467 0 0 0 0 0 0 0 0 0 0 0 0 0 0 0 0 0 0 0 0 0 0 0 0 0 0 0 0 2255.517247 0 0 2321.028044 0 0 0 0 0 0 0 0 0 0 2260.009389 0 0 0 0 0 0 0 0 0 0 0 0 0 0 0 0 0 0 0 0 0 0 0 0 0 0 0 0 0 0 0 0 2332.046079 0 0 0 0 0 0 0 2204.354816 0 0 0 
0 0 0 0 2305.803856 0 0 0 0 0 0 0 0 0 0 0 0 0 0 0 0 0 0 0 0 0 0 0 0 0 0 0 0 2400.724777 0 0 0 0 0 2384.357937 0 0 0 0 0 0 0 0 0 0 0 0 0 0 0 0 0 0 0 0 0 0 0 0 0 0 0 0 2299.659128 0 0 0 0 0 0 0 0 0 2276.636794 0 0 0 0 0 0 0 2323.744159 0 0 0 1702.155455 0 1647.229573 0 2328.754073 0 0 0 0 0 
0 2246.56791 0 0 0 0 0 0 0 0 0 0 0 0 0 0 2258.560425 0 0 0 0 0 0 0 0 0 0 0 0 0 0 2397.93669 0 0 0 0 0 0 0 0 2263.887972 0 0 2281.832543 0 0 0 0 0 0 0 0 0 0 0 0 0 0 0 0 0 0 0 0 0 2177.898456 0 0 0 0 0 0 0 1677.487202 0 0 2297.86918 0 0 2235.387171 1708.985518 1632.355685 0 0 0 0 0 0 0 0 0 0 0 0 0 0 3377.986376 0 0 0 
0 2341.332868 0 2157.381162 0 0 0 0 2316.121811 0 4440.90948 0 0 0 0 0 0 0 0 0 0 0 0 0 0 0 0 0 2349.946763 0 0 0 2240.826453 0 2268.503735 0 2351.859354 0 0 1945.193659 0 0 0 0 0 0 0 0 0 0 0 0 0 0 1969.237918 0 2295.302281 2367.976387 0 0 0 0 0 0 0 0 0 0 0 0 0 0 0 0 2287.953285 0 2372.710129 0 0 0 0 0 0 0 0 0 0 0 0 0 0 0 0 2340.549365 0 2245.730207 0 0 0 0 
0 0 0 0 0 0 0 0 0 0 0 0 0 0 0 0 2133.005197 0 0 0 0 0 0 2053.627793 0 0 0 0 0 0 0 2101.740385 0 0 0 0 0 0 0 0 2125.26581 0 0 0 0 0 2321.741664 0 2236.019387 0 0 0 0 0 2347.064531 0 0 0 0 0 0 0 0 0 0 0 0 0 2201.184126 0 0 0 0 0 0 2233.93932 0 0 0 0 2211.668025 0 0 0 0 0 0 2329.891831 0 2295.567379 0 0 0 0 2290.551278 0 0 0 0 0 
0 0 0 0 0 0 0 0 0 0 0 0 0 0 0 0 0 0 0 0 0 0 0 0 0 0 0 2044.800365 0 0 0 0 0 0 2083.600891 0 0 0 0 0 0 0 0 0 0 0 0 2304.027711 0 2387.05761 0 0 2293.853238 0 0 0 0 0 0 0 2352.93026 0 0 0 2004.307126 2307.792047 0 0 0 0 0 0 2339.20822 0 0 0 0 2394.150405 0 0 0 0 1616.307576 0 2225.993156 2267.912284 0 0 0 0 2276.180066 2358.249121 0 0 0 1666.303056 0 0 0 0 
0 0 0 0 0 0 0 0 0 0 0 4249.957951 0 2051.757129 0 0 0 0 2258.205603 0 2282.232283 2356.752831 0 0 0 0 0 0 0 0 2119.806105 0 0 0 0 0 0 0 0 0 0 0 0 0 0 0 0 0 0 0 4310.946124 0 2246.799048 0 0 0 2204.79716 2263.078005 0 0 0 0 0 0 2401.275269 0 0 0 0 0 0 0 0 0 0 0 0 0 0 0 0 0 0 0 0 0 0 0 0 0 0 0 0 0 2183.197684 0 0 0 0 0 
2253.915796 0 0 0 0 0 0 0 2405.07181 0 0 0 0 0 0 0 0 0 0 0 0 0 0 0 0 0 0 0 0 0 0 0 0 0 0 0 2310.37326 0 2247.66782 0 0 0 0 2356.327003 0 0 2229.105737 0 0 0 0 0 0 2108.339729 0 0 0 0 2249.028279 0 2276.741027 0 0 0 0 0 2187.091292 0 0 0 0 0 0 0 0 0 0 4024.761452 0 0 0 0 0 0 0 0 0 0 0 0 0 0 0 0 0 0 0 1721.321692 0 0 
0 0 0 0 0 4288.096234 0 0 0 0 0 0 2022.561814 0 0 0 0 0 0 0 0 0 0 0 0 0 0 0 0 0 0 0 2292.935673 0 0 2237.864613 0 0 0 0 0 0 0 0 0 0 0 0 0 0 0 0 0 0 0 0 0 0 0 0 2248.625244 0 0 0 0 0 0 0 0 0 0 0 0 1656.520366 0 0 0 0 0 2325.375639 0 0 0 0 0 0 0 0 0 0 0 0 0 0 0 0 0 0 0 0 
0 0 2342.256739 0 0 0 0 0 2137.694324 0 0 0 0 0 0 0 0 0 0 0 0 0 0 0 0 0 0 0 0 0 2388.882452 0 0 0 0 0 0 0 0 0 0 0 0 0 0 0 0 0 0 2349.889401 0 0 0 0 0 0 0 0 0 0 0 0 2316.404097 0 0 0 0 0 0 0 0 0 0 0 0 0 0 0 2276.247941 0 0 0 0 2269.452079 0 0 0 0 0 0 0 0 0 0 1705.23323 0 0 0 0 0 
0 0 0 0 0 0 0 2043.954064 0 0 2263.093862 0 0 0 2365.128898 0 0 0 0 0 0 0 0 0 0 2353.829809 0 0 0 0 0 0 0 0 2301.453469 0 0 0 0 0 0 0 0 4383.397844 0 4652.034565 0 0 0 0 0 2377.442322 0 0 0 0 0 0 0 0 0 0 0 0 0 2255.814232 0 0 0 0 0 0 2299.727373 0 0 0 0 0 0 0 0 0 0 2258.192309 0 0 0 0 0 0 0 1654.155759 0 4589.560868 2219.475196 0 0 0 0 0 
0 0 0 0 0 0 0 2162.423563 0 0 0 0 2130.37657 0 0 0 0 4412.7575 0 0 0 0 0 0 0 0 0 2259.090801 0 0 2201.92721 0 2320.438701 0 0 2337.854726 0 0 0 2321.474363 0 0 0 0 0 0 0 0 0 0 0 0 0 0 0 0 0 0 0 0 0 2075.093601 0 0 0 0 0 0 0 0 0 0 0 0 0 0 0 0 0 0 0 0 0 0 0 0 0 0 0 0 2249.405655 0 0 0 1662.10218 0 0 0 2156.365947 0 
0 2351.716814 0 0 0 0 0 0 0 0 0 0 0 0 0 0 0 0 0 0 0 0 0 0 0 0 0 0 0 0 0 0 0 0 0 2323.977424 0 0 0 2342.617596 2387.665174 2269.365461 0 0 0 2292.868912 0 0 0 0 0 0 0 0 0 0 0 0 0 0 2201.774725 0 0 0 0 0 0 0 0 0 0 0 0 0 2276.63682 0 0 1604.019963 0 0 2276.560075 0 2360.053136 0 0 0 0 0 0 0 0 0 2217.530695 0 0 0 0 0 0 0 
0 0 0 0 2277.004783 0 0 0 0 2233.001516 0 0 0 0 0 0 0 0 0 0 2391.953914 2246.963162 0 0 0 0 0 0 0 0 0 0 2072.434267 0 0 0 0 2355.87634 0 0 0 0 0 2327.864953 0 0 0 0 0 0 0 2257.240221 0 0 0 0 0 0 0 0 2381.597706 0 0 0 0 0 2268.396565 0 0 0 2277.648818 0 0 1966.572065 0 2227.71326 0 0 0 1733.296533 0 0 0 0 1689.237204 0 0 0 0 0 0 0 0 0 0 0 0 0 0 0 
0 0 0 2330.704156 0 0 0 0 0 0 0 0 0 0 0 0 0 0 0 0 0 0 2324.988448 2000.578627 0 0 2209.210125 0 0 0 0 0 0 2263.173427 2290.474405 0 0 0 0 0 4577.693824 0 0 0 0 0 0 2328.943863 0 0 0 0 0 0 0 0 0 0 0 0 0 0 2247.015593 0 2365.044403 0 0 0 2278.783661 0 0 2137.161225 0 2251.998504 0 0 0 0 0 0 0 0 0 0 0 0 0 2188.238547 0 0 0 0 0 0 2243.902401 0 0 0 0 0 
0 0 0 0 0 0 0 0 2245.789383 0 0 0 0 0 0 0 0 0 0 0 0 0 0 0 0 0 0 0 0 0 0 0 0 0 0 0 0 0 0 0 0 0 0 0 0 0 0 2336.492286 0 2259.536646 0 4483.129138 0 0 0 0 0 0 0 1661.476553 0 0 0 0 0 0 0 2058.703156 0 2193.066645 0 2263.558945 4600.127898 0 0 0 0 0 0 0 0 0 0 0 0 0 0 0 0 0 0 0 0 2284.108899 0 0 1629.618611 0 2217.861635 0 
0 0 0 0 0 2258.24301 0 0 0 0 0 0 0 0 0 0 0 0 0 0 0 0 0 0 0 0 4361.435247 2083.766726 0 0 0 0 0 0 0 0 0 2251.636351 0 0 0 0 0 0 0 2246.32785 0 0 0 2417.266004 0 2329.862483 2327.168854 0 0 0 2156.116213 0 0 0 2266.091724 0 0 0 0 0 0 0 1643.121409 0 0 0 0 0 0 0 0 0 2250.498747 0 0 0 0 0 0 1722.798872 0 0 2240.036618 2229.151922 1618.068977 0 0 0 0 0 0 0 0 0 
0 0 0 0 0 0 0 0 0 0 0 0 0 0 0 0 0 0 0 0 0 0 0 0 0 2245.354518 0 0 2368.418173 0 0 0 0 0 0 0 0 0 0 0 0 0 0 0 0 0 0 0 0 2316.039271 0 0 2274.974764 0 0 0 4576.958307 0 0 0 0 0 2303.800719 0 0 0 0 0 0 0 0 0 0 0 0 0 1701.822743 0 0 2235.829893 0 0 0 0 0 0 0 0 0 0 0 0 0 0 0 0 0 2309.904495 0 0 
2285.50402 0 0 0 4606.779154 0 0 0 0 0 0 0 0 0 0 0 0 0 0 0 0 0 2314.885351 0 0 0 0 0 2246.893082 0 0 0 0 0 0 2357.091448 2238.154543 0 2262.116569 0 0 0 0 2420.157694 0 0 0 0 0 0 0 0 0 0 0 0 0 0 0 0 2288.057686 0 0 2311.336117 0 0 2122.358023 0 0 0 0 0 0 0 0 0 0 0 0 0 0 0 0 2157.076552 0 2324.54746 0 0 0 0 0 0 0 0 0 0 0 0 0 0 
# Errors [kim/kristine.dat] I_err:
0 0 0 2213.102589 0 0 0 0 0 0 0 0 0 0 0 0 0 0 0 0 0 0 0 0 2253.203012 0 0 0 0 2239.771237 0 0 2366.633596 2066.473593 0 0 0 0 0 0 0 2324.48242 0 0 0 0 2350.110487 0 0 0 0 0 0 0 0 0 0 0 0 2355.045746 0 0 0 0 0 0 0 0 0 0 0 0 0 0 0 0 0 0 0 1664.460951 1725.667701 0 0 0 0 0 2268.809156 0 2215.366932 0 0 0 0 0 0 0 0 0 0 0 
0 0 0 0 0 0 0 0 0 0 0 2255.027542 0 0 0 2328.284729 0 0 0 0 0 0 0 0 2332.023958 0 0 0 0 0 0 0 0 0 0 0 0 0 0 0 0 0 0 3954.935054 0 0 0 2299.175281 0 0 0 0 0 0 0 0 2320.244511 0 0 2047.291101 0 0 0 0 0 0 0 0 0 0 0 0 0 0 0 0 0 0 2273.362854 0 2345.969063 0 0 0 1616.770203 0 0 0 0 0 0 0 0 0 0 0 0 0 0 0 
0 0 0 0 0 0 0 0 0 0 0 0 0 0 0 0 0 2154.298693 0 0 0 0 0 0 0 0 0 0 0 0 0 0 0 0 0 0 2064.873564 0 2032.727224 0 2289.946319 0 0 0 2403.115976 0 0 0 2237.587814 0 0 0 0 0 0 2345.946806 0 0 0 0 0 0 0 0 0 0 0 0 0 0 0 0 0 0 0 0 0 0 0 0 2182.893164 0 0 0 0 0 0 2256.989681 0 0 0 0 0 0 0 0 0 0 0 0 
0 0 0 0 0 0 0 0 0 0 0 0 0 0 0 0 0 0 0 0 0 0 2440.195746 0 0 0 0 0 0 0 0 0 0 0 2094.471672 0 0 0 0 2270.183096 0 0 0 0 0 0 0 0 2310.624291 0 0 0 0 0 0 0 0 2116.730035 0 2224.142073 0 0 0 0 0 2215.779956 0 2292.933953 0 0 1639.922444 2291.402924 0 0 0 0 0 0 0 0 0 0 0 0 0 0 2837.160255 0 0 0 0 0 0 0 0 1724.682774 0 0 0 0 
0 0 0 0 0 0 0 0 0 0 0 0 0 0 0 0 0 0 0 0 2273.207679 0 0 0 0 2228.401765 0 0 0 0 0 0 0 0 0 0 0 0 0 0 0 0 0 0 0 0 0 0 0 0 0 0 0 0 2376.935966 0 0 0 0 0 0 0 0 0 0 0 0 0 2310.297003 0 0 0 0 0 0 0 0 0 0 0 0 0 0 0 0 0 0 0 0 0 0 0 0 0 0 0 0 0 0 0 
0 0 0 0 0 0 0 0 0 0 0 0 0 0 0 0 0 0 0 0 0 0 0 0 2427.913965 0 0 2098.929632 0 2348.818654 0 0 0 0 0 0 0 0 0 0 0 2290.581953 0 0 0 0 0 2332.214385 0 0 2351.321175 0 0 3167.063669 0 0 0 0 0 0 0 0 0 0 0 0 0 0 0 0 0 0 2347.001782 0 0 0 0 0 0 0 0 0 0 0 0 0 0 0 0 0 0 0 1707.993218 0 0 1711.238127 0 2295.909266 0 0 
0 0 0 0 0 0 2327.792425 0 0 0 0 0 0 0 0 0 0 0 0 0 0 0 0 0 0 0 0 2290.512953 0 0 0 0 0 0 0 0 0 0 0 0 0 0 0 0 0 0 0 0 0 0 0 0 0 0 0 0 2336.427521 0 0 0 0 0 0 0 2364.051006 0 0 0 0 0 2279.893591 0 0 0 0 0 0 0 0 0 0 0 0 2220.544218 0 0 0 0 0 0 0 0 0 0 0 0 0 0 0 2286.766616 
0 0 0 0 0 0 0 0 0 0 0 0 0 0 0 0 0 0 0 0 0 0 0 0 0 0 0 0 0 0 0 0 0 0 0 0 0 0 0 2034.000726 0 0 0 0 0 0 0 0 0 0 0 0 0 0 0 0 0 0 0 0 0 0 0 0 2270.239745 0 2246.283922 2238.282887 0 0 0 0 0 0 0 0 0 0 0 0 0 0 0 0 2365.865699 2259.264594 0 0 0 0 0 0 0 0 0 0 0 0 0 2214.144491 
2330.260034 0 0 0 0 0 0 0 0 0 0 0 0 0 2353.593667 0 0 0 0 0 0 0 0 0 2265.285701 0 0 0 2252.627274 0 2286.393506 0 2247.775084 0 0 2379.695012 2246.491377 0 0 0 0 0 0 0 0 0 0 0 0 0 0 0 0 0 0 0 2351.638712 2097.8723 0 0 0 0 0 0 0 0 0 0 0 0 0 0 0 0 0 2195.250289 0 0 0 0 0 0 0 0 0 0 0 0 0 0 0 0 0 0 0 0 0 0 1627.087979 0 
0 2358.483641 0 0 0 0 0 2247.092828 0 0 0 0 0 2363.013608 0 0 0 0 0 0 0 0 0 0 0 0 0 0 0 0 3321.497003 0 3314.064012 3144.557663 0 0 0 0 0 0 0 0 2002.232831 0 2112.739472 0 0 0 0 0 0 0 0 0 0 0 0 0 3254.352465 0 2261.88512 0 0 0 0 0 0 0 0 0 0 0 0 0 1972.911856 0 0 0 2363.272233 0 0 0 0 0 0 0 0 0 0 0 0 0 0 0 0 0 0 0 0 0 
0 0 0 0 0 0 0 0 0 0 3279.412898 0 0 0 0 0 0 2323.947391 2056.608912 0 0 0 0 0 0 0 0 0 0 0 2243.262059 0 0 0 0 0 0 2266.067727 2024.170026 0 0 0 0 0 0 0 0 0 0 2264.709352 0 0 0 0 0 0 3162.672196 2237.249774 0 2323.930431 0 0 0 0 0 0 0 0 0 0 0 0 0 0 0 0 0 0 0 0 0 0 0 0 0 0 0 0 0 0 0 0 0 0 0 0 2416.321732 0 0 0 
0 0 0 0 0 0 0 0 0 0 0 0 0 0 0 0 0 0 0 0 0 0 0 0 0 0 0 0 0 0 0 0 0 0 0 0 0 0 2045.851373 0 0 0 0 0 2210.564738 0 0 0 0 0 0 0 0 0 0 0 3163.657121 0 2188.08834 0 0 0 0 0 0 0 0 0 0 1729.996312 0 0 0 0 1728.5963 0 0 0 0 0 0 0 0 0 0 0 0 0 0 0 0 0 0 0 0 0 2292.623238 0 0 0 
0 0 0 0 0 0 0 0 0 0 0 0 0 0 0 0 0 0 0 0 0 0 0 0 0 0 0 0 0 0 0 0 2246.738952 0 2307.494534 0 2430.983765 0 0 0 0 0 2239.902989 2061.252974 0 0 0 0 0 0 0 0 0 0 0 0 2250.866654 2339.066798 0 0 0 0 0 0 0 0 0 0 0 2254.646009 0 0 0 0 0 0 0 0 0 0 2171.780119 0 0 2246.593102 0 0 0 0 0 0 0 0 0 0 0 0 0 0 0 0 
0 0 0 0 0 0 2228.735124 0 0 0 0 2370.334671 0 0 0 0 0 0 0 0 2338.899441 0 0 0 0 0 2349.167582 0 0 0 0 0 2302.413683 0 0 0 0 0 0 2089.172361 0 2295.722294 2274.287961 2244.225264 0 0 0 0 2261.867689 0 0 0 0 0 0 0 0 0 0 2276.950074 2370.367217 0 0 0 0 0 2261.362058 0 0 0 0 0 0 0 0 0 0 2392.916006 0 0 2245.887549 1707.327008 0 0 0 0 0 0 0 0 0 0 0 0 0 0 0 0 0 0 
0 0 0 0 2154.37689 0 0 2044.011878 0 2217.117469 0 0 0 0 0 2250.915615 0 0 0 0 0 0 0 0 0 0 0 0 0 0 0 0 0 0 0 0 0 0 0 0 0 0 0 0 2253.375881 0 2286.949389 2392.96055 0 0 0 0 0 0 2345.794694 0 0 0 0 0 0 0 0 0 0 0 0 0 0 0 2294.360359 0 0 0 0 0 0 2290.849791 0 0 0 0 0 0 0 0 0 0 0 0 0 0 0 0 0 0 0 2281.920907 0 1664.418867 
0 0 0 0 0 2269.44993 0 0 0 2086.659062 2267.699872 0 0 0 0 0 0 0 0 0 0 0 0 2377.232597 0 0 0 0 0 0 0 0 0 0 0 0 0 2324.061445 0 2035.356107 0 0 0 0 0 0 0 0 2281.238646 0 0 0 0 0 0 0 0 0 2332.213455 0 0 0 0 0 0 0 0 0 0 0 0 0 0 0 0 0 0 0 0 0 0 0 0 2296.40649 0 0 0 1696.861653 0 0 0 2249.864657 0 0 0 0 0 0 0 0 
0 0 0 0 0 0 0 0 0 0 0 0 0 0 0 0 0 0 0 0 0 2311.605164 0 0 0 0 0 0 2367.165615 2321.06347 0 0 0 0 0 0 0 0 0 0 0 0 0 0 0 0 2290.903783 0 0 0 0 0 0 2179.67667 0 0 0 0 0 0 0 2275.341865 0 0 0 0 0 2308.880014 0 0 0 2265.706885 0 0 2308.467893 0 0 0 0 0 0 0 0 1623.095984 0 0 1702.947624 0 0 1713.747248 2288.92242 0 0 1717.065973 0 0 0 0 0 0 
0 2219.14821 2272.602618 0 0 2303.590982 0 2343.473943 0 0 0 0 2307.353465 0 0 0 0 0 0 0 0 0 2341.039227 0 0 0 0 0 0 0 2238.512847 0 0 0 0 0 0 0 0 0 2111.269311 2319.966782 0 0 0 2282.121337 0 0 0 0 0 0 0 0 0 2248.096503 0 0 2073.145739 0 0 0 2284.774138 0 0 0 3054.861607 2372.111839 0 1657.983129 0 2365.31717 0 0 0 0 0 0 0 0 0 0 0 0 0 0 0 0 0 0 0 1673.413873 0 1590.127232 0 0 0 0 0 0 
0 2377.173654 0 0 0 0 0 0 2219.737334 0 0 0 0 0 0 0 0 0 0 0 0 0 2105.163291 0 0 0 0 0 0 0 0 0 0 0 0 0 0 0 0 0 0 0 0 0 0 0 0 0 0 0 0 0 0 0 0 0 0 0 0 2343.329671 0 0 0 0 0 0 0 0 0 0 0 0 0 0 2285.715694 0 0 0 0 1679.663678 0 0 0 2302.670318 0 0 0 0 0 0 0 0 0 0 0 0 0 0 0 0 
0 0 0 0 2326.328226 0 0 2173.767338 0 0 0 2247.010931 0 0 2306.918291 0 0 2289.226918 0 2356.172474 0 0 0 2283.281392 0 2315.920419 0 0 0 0 0 0 0 0 0 0 0 0 0 3294.357717 0 0 3292.581408 2322.219978 0 2260.226078 0 0 0 2322.890521 0 0 2334.295701 1983.217052 0 0 2192.231647 0 0 0 0 0 0 2054.683517 0 0 0 0 1593.96047 0 0 0 0 0 0 0 0 0 0 0 0 0 0 2163.757532 0 0 0 1659.87284 0 0 0 0 0 0 0 0 2264.715605 0 0 0 
0 0 0 0 0 0 0 0 0 2302.894747 0 0 0 0 0 0 0 0 0 2039.60054 0 0 0 0 2303.507737 0 0 0 0 2360.915262 0 0 0 0 0 2886.214746 0 0 0 0 0 0 0 0 0 0 2391.173181 0 0 0 0 0 0 0 0 0 0 0 2219.391088 0 0 0 3103.980839 2339.869326 0 0 0 0 2270.474334 0 0 0 0 0 0 0 0 0 0 0 0 2250.06019 0 0 0 0 0 0 0 0 0 2344.518034 0 1624.011318 0 0 0 2312.278585 0 1696.222927 
0 2279.293499 2314.369202 2310.39421 2279.621748 0 0 0 0 0 0 0 0 0 0 0 0 0 0 2065.889057 2268.474239 0 2247.348199 0 0 0 0 0 0 0 0 0 0 0 2354.467997 0 0 0 0 0 0 0 0 0 0 0 0 0 0 0 0 0 0 2285.189257 0 0 0 0 0 0 0 0 0 0 0 0 0 0 0 0 0 0 0 0 0 2343.375783 0 0 2226.066578 2271.514729 0 0 2250.897624 0 2267.075463 2308.033061 0 0 0 0 0 0 0 0 0 0 0 0 0 1597.06771 
0 0 0 0 0 0 0 0 2408.812324 0 0 0 0 0 0 0 0 0 0 0 0 0 0 0 0 0 0 0 0 2250.709669 0 0 0 2355.994983 0 0 0 0 0 0 2348.659067 0 0 0 0 0 0 0 0 0 0 0 0 0 0 0 0 0 0 0 0 0 0 0 0 0 0 0 0 0 0 0 0 0 0 0 0 0 0 0 1693.502804 0 0 0 0 0 0 0 0 0 0 2264.386323 1727.762255 2245.272991 0 0 2240.970291 0 0 0 
0 0 0 0 0 0 0 2292.643238 0 0 0 0 0 0 0 0 0 0 2296.691475 0 0 0 2303.492798 0 0 0 0 0 0 0 0 0 0 0 0 0 0 0 0 0 0 0 2341.953541 0 0 0 0 0 0 0 2064.815078 3215.743968 0 0 0 0 0 0 0 0 2179.284481 0 0 0 0 0 3078.166361 0 2253.679405 0 0 0 0 0 0 0 2296.041877 0 0 0 0 0 0 0 0 0 0 0 0 0 2309.975845 0 0 0 0 0 0 0 0 0 
0 0 0 0 0 0 0 0 0 0 2389.775712 0 0 0 0 0 2235.543831 0 0 0 0 0 0 0 0 0 0 0 0 0 0 0 2127.356963 0 0 0 0 0 0 0 0 2314.442386 0 0 0 0 0 0 0 0 0 0 0 0 0 0 0 0 0 0 0 0 0 0 0 0 0 0 0 0 0 0 0 0 0 0 0 3296.258818 0 0 0 0 0 0 0 0 0 2233.076236 0 0 0 0 0 1655.034719 0 0 0 0 0 2894.686314 
0 0 0 0 0 0 0 0 0 0 0 0 0 2187.850852 0 0 0 2275.500158 0 0 0 0 0 0 0 0 0 2262.365927 2292.67655 0 0 0 0 0 0 0 0 0 0 0 0 0 0 0 0 0 0 0 0 0 0 0 0 2252.317061 0 0 0 0 0 0 0 0 0 0 0 0 0 0 0 0 2346.5001 0 0 0 0 0 0 0 0 0 0 0 0 2333.676392 0 0 0 1678.056628 0 0 0 0 0 0 2246.333892 0 0 0 0 0 
0 0 0 0 0 0 0 0 0 0 0 0 0 0 0 0 2263.817824 0 0 0 0 0 0 0 0 0 0 0 0 0 0 0 0 0 0 0 0 0 0 0 0 2404.524032 0 0 2348.250637 2324.275827 0 0 0 0 2375.893067 0 0 0 0 0 0 2243.109095 0 0 0 2266.770121 0 0 0 0 2311.515119 2398.536732 0 0 0 0 0 2218.089591 0 0 0 0 0 2239.346315 0 0 0 0 0 0 0 0 0 0 0 0 0 0 0 0 0 0 0 0 
0 0 0 2262.96842 0 2430.979129 0 0 0 2366.007971 0 0 0 0 2332.933913 2275.853273 0 0 0 0 0 0 0 0 0 0 0 0 0 0 0 0 0 0 2292.112095 0 0 0 0 0 0 0 0 0 0 0 0 0 0 0 0 0 0 0 0 0 0 0 0 2302.986762 0 0 0 0 0 0 0 0 0 0 0 0 0 0 0 0 0 0 0 0 0 0 2321.323615 0 0 0 0 0 0 0 0 0 1735.162183 0 0 0 0 0 0 0 
0 0 0 3248.222529 0 0 0 0 0 0 2343.017161 0 0 0 0 0 0 0 0 0 0 0 0 0 0 0 2356.364371 0 0 0 0 0 0 0 0 0 0 0 0 0 0 0 0 0 0 0 0 0 0 2392.088607 0 0 0 0 0 0 0 2290.732272 0 0 2296.924425 0 0 0 0 0 2288.631767 0 0 0 0 0 0 2263.512586 0 0 0 0 0 0 0 0 0 0 0 0 0 0 0 0 0 0 0 0 0 0 0 0 2236.200898 0 
0 0 0 0 0 0 0 0 0 0 0 2051.771306 0 0 0 0 0 2066.423106 0 0 0 0 2261.937815 0 0 0 0 0 0 0 3137.5868 0 2302.680255 0 0 0 0 0 0 0 0 0 0 0 0 0 0 0 0 0 0 0 0 0 0 0 0 0 0 0 0 0 0 0 0 0 0 0 0 0 0 0 2373.472027 0 2303.897273 0 0 0 0 0 0 0 0 0 2371.892017 0 0 2349.349002 0 0 0 0 1706.139905 0 0 0 0 0 0 0 
0 0 0 0 0 0 0 0 0 0 0 0 0 0 0 0 0 0 2279.166257 0 0 0 0 0 2118.261967 0 0 2297.251271 0 0 0 0 0 0 0 0 2282.653754 0 0 0 2394.925629 0 0 0 2243.987706 0 0 0 0 2365.004056 0 3267.84408 0 0 0 2081.889657 0 0 0 0 0 0 0 0 0 0 0 0 0 0 0 0 0 0 0 0 0 2334.885894 0 0 0 0 0 2290.552903 0 0 0 1673.117337 0 0 0 0 0 0 0 0 0 0 0 0 
0 0 0 0 0 0 0 0 0 0 0 2373.93598 0 0 0 0 2374.506029 0 0 0 0 0 0 0 0 0 0 0 0 0 0 0 0 0 0 0 0 0 0 0 0 0 2131.201025 2266.411729 0 0 0 0 0 0 0 0 0 0 0 0 0 0 0 0 2353.864123 2351.541583 0 0 0 2344.099693 0 0 0 0 0 0 0 0 0 0 0 0 0 0 2237.777906 0 0 0 0 0 0 0 0 0 0 0 0 0 0 0 0 0 0 2381.257974 
2289.623941 0 0 0 0 0 0 0 0 0 0 0 0 0 0 0 0 0 0 0 2259.072571 0 0 0 0 0 0 0 0 0 0 0 0 0 0 0 0 0 0 0 0 0 0 0 2368.820952 0 0 0 0 0 0 0 0 0 0 0 0 0 2309.988036 0 0 0 0 0 0 0 0 0 0 0 0 0 0 0 0 0 2313.555895 0 2332.096938 0 0 0 0 0 0 0 0 0 0 0 0 0 0 0 0 0 0 0 0 0 
0 0 0 0 2199.381731 0 2286.736407 0 0 0 0 0 0 0 0 0 0 0 0 0 0 0 0 0 0 0 2304.339454 0 0 0 2333.68578 0 0 0 0 0 0 0 0 0 2277.872253 0 0 3296.294638 2398.837276 0 0 0 0 0 0 0 0 2390.762085 0 0 0 0 0 0 0 0 0 0 0 1990.549255 0 0 0 0 0 0 2280.49995 0 0 0 0 0 0 0 0 0 0 0 0 2224.949414 0 0 0 0 0 0 0 0 0 0 0 0 0 2347.939125 
0 0 0 0 0 0 0 0 0 0 0 0 0 0 0 0 2435.734797 0 0 0 0 0 0 0 0 0 0 0 0 0 0 0 0 2257.228739 0 0 0 0 0 0 2384.206444 0 0 0 0 0 0 0 0 0 0 0 0 0 0 0 2404.943805 0 0 0 2312.428392 0 0 0 0 0 0 0 2220.887758 0 1696.77267 0 0 0 0 0 0 1605.5692 2353.906363 0 0 0 0 0 0 0 0 0 0 2345.070621 0 0 0 0 0 0 0 0 0 0 
0 0 0 0 0 0 0 0 0 0 0 0 0 2346.888624 0 2375.809452 0 0 0 0 0 0 2398.40681 0 0 0 0 0 0 2370.849811 0 0 0 2267.908236 2043.37325 0 0 0 0 0 2147.819074 0 0 0 0 2341.290609 0 0 2278.861109 0 0 3046.813197 0 0 0 0 0 0 0 0 2375.577818 0 0 0 0 0 2306.428742 0 0 1666.718831 0 0 0 0 0 0 2313.04982 0 2299.55098 0 0 0 0 0 0 0 1683.759852 0 0 0 1675.60022 0 0 0 0 2337.582744 0 0 0 0 
0 0 0 0 0 0 0 0 0 0 0 3234.393308 0 0 0 0 0 2344.378168 0 0 0 0 0 0 0 0 0 0 0 0 0 0 0 0 2182.137758 0 2306.620913 0 0 0 2238.463829 0 0 0 0 0 0 0 0 0 0 2097.742866 0 0 0 0 0 0 0 2276.951945 0 0 2363.453138 0 0 0 0 0 0 0 0 0 0 0 0 0 0 2284.047373 0 0 0 0 0 0 0 0 2259.905316 0 0 0 0 0 0 0 0 2241.998066 0 1665.252609 0 0 
2326.893826 2412.500382 0 0 2287.436214 0 0 0 0 2157.133277 0 0 2370.3974 0 0 0 0 2004.903326 0 0 2273.529532 0 0 0 0 0 0 0 0 0 0 0 0 0 0 2436.366403 0 0 0 0 0 0 0 0 0 1970.900888 0 0 2289.987598 0 0 0 0 2393.048473 0 0 0 0 0 0 0 0 0 0 0 2405.900775 2224.805141 0 0 0 1629.024514 0 0 0 0 3257.868419 0 0 0 2234.849203 2040.386519 0 0 0 0 0 0 0 0 0 0 0 0 0 0 0 0 0 0 0 
0 2287.672124 0 0 0 0 0 0 0 0 0 2272.721445 0 0 0 0 2220.943839 0 2347.861711 0 2268.944554 0 2282.250223 0 0 0 0 0 0 0 0 0 0 0 0 0 0 0 0 0 0 0 2369.537683 0 0 0 0 0 0 0 2337.826451 0 0 0 2262.064573 0 2267.274323 0 0 2253.881242 0 2385.145993 0 0 0 0 0 0 0 0 0 0 2274.544776 0 0 0 0 0 0 0 0 0 0 2276.515668 0 2397.845713 0 2358.869223 0 0 0 2258.851506 0 0 0 0 1652.400631 1680.229165 0 0 
0 0 0 0 0 2395.284913 0 0 0 0 0 0 0 0 0 0 0 0 0 0 0 0 0 0 0 0 2214.977143 0 0 0 0 0 0 0 2055.642715 0 0 0 0 0 0 3085.384645 0 0 0 0 2284.210156 0 0 0 0 0 0 0 0 0 0 0 0 0 0 0 0 1591.1344 0 0 0 0 0 0 0 0 0 0 0 0 0 0 2264.56302 0 0 2295.15545 0 0 0 0 2231.654895 0 0 0 0 0 0 0 0 2302.074006 0 0 0 0 
0 0 0 0 0 0 0 0 0 0 2271.280332 0 0 0 0 0 0 0 0 0 0 0 0 0 0 0 0 0 0 0 0 0 0 0 0 0 0 0 1961.469995 0 0 0 0 0 0 0 0 0 0 0 0 0 0 2308.23665 0 0 0 0 0 0 0 0 0 0 0 0 0 0 0 0 0 0 0 0 0 0 1667.645325 0 0 0 0 0 0 0 1674.470285 0 1661.662429 0 0 0 0 0 0 1674.549008 0 0 0 0 0 0 
0 0 0 0 0 0 0 0 0 0 0 0 0 0 0 0 0 0 0 0 0 0 0 0 0 0 0 0 0 0 0 0 3160.926195 2266.949249 0 0 0 0 0 0 0 0 0 0 0 0 0 0 0 0 0 0 2313.198938 2347.289292 0 0 0 0 0 0 2376.17797 0 0 0 0 0 0 0 0 0 0 0 0 0 0 0 2355.87372 3262.481327 0 2331.418834 0 0 0 0 0 0 2219.321652 0 0 0 0 0 0 0 0 0 0 0 0 0 
0 0 0 0 0 0 0 0 0 0 0 0 0 3254.531154 0 0 0 0 0 0 2420.790376 0 0 0 0 2262.39693 0 0 0 0 0 0 2281.108839 0 0 0 0 0 0 0 0 0 0 0 0 0 2303.370038 0 0 0 0 0 0 0 1982.315944 0 0 2334.183604 0 2379.117572 0 0 2050.061804 0 0 0 0 0 0 0 0 2302.228185 0 0 0 0 0 0 0 0 0 0 0 0 0 0 0 0 0 0 0 0 2251.429126 0 0 0 0 0 1716.950871 0 
0 0 0 0 0 0 0 0 0 0 0 0 0 0 0 0 0 0 0 0 0 0 0 0 0 0 0 0 0 0 0 0 0 0 0 0 0 3307.935532 0 0 0 0 0 0 0 0 0 0 0 2431.69868 0 0 0 0 0 0 0 0 0 0 0 0 0 0 0 0 0 2364.156096 0 0 0 2141.10238 0 2336.029592 0 0 0 0 0 0 0 0 0 0 0 0 0 0 0 0 0 2811.835195 0 1707.91762 0 0 0 0 0 0 
0 0 0 0 0 2181.733103 0 0 0 0 0 0 2347.000489 0 0 0 0 0 0 0 2217.834533 0 0 0 0 0 0 0 0 0 0 0 0 0 0 0 2316.147356 2384.48416 2352.871915 0 0 0 0 0 0 0 0 0 0 0 0 2345.561677 0 0 0 0 0 0 0 2291.718444 0 0 0 2319.026278 0 0 0 0 2078.867173 0 0 0 0 0 0 0 2362.088457 0 0 0 0 0 0 0 2309.605388 0 0 0 0 0 0 0 0 1682.760048 0 0 0 0 0 0 
0 2305.189397 0 0 0 0 0 0 0 2329.315997 0 0 0 0 0 0 0 0 0 0 0 0 0 0 0 0 0 2324.762822 0 0 0 0 2356.386373 0 0 0 0 0 0 2352.914069 0 0 2274.719141 0 0 0 2271.809717 0 0 0 0 0 0 2341.025446 0 2217.438174 0 0 0 0 3982.936135 0 0 0 0 0 0 0 0 0 0 2377.113308 0 0 0 0 0 0 0 0 0 0 0 2344.747613 0 0 2293.83046 0 2214.959205 0 0 1678.65798 0 0 0 0 0 0 0 0 
0 0 0 0 0 0 0 0 0 0 0 2424.331364 0 0 0 0 0 0 0 0 0 0 0 0 0 0 0 0 0 0 0 0 0 0 0 0 0 0 0 0 0 0 0 0 0 0 0 0 0 0 0 0 0 2257.189781 0 2239.909537 0 2415.127717 0 0 0 0 0 0 2397.401685 0 0 0 0 0 0 1711.496399 0 2407.528822 0 0 0 2051.626943 0 0 0 0 0 0 0 0 0 0 0 0 0 0 0 0 0 0 0 0 3159.761065 0 
0 0 0 0 0 0 2220.441502 2352.934193 0 0 0 0 0 0 0 0 0 0 0 0 0 0 0 2186.243051 0 0 0 0 2351.043568 0 0 0 0 0 0 0 0 0 0 2379.359138 0 0 0 0 0 0 0 0 0 0 0 0 0 0 0 2399.210266 0 0 0 0 0 0 0 0 0 0 2359.797545 0 2247.866798 0 0 0 0 0 0 0 2283.199716 0 0 0 0 0 0 0 0 0 0 0 0 0 0 0 0 0 0 0 0 0 0 0 
0 0 0 0 0 0 0 0 0 0 0 0 0 2378.275522 1998.721857 0 0 0 0 0 0 0 0 0 2222.313816 0 0 0 0 0 0 0 0 0 0 0 0 0 0 0 0 0 0 3252.583678 0 0 0 0 0 0 0 0 2243.99481 0 0 0 0 2225.299585 0 0 0 0 0 3305.803861 0 0 2329.288593 0 0 0 0 0 0 0 0 0 0 0 0 0 0 0 0 0 0 0 0 0 0 0 0 0 0 0 0 0 0 0 0 0 
0 0 0 0 0 0 0 0 0 0 0 0 0 0 0 0 0 0 0 0 0 0 2195.439394 0 0 0 2280.331849 0 0 0 0 0 0 2270.300869 0 0 2296.487037 0 0 0 2352.064783 0 0 0 2252.415744 0 0 0 0 0 0 0 0 2014.464748 0 0 0 0 0 0 0 0 0 2216.818571 0 0 0 0 0 0 0 0 0 0 0 0 0 0 0 2278.412093 0 0 0 0 0 0 0 0 0 0 0 0 0 0 0 0 1642.420206 1726.758268 0 0 
0 2396.276126 0 0 0 2367.64362 0 0 2346.362586 0 0 0 0 0 0 0 0 0 0 2292.30846 0 0 0 0 0 0 2308.727392 0 0 0 0 0 0 0 0 2348.916923 0 0 0 0 0 2325.815328 0 0 0 2310.703093 0 0 0 0 0 0 0 2337.651608 0 0 0 0 0 2040.013623 0 0 2285.275749 0 0 0 0 0 0 0 0 0 0 0 0 0 0 0 0 0 0 0 0 2262.29986 0 0 0 2281.111558 0 1734.07602 0 0 0 0 0 2197.934159 0 0 0 0 
0 0 0 0 0 0 0 0 2378.218142 0 0 2374.683437 0 0 0 0 0 0 0 0 0 0 0 0 0 0 0 0 2299.65628 0 0 0 2398.376232 0 0 0 0 0 0 0 0 0 0 0 2304.424092 0 0 2260.645253 0 2261.968971 0 0 0 0 0 0 0 0 0 0 0 0 0 0 0 0 0 0 0 0 0 0 0 0 0 0 0 0 0 0 1633.748928 0 0 0 0 0 0 0 0 0 0 0 0 0 0 0 0 0 0 0 
3431.920705 0 0 0 0 0 0 0 0 0 0 0 0 0 0 0 2368.824611 0 2236.847063 2269.469761 0 0 0 0 0 0 0 0 0 0 0 0 0 0 0 0 0 0 0 0 0 0 0 0 0 0 0 2316.14455 0 0 0 0 0 0 0 0 0 0 0 0 0 0 0 0 0 0 0 0 0 0 0 0 0 0 0 0 0 0 0 0 2274.508289 0 0 0 0 0 0 0 0 0 0 0 0 0 0 0 0 0 0 0 
2259.928652 0 0 0 0 0 0 0 0 0 0 0 0 3287.901109 0 0 0 0 0 0 0 0 2111.337468 0 2306.378343 0 0 0 0 0 0 0 0 0 0 0 2281.013625 0 0 0 0 0 0 0 0 0 0 0 0 0 0 0 0 0 0 0 0 3090.030768 0 0 0 0 3127.806404 2324.954034 0 2310.951283 0 0 0 0 0 0 0 0 0 0 0 2376.66403 2061.897103 2328.565428 0 1719.582034 0 0 0 2898.271601 0 0 0 0 0 0 0 0 0 0 0 0 0 0 
2354.521227 0 0 0 2281.546909 0 0 0 0 0 0 0 0 0 0 2350.007199 0 0 0 2093.276579 0 0 0 0 0 0 0 1986.031837 0 0 0 0 0 0 0 0 0 0 0 2317.880462 0 0 0 0 0 0 0 0 2297.313189 0 0 0 2002.145727 0 0 0 0 0 0 0 0 0 0 2403.01055 0 0 0 0 0 0 0 0 0 0 0 0 0 0 0 2211.142536 0 0 0 0 0 0 2239.224738 0 2254.838601 0 0 0 0 0 0 0 2281.295933 0 1673.988036 0 
0 0 0 0 2295.3622 0 0 0 0 0 0 0 0 0 0 0 0 0 0 0 0 0 2078.98316 0 2315.604755 0 0 0 0 0 0 0 0 0 0 0 0 0 0 0 0 0 0 0 0 0 0 0 0 0 0 0 0 0 0 0 0 0 0 0 0 2213.980261 0 2311.008602 0 2850.099407 0 0 0 0 0 0 0 1742.70016 0 0 0 0 0 0 0 0 0 0 0 0 0 0 0 0 0 0 0 0 0 1665.8547 2276.728467 0 2304.701736 0 
0 0 0 2277.065407 0 0 0 0 0 2252.594728 0 0 0 0 0 0 0 0 0 2350.516635 0 0 0 0 2239.499443 0 2368.201218 0 0 0 0 2137.426738 0 0 0 0 0 0 0 3260.648389 0 0 0 0 0 0 0 0 0 0 0 0 0 0 0 0 0 0 0 0 0 0 0 0 0 0 0 0 2119.496275 0 0 0 0 0 0 0 2864.986076 0 0 0 0 0 0 0 0 0 0 0 0 0 0 0 0 0 0 0 0 0 0 0 
0 0 0 0 0 0 0 2271.503625 0 2371.708927 0 0 0 0 0 0 0 0 0 0 0 0 0 0 0 0 0 2389.251929 0 0 0 2364.413464 2352.657058 0 0 0 0 0 0 0 0 0 0 0 2325.415708 0 0 0 0 0 0 0 0 0 0 0 0 0 2342.687076 0 0 0 0 0 0 0 0 0 0 0 1638.8047 0 0 0 0 0 0 0 1662.867982 0 0 2248.139169 0 2290.922588 0 0 0 0 0 0 0 0 0 0 2291.234305 0 2227.023852 0 0 1653.980771 
0 0 0 2398.231823 0 0 0 0 0 0 0 0 0 0 0 0 2332.371005 0 2329.691208 2324.043635 2218.961124 0 0 0 0 0 0 0 2326.866164 0 0 0 0 0 0 0 0 0 0 0 0 0 0 0 0 0 0 0 2266.107781 0 0 0 0 0 0 0 0 2110.18184 0 0 0 0 0 0 0 0 0 2386.29869 0 0 0 0 0 0 0 0 0 0 0 0 0 2353.709167 0 0 2170.871896 0 0 0 0 2232.737735 0 0 0 0 0 0 2301.510086 0 0 0 
0 0 0 0 0 0 0 0 2029.428224 0 0 0 0 0 0 0 0 0 0 0 2173.335273 0 0 0 0 0 0 0 0 0 0 0 0 0 0 0 2318.77849 2313.126463 0 0 2099.870637 0 0 0 2370.23992 2279.946638 0 0 0 0 0 0 2282.751019 0 0 0 2095.489223 0 0 0 0 0 0 2377.80935 0 0 0 2130.994104 0 2059.836805 0 0 0 0 2954.338387 0 0 2343.397686 0 2312.759401 0 0 2283.532134 0 0 0 0 0 0 0 0 0 0 0 0 0 2341.739705 0 0 0 
0 0 0 0 0 0 0 0 0 0 0 0 2346.60161 0 0 0 0 0 0 0 0 0 0 0 0 2258.109965 0 0 0 0 0 0 0 0 0 0 0 0 0 0 0 0 0 0 0 0 0 0 0 0 0 2235.45642 0 0 0 0 0 0 0 2333.607441 0 0 0 0 0 0 0 0 0 0 2299.347224 0 0 0 0 0 0 0 0 0 0 0 0 0 0 0 0 0 0 2205.506085 0 0 0 0 1713.078905 0 0 2846.088786 0 2265.642747 
0 0 0 0 2352.308782 0 0 0 0 0 0 0 0 0 0 0 0 0 0 2326.364754 0 0 0 0 0 0 0 0 0 0 0 0 0 0 0 0 2239.687947 0 0 0 0 0 2051.674024 0 0 0 0 0 0 0 0 0 0 0 0 0 0 0 0 0 0 0 0 0 0 0 0 0 0 0 0 0 0 0 0 2254.694247 0 0 2271.942472 0 0 0 0 0 0 0 1629.188865 0 0 0 0 0 0 0 0 1665.061794 0 0 0 0 
0 2326.144232 0 0 0 0 0 2288.184488 0 0 0 0 0 0 2293.618416 2283.698713 0 0 2363.036028 0 0 0 0 0 0 0 0 0 0 0 0 0 0 0 0 0 0 0 2376.010519 0 0 0 0 0 0 0 0 0 0 0 0 0 0 0 2312.154829 0 0 2346.667812 0 0 2239.151773 0 0 0 0 0 0 2072.264913 2294.503345 0 0 0 2321.80707 0 0 0 0 0 0 0 2283.677962 0 0 0 0 0 0 0 0 0 0 0 0 0 0 0 1690.348837 0 0 0 
0 0 0 0 0 0 0 2295.239221 0 0 3027.628199 0 0 0 0 2107.962266 0 0 2121.199489 2427.220072 0 2286.522245 0 2342.750249 0 0 0 0 0 0 2221.511633 0 0 0 2386.095819 0 0 0 0 0 0 0 2240.081981 0 0 0 0 0 2362.256864 0 0 0 2256.974618 0 0 0 0 0 2333.917049 0 0 0 2266.118285 0 0 0 0 0 0 0 0 0 0 0 0 0 1643.740528 0 0 0 0 0 0 0 0 0 0 0 2255.678986 0 0 0 0 0 2297.769799 0 2265.548364 0 0 0 
0 0 0 0 0 0 0 0 0 0 0 0 0 0 0 0 0 0 0 0 0 0 0 0 0 0 0 0 0 0 0 0 0 0 0 2245.555129 0 2347.729102 0 0 2118.840008 0 0 0 0 0 2301.983059 0 2239.131021 0 0 2314.36946 2308.130508 0 0 0 2315.793292 0 0 0 0 2243.583107 0 0 0 0 0 0 0 0 0 0 0 0 0 0 0 0 0 0 0 0 0 0 0 0 0 0 0 0 0 0 0 2917.045886 0 0 0 1700.669344 0 0 
0 0 2339.652131 0 0 0 0 2286.135286 2303.357844 0 0 0 0 0 0 0 0 0 0 0 0 0 0 2248.645456 0 0 2280.896051 2029.501588 0 0 0 0 0 0 0 0 0 2331.274568 0 0 0 0 0 0 2105.501723 2283.278512 0 0 0 0 0 0 0 0 0 2351.406691 0 0 3128.305717 0 0 0 2305.201886 0 0 0 0 2253.934813 0 0 0 0 2396.852657 0 0 0 1740.855034 0 0 0 0 2333.048358 0 0 2278.202665 0 0 2395.86283 0 0 0 0 0 1681.441043 0 0 0 0 0 1663.604778 
2388.985058 0 0 0 0 2333.218735 0 0 0 0 0 0 0 0 2229.270006 2351.502057 2315.873955 2372.066168 0 0 0 0 0 0 0 0 0 2357.917677 0 0 0 2324.382821 2316.717236 2246.646117 0 0 0 0 0 0 0 0 0 0 0 0 2206.763117 0 2287.396148 0 0 0 0 0 0 0 0 0 0 0 0 0 0 0 0 0 0 0 0 0 2267.983751 0 0 1675.159133 0 0 0 0 0 0 0 0 0 0 0 0 0 0 0 0 0 0 0 0 0 0 0 0 0 0 
0 0 0 0 0 0 0 0 0 0 0 2299.442949 0 0 0 0 0 0 0 2227.691519 0 0 0 0 0 0 0 2312.479385 0 2380.866438 0 0 0 0 0 0 0 0 0 0 0 0 0 0 0 0 0 0 0 0 0 2297.553196 0 0 0 0 0 0 0 0 0 0 0 3166.451547 0 2263.85432 0 0 0 0 0 0 0 0 0 0 0 0 2056.075469 0 0 0 0 0 0 0 0 0 0 0 2283.984395 0 0 0 0 0 0 2357.334905 0 0 
0 0 0 0 0 0 0 0 2286.614288 0 0 0 0 0 0 0 2322.947054 0 0 0 0 0 0 0 0 0 2195.728722 0 0 0 0 0 0 0 0 0 0 0 2110.565694 0 2335.695578 0 0 2278.384028 0 0 0 0 0 0 0 0 0 0 0 0 0 0 0 0 0 0 0 0 0 0 0 0 0 0 0 0 0 0 0 0 0 0 0 0 0 0 0 0 0 2279.428877 0 0 0 0 0 0 2299.001377 0 0 0 1704.040938 0 0 1591.87701 
0 0 0 0 0 0 0 0 0 0 0 0 0 0 0 2257.211853 0 0 0 0 2073.533384 0 0 0 0 0 0 0 0 0 0 0 0 0 0 0 0 2323.620089 2384.871936 0 2290.426174 0 0 0 2287.386745 0 0 0 0 0 0 2328.738764 0 0 0 0 0 0 0 2307.016285 0 0 0 0 0 0 0 0 0 0 0 0 0 0 0 2369.290922 0 0 0 0 0 0 0 0 0 0 0 0 0 0 0 0 0 0 0 0 0 0 0 0 
2355.747394 0 0 0 0 0 0 2311.520571 2306.241415 0 0 0 0 0 0 0 0 0 0 0 0 0 0 0 0 0 0 0 0 0 0 2333.051896 0 0 2315.196855 0 0 0 2373.369945 0 0 0 3242.811512 0 0 0 0 0 0 2281.28154 2022.791035 0 0 0 0 0 0 0 0 0 0 0 0 0 0 2066.110286 0 0 0 0 0 0 0 0 0 0 0 0 0 0 2200.59447 0 0 0 0 0 0 1717.292472 0 2316.193502 0 0 3644.517798 0 0 0 0 0 0 0 
0 2309.91596 0 0 0 2283.57224 2355.795716 0 0 0 0 0 0 0 0 0 0 2344.387196 0 0 0 0 0 0 0 0 0 2328.143834 0 0 0 0 0 0 0 0 2397.897812 0 0 0 0 3175.038681 0 0 2305.429214 0 0 2061.550546 0 0 0 0 0 0 0 0 0 0 0 0 0 0 0 0 0 0 1951.186714 0 0 0 2282.394472 0 0 0 0 0 0 0 0 2372.353 2275.274898 0 0 0 0 0 0 0 0 0 0 0 1690.234733 0 0 2198.2666 1705.08329 0 0 0 
0 2229.583085 0 0 2327.974357 0 0 0 0 0 0 0 0 0 0 2045.905024 0 0 2253.498626 0 0 0 0 0 0 2378.287628 0 0 0 0 0 0 0 0 0 0 2265.332973 0 0 0 0 0 0 0 0 0 0 0 2375.732202 0 2287.505572 0 0 0 2343.976695 2319.300709 0 0 0 0 0 0 0 0 0 0 0 0 0 0 0 1717.568127 0 0 0 0 2336.218867 0 0 0 0 0 0 0 0 0 0 0 0 0 0 1699.208061 0 0 1654.933132 0 0 1668.95362 0 1696.363929 
0 0 0 2189.091862 3196.743519 0 0 0 0 0 0 0 2123.265302 0 2443.463159 0 0 0 0 0 0 2344.140021 2365.105719 2303.76525 0 0 2225.781281 0 0 0 0 0 0 0 0 0 0 0 0 0 0 0 0 0 2380.502209 0 0 0 0 0 0 0 0 0 2245.273249 0 0 0 0 0 0 0 2109.100123 0 0 0 0 0 0 2376.973421 0 0 0 0 0 0 0 0 0 0 0 0 0 2781.818697 0 0 2293.197717 0 0 0 0 0 0 0 0 1667.069163 0 0 0 0 
0 2224.990837 0 0 0 0 0 0 0 2071.488329 0 0 0 0 0 0 0 2333.142616 0 0 0 0 0 2361.585832 0 0 0 2068.635909 2376.748509 0 0 0 2280.1647 0 0 0 0 0 0 0 0 0 2297.015959 0 0 0 0 0 2330.210948 0 0 0 0 0 2300.044844 0 0 0 2099.196483 0 0 0 0 0 2402.398149 0 0 2296.281211 0 0 0 0 2346.712514 0 0 0 0 0 0 0 0 0 0 0 0 0 2281.563297 2281.385889 0 0 0 0 0 0 0 1680.2594 0 0 0 0 
0 2283.837745 0 2282.520173 2370.744309 0 0 0 0 0 0 0 0 2331.30374 0 0 0 0 2048.49373 0 0 0 2071.600887 2363.267226 0 0 0 2265.244348 0 0 0 0 0 2334.832349 2393.673977 0 0 0 0 0 0 0 0 0 0 0 0 0 0 0 0 0 0 0 2281.674579 2327.62421 0 0 0 0 0 0 0 0 0 0 0 0 0 0 0 0 0 0 0 2339.683149 0 0 0 1607.630818 0 0 2243.121691 0 0 1712.41925 0 0 0 0 0 2320.712683 0 2275.03185 0 0 0 0 0 0 
0 0 0 0 0 0 0 0 0 0 0 2083.05791 0 0 0 0 2334.220106 2085.069502 2268.505058 0 2257.93026 0 0 0 0 0 2373.9436 0 0 2281.388224 0 0 0 0 0 0 0 0 0 2413.285526 0 0 2321.597954 0 0 0 2237.306923 0 0 0 0 0 0 0 0 0 0 0 0 0 0 0 0 0 0 0 0 0 0 2314.935159 0 0 2224.325377 0 0 0 0 0 1690.187141 0 2348.51601 0 0 0 0 0 0 0 1556.344156 0 0 0 0 0 0 0 0 0 0 0 
0 2235.452006 0 0 0 0 0 0 0 0 0 0 0 0 0 2273.630942 0 0 0 0 0 0 0 0 0 0 0 0 0 0 0 0 2267.515264 0 0 0 0 0 0 0 0 0 2324.581465 0 0 0 2203.791007 0 2332.200968 0 0 0 0 0 0 0 0 0 0 0 0 2235.390483 0 0 2058.765022 0 0 0 0 0 0 2336.726899 0 0 0 0 0 0 0 0 0 0 0 0 0 1722.145399 0 0 0 0 0 0 0 0 0 0 0 0 0 0 
2296.100339 0 0 0 0 0 0 0 0 0 0 0 0 0 0 0 2305.796428 0 0 0 0 0 0 0 0 0 0 0 0 0 2107.16912 0 0 0 0 0 0 0 0 0 2293.485882 0 0 0 0 2353.400687 0 0 2250.153967 0 0 2266.885829 0 0 0 0 0 0 0 0 2325.633311 0 0 0 0 0 0 1977.615291 0 0 0 0 0 0 0 0 0 0 0 0 1728.279283 0 0 0 0 0 0 0 0 0 0 0 0 1734.528492 0 2216.365744 0 0 0 0 
2309.765368 0 0 0 0 0 2349.673309 0 0 0 0 0 0 0 0 0 2394.734614 0 0 0 0 0 0 0 0 0 0 0 2274.327113 0 0 0 0 0 0 0 0 2258.368286 0 0 0 2296.029693 0 0 0 0 0 0 0 0 0 2362.896517 2268.058854 0 0 0 0 0 0 0 2265.772494 0 0 0 0 0 0 0 0 2067.717641 0 0 0 0 0 0 2267.208115 0 0 0 0 0 0 0 0 0 0 0 0 0 0 0 0 0 0 0 0 0 0 0 
0 0 0 2256.897718 1967.708493 0 0 0 0 0 0 0 0 0 0 0 2187.886266 0 0 0 0 0 0 2314.256575 0 0 0 0 2399.412423 2280.120043 0 0 0 0 0 0 0 0 0 0 0 0 0 0 0 0 0 2386.219417 0 0 0 0 0 0 0 2115.136042 0 0 0 0 0 0 0 0 0 0 0 2387.344738 0 0 0 2254.641312 0 0 1674.626366 0 0 0 0 0 0 0 0 0 0 0 0 1708.151603 2209.128726 0 0 0 0 0 0 0 2249.808428 0 0 0 
0 0 0 0 0 0 0 0 0 2041.509483 0 0 2363.205467 0 0 0 0 0 0 0 0 0 0 0 0 0 0 0 0 0 0 0 0 0 0 0 0 0 0 0 0 2255.517247 0 0 2321.028044 0 0 0 0 0 0 0 0 0 0 2260.009389 0 0 0 0 0 0 0 0 0 0 0 0 0 0 0 0 0 0 0 0 0 0 0 0 0 0 0 0 0 0 0 0 2332.046079 0 0 0 0 0 0 0 2204.354816 0 0 0 
0 0 0 0 2305.803856 0 0 0 0 0 0 0 0 0 0 0 0 0 0 0 0 0 0 0 0 0 0 0 0 0 0 0 0 2400.724777 0 0 0 0 0 2384.357937 0 0 0 0 0 0 0 0 0 0 0 0 0 0 0 0 0 0 0 0 0 0 0 0 0 0 0 0 2299.659128 0 0 0 0 0 0 0 0 0 2276.636794 0 0 0 0 0 0 0 2323.744159 0 0 0 1702.155455 0 1647.229573 0 2328.754073 0 0 0 0 0 
0 2246.56791 0 0 0 0 0 0 0 0 0 0 0 0 0 0 2258.560425 0 0 0 0 0 0 0 0 0 0 0 0 0 0 2397.93669 0 0 0 0 0 0 0 0 2263.887972 0 0 2281.832543 0 0 0 0 0 0 0 0 0 0 0 0 0 0 0 0 0 0 0 0 0 2177.898456 0 0 0 0 0 0 0 1677.487202 0 0 2297.86918 0 0 2235.387171 1708.985518 1632.355685 0 0 0 0 0 0 0 0 0 0 0 0 0 0 2388.601928 0 0 0 
0 2341.332868 0 2157.381162 0 0 0 0 2316.121811 0 3145.826532 0 0 0 0 0 0 0 0 0 0 0 0 0 0 0 0 0 2349.946763 0 0 0 2240.826453 0 2268.503735 0 2351.859354 0 0 1945.193659 0 0 0 0 0 0 0 0 0 0 0 0 0 0 1969.237918 0 2295.302281 2367.976387 0 0 0 0 0 0 0 0 0 0 0 0 0 0 0 0 2287.953285 0 2372.710129 0 0 0 0 0 0 0 0 0 0 0 0 0 0 0 0 2340.549365 0 2245.730207 0 0 0 0 
0 0 0 0 0 0 0 0 0 0 0 0 0 0 0 0 2133.005197 0 0 0 0 0 0 2053.627793 0 0 0 0 0 0 0 2101.740385 0 0 0 0 0 0 0 0 2125.26581 0 0 0 0 0 2321.741664 0 2236.019387 0 0 0 0 0 2347.064531 0 0 0 0 0 0 0 0 0 0 0 0 0 2201.184126 0 0 0 0 0 0 2233.93932 0 0 0 0 2211.668025 0 0 0 0 0 0 2329.891831 0 2295.567379 0 0 0 0 2290.551278 0 0 0 0 0 
0 0 0 0 0 0 0 0 0 0 0 0 0 0 0 0 0 0 0 0 0 0 0 0 0 0 0 2044.800365 0 0 0 0 0 0 2083.600891 0 0 0 0 0 0 0 0 0 0 0 0 2304.027711 0 2387.05761 0 0 2293.853238 0 0 0 0 0 0 0 2352.93026 0 0 0 2004.307126 2307.792047 0 0 0 0 0 0 2339.20822 0 0 0 0 2394.150405 0 0 0 0 1616.307576 0 2225.993156 2267.912284 0 0 0 0 2276.180066 2358.249121 0 0 0 1666.303056 0 0 0 0 
0 0 0 0 0 0 0 0 0 0 0 3007.459308 0 2051.757129 0 0 0 0 2258.205603 0 2282.232283 2356.752831 0 0 0 0 0 0 0 0 2119.806105 0 0 0 0 0 0 0 0 0 0 0 0 0 0 0 0 0 0 0 3061.336204 0 2246.799048 0 0 0 2204.79716 2263.078005 0 0 0 0 0 0 2401.275269 0 0 0 0 0 0 0 0 0 0 0 0 0 0 0 0 0 0 0 0 0 0 0 0 0 0 0 0 0 2183.197684 0 0 0 0 0 
2253.915796 0 0 0 0 0 0 0 2405.07181 0 0 0 0 0 0 0 0 0 0 0 0 0 0 0 0 0 0 0 0 0 0 0 0 0 0 0 2310.37326 0 2247.66782 0 0 0 0 2356.327003 0 0 2229.105737 0 0 0 0 0 0 2108.339729 0 0 0 0 2249.028279 0 2276.741027 0 0 0 0 0 2187.091292 0 0 0 0 0 0 0 0 0 0 2932.314836 0 0 0 0 0 0 0 0 0 0 0 0 0 0 0 0 0 0 0 1721.321692 0 0 
0 0 0 0 0 3039.606445 0 0 0 0 0 0 2022.561814 0 0 0 0 0 0 0 0 0 0 0 0 0 0 0 0 0 0 0 2292.935673 0 0 2237.864613 0 0 0 0 0 0 0 0 0 0 0 0 0 0 0 0 0 0 0 0 0 0 0 0 2248.625244 0 0 0 0 0 0 0 0 0 0 0 0 1656.520366 0 0 0 0 0 2325.375639 0 0 0 0 0 0 0 0 0 0 0 0 0 0 0 0 0 0 0 0 
0 0 2342.256739 0 0 0 0 0 2137.694324 0 0 0 0 0 0 0 0 0 0 0 0 0 0 0 0 0 0 0 0 0 2388.882452 0 0 0 0 0 0 0 0 0 0 0 0 0 0 0 0 0 0 2349.889401 0 0 0 0 0 0 0 0 0 0 0 0 2316.404097 0 0 0 0 0 0 0 0 0 0 0 0 0 0 0 2276.247941 0 0 0 0 2269.452079 0 0 0 0 0 0 0 0 0 0 1705.23323 0 0 0 0 0 
0 0 0 0 0 0 0 2043.954064 0 0 2263.093862 0 0 0 2365.128898 0 0 0 0 0 0 0 0 0 0 2353.829809 0 0 0 0 0 0 0 0 2301.453469 0 0 0 0 0 0 0 0 3116.026366 0 3289.51836 0 0 0 0 0 2377.442322 0 0 0 0 0 0 0 0 0 0 0 0 0 2255.814232 0 0 0 0 0 0 2299.727373 0 0 0 0 0 0 0 0 0 0 2258.192309 0 0 0 0 0 0 0 1654.155759 0 3245.313337 2219.475196 0 0 0 0 0 
0 0 0 0 0 0 0 2162.423563 0 0 0 0 2130.37657 0 0 0 0 3120.40036 0 0 0 0 0 0 0 0 0 2259.090801 0 0 2201.92721 0 2320.438701 0 0 2337.854726 0 0 0 2321.474363 0 0 0 0 0 0 0 0 0 0 0 0 0 0 0 0 0 0 0 0 0 2075.093601 0 0 0 0 0 0 0 0 0 0 0 0 0 0 0 0 0 0 0 0 0 0 0 0 0 0 0 0 2249.405655 0 0 0 1662.10218 0 0 0 2156.365947 0 
0 2351.716814 0 0 0 0 0 0 0 0 0 0 0 0 0 0 0 0 0 0 0 0 0 0 0 0 0 0 0 0 0 0 0 0 0 2323.977424 0 0 0 2342.617596 2387.665174 2269.365461 0 0 0 2292.868912 0 0 0 0 0 0 0 0 0 0 0 0 0 0 2201.774725 0 0 0 0 0 0 0 0 0 0 0 0 0 2276.63682 0 0 1604.019963 0 0 2276.560075 0 2360.053136 0 0 0 0 0 0 0 0 0 2217.530695 0 0 0 0 0 0 0 
0 0 0 0 2277.004783 0 0 0 0 2233.001516 0 0 0 0 0 0 0 0 0 0 2391.953914 2246.963162 0 0 0 0 0 0 0 0 0 0 2072.434267 0 0 0 0 2355.87634 0 0 0 0 0 2327.864953 0 0 0 0 0 0 0 2257.240221 0 0 0 0 0 0 0 0 2381.597706 0 0 0 0 0 2268.396565 0 0 0 2277.648818 0 0 1966.572065 0 2227.71326 0 0 0 1733.296533 0 0 0 0 1689.237204 0 0 0 0 0 0 0 0 0 0 0 0 0 0 0 
0 0 0 2330.704156 0 0 0 0 0 0 0 0 0 0 0 0 0 0 0 0 0 0 2324.988448 2000.578627 0 0 2209.210125 0 0 0 0 0 0 2263.173427 2290.474405 0 0 0 0 0 3237.02182 0 0 0 0 0 0 2328.943863 0 0 0 0 0 0 0 0 0 0 0 0 0 0 2247.015593 0 2365.044403 0 0 0 2278.783661 0 0 2137.161225 0 2251.998504 0 0 0 0 0 0 0 0 0 0 0 0 0 2188.238547 0 0 0 0 0 0 2243.902401 0 0 0 0 0 
0 0 0 0 0 0 0 0 2245.789383 0 0 0 0 0 0 0 0 0 0 0 0 0 0 0 0 0 0 0 0 0 0 0 0 0 0 0 0 0 0 0 0 0 0 0 0 0 0 2336.492286 0 2259.536646 0 3170.056068 0 0 0 0 0 0 0 1661.476553 0 0 0 0 0 0 0 2058.703156 0 2193.066645 0 2263.558945 3254.366814 0 0 0 0 0 0 0 0 0 0 0 0 0 0 0 0 0 0 0 0 2284.108899 0 0 1629.618611 0 2217.861635 0 
0 0 0 0 0 2258.24301 0 0 0 0 0 0 0 0 0 0 0 0 0 0 0 0 0 0 0 0 3097.163873 2083.766726 0 0 0 0 0 0 0 0 0 2251.636351 0 0 0 0 0 0 0 2246.32785 0 0 0 2417.266004 0 2329.862483 2327.168854 0 0 0 2156.116213 0 0 0 2266.091724 0 0 0 0 0 0 0 1643.121409 0 0 0 0 0 0 0 0 0 2250.498747 0 0 0 0 0 0 1722.798872 0 0 2240.036618 2229.151922 1618.068977 0 0 0 0 0 0 0 0 0 
0 0 0 0 0 0 0 0 0 0 0 0 0 0 0 0 0 0 0 0 0 0 0 0 0 2245.354518 0 0 2368.418173 0 0 0 0 0 0 0 0 0 0 0 0 0 0 0 0 0 0 0 0 2316.039271 0 0 2274.974764 0 0 0 3237.086614 0 0 0 0 0 2303.800719 0 0 0 0 0 0 0 0 0 0 0 0 0 1701.822743 0 0 2235.829893 0 0 0 0 0 0 0 0 0 0 0 0 0 0 0 0 0 2309.904495 0 0 
2285.50402 0 0 0 3257.761721 0 0 0 0 0 0 0 0 0 0 0 0 0 0 0 0 0 2314.885351 0 0 0 0 0 2246.893082 0 0 0 0 0 0 2357.091448 2238.154543 0 2262.116569 0 0 0 0 2420.157694 0 0 0 0 0 0 0 0 0 0 0 0 0 0 0 0 2288.057686 0 0 2311.336117 0 0 2122.358023 0 0 0 0 0 0 0 0 0 0 0 0 0 0 0 0 2157.076552 0 2324.54746 0 0 0 0 0 0 0 0 0 0 0 0 0 0 
# Events [kim/kristine.dat] N:
0 0 0 1 0 0 0 0 0 0 0 0 0 0 0 0 0 0 0 0 0 0 0 0 1 0 0 0 0 1 0 0 1 1 0 0 0 0 0 0 0 1 0 0 0 0 1 0 0 0 0 0 0 0 0 0 0 0 0 1 0 0 0 0 0 0 0 0 0 0 0 0 0 0 0 0 0 0 0 1 1 0 0 0 0 0 1 0 1 0 0 0 0 0 0 0 0 0 0 0 
0 0 0 0 0 0 0 0 0 0 0 1 0 0 0 1 0 0 0 0 0 0 0 0 1 0 0 0 0 0 0 0 0 0 0 0 0 0 0 0 0 0 0 3 0 0 0 1 0 0 0 0 0 0 0 0 1 0 0 1 0 0 0 0 0 0 0 0 0 0 0 0 0 0 0 0 0 0 1 0 1 0 0 0 1 0 0 0 0 0 0 0 0 0 0 0 0 0 0 0 
0 0 0 0 0 0 0 0 0 0 0 0 0 0 0 0 0 1 0 0 0 0 0 0 0 0 0 0 0 0 0 0 0 0 0 0 1 0 1 0 1 0 0 0 1 0 0 0 1 0 0 0 0 0 0 1 0 0 0 0 0 0 0 0 0 0 0 0 0 0 0 0 0 0 0 0 0 0 0 0 1 0 0 0 0 0 0 1 0 0 0 0 0 0 0 0 0 0 0 0 
0 0 0 0 0 0 0 0 0 0 0 0 0 0 0 0 0 0 0 0 0 0 1 0 0 0 0 0 0 0 0 0 0 0 1 0 0 0 0 1 0 0 0 0 0 0 0 0 1 0 0 0 0 0 0 0 0 1 0 1 0 0 0 0 0 1 0 1 0 0 1 1 0 0 0 0 0 0 0 0 0 0 0 0 0 0 2 0 0 0 0 0 0 0 0 1 0 0 0 0 
0 0 0 0 0 0 0 0 0 0 0 0 0 0 0 0 0 0 0 0 1 0 0 0 0 1 0 0 0 0 0 0 0 0 0 0 0 0 0 0 0 0 0 0 0 0 0 0 0 0 0 0 0 0 1 0 0 0 0 0 0 0 0 0 0 0 0 0 1 0 0 0 0 0 0 0 0 0 0 0 0 0 0 0 0 0 0 0 0 0 0 0 0 0 0 0 0 0 0 0 
0 0 0 0 0 0 0 0 0 0 0 0 0 0 0 0 0 0 0 0 0 0 0 0 1 0 0 1 0 1 0 0 0 0 0 0 0 0 0 0 0 1 0 0 0 0 0 1 0 0 1 0 0 2 0 0 0 0 0 0 0 0 0 0 0 0 0 0 0 0 0 0 1 0 0 0 0 0 0 0 0 0 0 0 0 0 0 0 0 0 0 0 1 0 0 1 0 1 0 0 
0 0 0 0 0 0 1 0 0 0 0 0 0 0 0 0 0 0 0 0 0 0 0 0 0 0 0 1 0 0 0 0 0 0 0 0 0 0 0 0 0 0 0 0 0 0 0 0 0 0 0 0 0 0 0 0 1 0 0 0 0 0 0 0 1 0 0 0 0 0 1 0 0 0 0 0 0 0 0 0 0 0 0 1 0 0 0 0 0 0 0 0 0 0 0 0 0 0 0 1 
0 0 0 0 0 0 0 0 0 0 0 0 0 0 0 0 0 0 0 0 0 0 0 0 0 0 0 0 0 0 0 0 0 0 0 0 0 0 0 1 0 0 0 0 0 0 0 0 0 0 0 0 0 0 0 0 0 0 0 0 0 0 0 0 1 0 1 1 0 0 0 0 0 0 0 0 0 0 0 0 0 0 0 0 1 1 0 0 0 0 0 0 0 0 0 0 0 0 0 1 
1 0 0 0 0 0 0 0 0 0 0 0 0 0 1 0 0 0 0 0 0 0 0 0 1 0 0 0 1 0 1 0 1 0 0 1 1 0 0 0 0 0 0 0 0 0 0 0 0 0 0 0 0 0 0 0 1 1 0 0 0 0 0 0 0 0 0 0 0 0 0 0 0 0 0 1 0 0 0 0 0 0 0 0 0 0 0 0 0 0 0 0 0 0 0 0 0 0 1 0 
0 1 0 0 0 0 0 1 0 0 0 0 0 1 0 0 0 0 0 0 0 0 0 0 0 0 0 0 0 0 2 0 2 2 0 0 0 0 0 0 0 0 1 0 1 0 0 0 0 0 0 0 0 0 0 0 0 0 2 0 1 0 0 0 0 0 0 0 0 0 0 0 0 0 1 0 0 0 1 0 0 0 0 0 0 0 0 0 0 0 0 0 0 0 0 0 0 0 0 0 
0 0 0 0 0 0 0 0 0 0 2 0 0 0 0 0 0 1 1 0 0 0 0 0 0 0 0 0 0 0 1 0 0 0 0 0 0 1 1 0 0 0 0 0 0 0 0 0 0 1 0 0 0 0 0 0 2 1 0 1 0 0 0 0 0 0 0 0 0 0 0 0 0 0 0 0 0 0 0 0 0 0 0 0 0 0 0 0 0 0 0 0 0 0 0 0 2 0 0 0 
0 0 0 0 0 0 0 0 0 0 0 0 0 0 0 0 0 0 0 0 0 0 0 0 0 0 0 0 0 0 0 0 0 0 0 0 0 0 1 0 0 0 0 0 1 0 0 0 0 0 0 0 0 0 0 0 2 0 1 0 0 0 0 0 0 0 0 0 0 1 0 0 0 0 1 0 0 0 0 0 0 0 0 0 0 0 0 0 0 0 0 0 0 0 0 0 1 0 0 0 
0 0 0 0 0 0 0 0 0 0 0 0 0 0 0 0 0 0 0 0 0 0 0 0 0 0 0 0 0 0 0 0 1 0 1 0 1 0 0 0 0 0 1 1 0 0 0 0 0 0 0 0 0 0 0 0 1 1 0 0 0 0 0 0 0 0 0 0 0 1 0 0 0 0 0 0 0 0 0 0 1 0 0 1 0 0 0 0 0 0 0 0 0 0 0 0 0 0 0 0 
0 0 0 0 0 0 1 0 0 0 0 1 0 0 0 0 0 0 0 0 1 0 0 0 0 0 1 0 0 0 0 0 1 0 0 0 0 0 0 1 0 1 1 1 0 0 0 0 1 0 0 0 0 0 0 0 0 0 0 1 1 0 0 0 0 0 1 0 0 0 0 0 0 0 0 0 0 1 0 0 1 1 0 0 0 0 0 0 0 0 0 0 0 0 0 0 0 0 0 0 
0 0 0 0 1 0 0 1 0 1 0 0 0 0 0 1 0 0 0 0 0 0 0 0 0 0 0 0 0 0 0 0 0 0 0 0 0 0 0 0 0 0 0 0 1 0 1 1 0 0 0 0 0 0 1 0 0 0 0 0 0 0 0 0 0 0 0 0 0 0 1 0 0 0 0 0 0 1 0 0 0 0 0 0 0 0 0 0 0 0 0 0 0 0 0 0 0 1 0 1 
0 0 0 0 0 1 0 0 0 1 1 0 0 0 0 0 0 0 0 0 0 0 0 1 0 0 0 0 0 0 0 0 0 0 0 0 0 1 0 1 0 0 0 0 0 0 0 0 1 0 0 0 0 0 0 0 0 0 1 0 0 0 0 0 0 0 0 0 0 0 0 0 0 0 0 0 0 0 0 0 0 0 0 1 0 0 0 1 0 0 0 1 0 0 0 0 0 0 0 0 
0 0 0 0 0 0 0 0 0 0 0 0 0 0 0 0 0 0 0 0 0 1 0 0 0 0 0 0 1 1 0 0 0 0 0 0 0 0 0 0 0 0 0 0 0 0 1 0 0 0 0 0 0 1 0 0 0 0 0 0 0 1 0 0 0 0 0 1 0 0 0 1 0 0 1 0 0 0 0 0 0 0 0 1 0 0 1 0 0 1 1 0 0 1 0 0 0 0 0 0 
0 1 1 0 0 1 0 1 0 0 0 0 1 0 0 0 0 0 0 0 0 0 1 0 0 0 0 0 0 0 1 0 0 0 0 0 0 0 0 0 1 1 0 0 0 1 0 0 0 0 0 0 0 0 0 1 0 0 1 0 0 0 1 0 0 0 2 1 0 1 0 1 0 0 0 0 0 0 0 0 0 0 0 0 0 0 0 0 0 0 0 1 0 1 0 0 0 0 0 0 
0 1 0 0 0 0 0 0 1 0 0 0 0 0 0 0 0 0 0 0 0 0 1 0 0 0 0 0 0 0 0 0 0 0 0 0 0 0 0 0 0 0 0 0 0 0 0 0 0 0 0 0 0 0 0 0 0 0 0 1 0 0 0 0 0 0 0 0 0 0 0 0 0 0 1 0 0 0 0 1 0 0 0 1 0 0 0 0 0 0 0 0 0 0 0 0 0 0 0 0 
0 0 0 0 1 0 0 1 0 0 0 1 0 0 1 0 0 1 0 1 0 0 0 1 0 1 0 0 0 0 0 0 0 0 0 0 0 0 0 2 0 0 2 1 0 1 0 0 0 1 0 0 1 1 0 0 1 0 0 0 0 0 0 1 0 0 0 0 1 0 0 0 0 0 0 0 0 0 0 0 0 0 0 1 0 0 0 1 0 0 0 0 0 0 0 0 1 0 0 0 
0 0 0 0 0 0 0 0 0 1 0 0 0 0 0 0 0 0 0 1 0 0 0 0 1 0 0 0 0 1 0 0 0 0 0 2 0 0 0 0 0 0 0 0 0 0 1 0 0 0 0 0 0 0 0 0 0 0 1 0 0 0 2 1 0 0 0 0 1 0 0 0 0 0 0 0 0 0 0 0 0 1 0 0 0 0 0 0 0 0 0 1 0 1 0 0 0 1 0 1 
0 1 1 1 1 0 0 0 0 0 0 0 0 0 0 0 0 0 0 1 1 0 1 0 0 0 0 0 0 0 0 0 0 0 1 0 0 0 0 0 0 0 0 0 0 0 0 0 0 0 0 0 0 1 0 0 0 0 0 0 0 0 0 0 0 0 0 0 0 0 0 0 0 0 0 1 0 0 1 1 0 0 1 0 1 1 0 0 0 0 0 0 0 0 0 0 0 0 0 1 
0 0 0 0 0 0 0 0 1 0 0 0 0 0 0 0 0 0 0 0 0 0 0 0 0 0 0 0 0 1 0 0 0 1 0 0 0 0 0 0 1 0 0 0 0 0 0 0 0 0 0 0 0 0 0 0 0 0 0 0 0 0 0 0 0 0 0 0 0 0 0 0 0 0 0 0 0 0 0 0 1 0 0 0 0 0 0 0 0 0 0 1 1 1 0 0 1 0 0 0 
0 0 0 0 0 0 0 1 0 0 0 0 0 0 0 0 0 0 1 0 0 0 1 0 0 0 0 0 0 0 0 0 0 0 0 0 0 0 0 0 0 0 1 0 0 0 0 0 0 0 1 2 0 0 0 0 0 0 0 0 1 0 0 0 0 0 2 0 1 0 0 0 0 0 0 0 1 0 0 0 0 0 0 0 0 0 0 0 0 0 1 0 0 0 0 0 0 0 0 0 
0 0 0 0 0 0 0 0 0 0 1 0 0 0 0 0 1 0 0 0 0 0 0 0 0 0 0 0 0 0 0 0 1 0 0 0 0 0 0 0 0 1 0 0 0 0 0 0 0 0 0 0 0 0 0 0 0 0 0 0 0 0 0 0 0 0 0 0 0 0 0 0 0 0 0 0 0 2 0 0 0 0 0 0 0 0 0 1 0 0 0 0 0 1 0 0 0 0 0 2 
0 0 0 0 0 0 0 0 0 0 0 0 0 1 0 0 0 1 0 0 0 0 0 0 0 0 0 1 1 0 0 0 0 0 0 0 0 0 0 0 0 0 0 0 0 0 0 0 0 0 0 0 0 1 0 0 0 0 0 0 0 0 0 0 0 0 0 0 0 0 1 0 0 0 0 0 0 0 0 0 0 0 0 1 0 0 0 1 0 0 0 0 0 0 1 0 0 0 0 0 
0 0 0 0 0 0 0 0 0 0 0 0 0 0 0 0 1 0 0 0 0 0 0 0 0 0 0 0 0 0 0 0 0 0 0 0 0 0 0 0 0 1 0 0 1 1 0 0 0 0 1 0 0 0 0 0 0 1 0 0 0 1 0 0 0 0 1 1 0 0 0 0 0 1 0 0 0 0 0 1 0 0 0 0 0 0 0 0 0 0 0 0 0 0 0 0 0 0 0 0 
0 0 0 1 0 1 0 0 0 1 0 0 0 0 1 1 0 0 0 0 0 0 0 0 0 0 0 0 0 0 0 0 0 0 1 0 0 0 0 0 0 0 0 0 0 0 0 0 0 0 0 0 0 0 0 0 0 0 0 1 0 0 0 0 0 0 0 0 0 0 0 0 0 0 0 0 0 0 0 0 0 0 1 0 0 0 0 0 0 0 0 0 1 0 0 0 0 0 0 0 
0 0 0 2 0 0 0 0 0 0 1 0 0 0 0 0 0 0 0 0 0 0 0 0 0 0 1 0 0 0 0 0 0 0 0 0 0 0 0 0 0 0 0 0 0 0 0 0 0 1 0 0 0 0 0 0 0 1 0 0 1 0 0 0 0 0 1 0 0 0 0 0 0 1 0 0 0 0 0 0 0 0 0 0 0 0 0 0 0 0 0 0 0 0 0 0 0 0 1 0 
0 0 0 0 0 0 0 0 0 0 0 1 0 0 0 0 0 1 0 0 0 0 1 0 0 0 0 0 0 0 2 0 1 0 0 0 0 0 0 0 0 0 0 0 0 0 0 0 0 0 0 0 0 0 0 0 0 0 0 0 0 0 0 0 0 0 0 0 0 0 0 0 1 0 1 0 0 0 0 0 0 0 0 0 1 0 0 1 0 0 0 0 1 0 0 0 0 0 0 0 
0 0 0 0 0 0 0 0 0 0 0 0 0 0 0 0 0 0 1 0 0 0 0 0 1 0 0 1 0 0 0 0 0 0 0 0 1 0 0 0 1 0 0 0 1 0 0 0 0 1 0 2 0 0 0 1 0 0 0 0 0 0 0 0 0 0 0 0 0 0 0 0 0 0 0 0 0 1 0 0 0 0 0 1 0 0 0 1 0 0 0 0 0 0 0 0 0 0 0 0 
0 0 0 0 0 0 0 0 0 0 0 1 0 0 0 0 1 0 0 0 0 0 0 0 0 0 0 0 0 0 0 0 0 0 0 0 0 0 0 0 0 0 1 1 0 0 0 0 0 0 0 0 0 0 0 0 0 0 0 0 1 1 0 0 0 1 0 0 0 0 0 0 0 0 0 0 0 0 0 0 1 0 0 0 0 0 0 0 0 0 0 0 0 0 0 0 0 0 0 2 
1 0 0 0 0 0 0 0 0 0 0 0 0 0 0 0 0 0 0 0 1 0 0 0 0 0 0 0 0 0 0 0 0 0 0 0 0 0 0 0 0 0 0 0 1 0 0 0 0 0 0 0 0 0 0 0 0 0 1 0 0 0 0 0 0 0 0 0 0 0 0 0 0 0 0 0 1 0 1 0 0 0 0 0 0 0 0 0 0 0 0 0 0 0 0 0 0 0 0 0 
0 0 0 0 1 0 1 0 0 0 0 0 0 0 0 0 0 0 0 0 0 0 0 0 0 0 1 0 0 0 1 0 0 0 0 0 0 0 0 0 1 0 0 2 1 0 0 0 0 0 0 0 0 1 0 0 0 0 0 0 0 0 0 0 0 1 0 0 0 0 0 0 1 0 0 0 0 0 0 0 0 0 0 0 0 1 0 0 0 0 0 0 0 0 0 0 0 0 0 1 
0 0 0 0 0 0 0 0 0 0 0 0 0 0 0 0 1 0 0 0 0 0 0 0 0 0 0 0 0 0 0 0 0 1 0 0 0 0 0 0 1 0 0 0 0 0 0 0 0 0 0 0 0 0 0 0 1 0 0 0 1 0 0 0 0 0 0 0 1 0 1 0 0 0 0 0 0 1 1 0 0 0 0 0 0 0 0 0 0 1 0 0 0 0 0 0 0 0 0 0 
0 0 0 0 0 0 0 0 0 0 0 0 0 1 0 1 0 0 0 0 0 0 1 0 0 0 0 0 0 1 0 0 0 1 1 0 0 0 0 0 1 0 0 0 0 1 0 0 1 0 0 2 0 0 0 0 0 0 0 0 1 0 0 0 0 0 1 0 0 1 0 0 0 0 0 0 1 0 1 0 0 0 0 0 0 0 1 0 0 0 1 0 0 0 0 1 0 0 0 0 
0 0 0 0 0 0 0 0 0 0 0 2 0 0 0 0 0 1 0 0 0 0 0 0 0 0 0 0 0 0 0 0 0 0 1 0 1 0 0 0 1 0 0 0 0 0 0 0 0 0 0 1 0 0 0 0 0 0 0 1 0 0 1 0 0 0 0 0 0 0 0 0 0 0 0 0 0 1 0 0 0 0 0 0 0 0 1 0 0 0 0 0 0 0 0 1 0 1 0 0 
1 1 0 0 1 0 0 0 0 1 0 0 1 0 0 0 0 1 0 0 1 0 0 0 0 0 0 0 0 0 0 0 0 0 0 1 0 0 0 0 0 0 0 0 0 1 0 0 1 0 0 0 0 1 0 0 0 0 0 0 0 0 0 0 0 1 1 0 0 0 1 0 0 0 0 2 0 0 0 1 1 0 0 0 0 0 0 0 0 0 0 0 0 0 0 0 0 0 0 0 
0 1 0 0 0 0 0 0 0 0 0 1 0 0 0 0 1 0 1 0 1 0 1 0 0 0 0 0 0 0 0 0 0 0 0 0 0 0 0 0 0 0 1 0 0 0 0 0 0 0 1 0 0 0 1 0 1 0 0 1 0 1 0 0 0 0 0 0 0 0 0 0 1 0 0 0 0 0 0 0 0 0 0 1 0 1 0 1 0 0 0 1 0 0 0 0 1 1 0 0 
0 0 0 0 0 1 0 0 0 0 0 0 0 0 0 0 0 0 0 0 0 0 0 0 0 0 1 0 0 0 0 0 0 0 1 0 0 0 0 0 0 2 0 0 0 0 1 0 0 0 0 0 0 0 0 0 0 0 0 0 0 0 0 1 0 0 0 0 0 0 0 0 0 0 0 0 0 0 1 0 0 1 0 0 0 0 1 0 0 0 0 0 0 0 0 1 0 0 0 0 
0 0 0 0 0 0 0 0 0 0 1 0 0 0 0 0 0 0 0 0 0 0 0 0 0 0 0 0 0 0 0 0 0 0 0 0 0 0 1 0 0 0 0 0 0 0 0 0 0 0 0 0 0 1 0 0 0 0 0 0 0 0 0 0 0 0 0 0 0 0 0 0 0 0 0 0 1 0 0 0 0 0 0 0 1 0 1 0 0 0 0 0 0 1 0 0 0 0 0 0 
0 0 0 0 0 0 0 0 0 0 0 0 0 0 0 0 0 0 0 0 0 0 0 0 0 0 0 0 0 0 0 0 2 1 0 0 0 0 0 0 0 0 0 0 0 0 0 0 0 0 0 0 1 1 0 0 0 0 0 0 1 0 0 0 0 0 0 0 0 0 0 0 0 0 0 0 1 2 0 1 0 0 0 0 0 0 1 0 0 0 0 0 0 0 0 0 0 0 0 0 
0 0 0 0 0 0 0 0 0 0 0 0 0 2 0 0 0 0 0 0 1 0 0 0 0 1 0 0 0 0 0 0 1 0 0 0 0 0 0 0 0 0 0 0 0 0 1 0 0 0 0 0 0 0 1 0 0 1 0 1 0 0 1 0 0 0 0 0 0 0 0 1 0 0 0 0 0 0 0 0 0 0 0 0 0 0 0 0 0 0 0 0 1 0 0 0 0 0 1 0 
0 0 0 0 0 0 0 0 0 0 0 0 0 0 0 0 0 0 0 0 0 0 0 0 0 0 0 0 0 0 0 0 0 0 0 0 0 2 0 0 0 0 0 0 0 0 0 0 0 1 0 0 0 0 0 0 0 0 0 0 0 0 0 0 0 0 0 1 0 0 0 1 0 1 0 0 0 0 0 0 0 0 0 0 0 0 0 0 0 0 0 2 0 1 0 0 0 0 0 0 
0 0 0 0 0 1 0 0 0 0 0 0 1 0 0 0 0 0 0 0 1 0 0 0 0 0 0 0 0 0 0 0 0 0 0 0 1 1 1 0 0 0 0 0 0 0 0 0 0 0 0 1 0 0 0 0 0 0 0 1 0 0 0 1 0 0 0 0 1 0 0 0 0 0 0 0 1 0 0 0 0 0 0 0 1 0 0 0 0 0 0 0 0 1 0 0 0 0 0 0 
0 1 0 0 0 0 0 0 0 1 0 0 0 0 0 0 0 0 0 0 0 0 0 0 0 0 0 1 0 0 0 0 1 0 0 0 0 0 0 1 0 0 1 0 0 0 1 0 0 0 0 0 0 1 0 1 0 0 0 0 3 0 0 0 0 0 0 0 0 0 0 1 0 0 0 0 0 0 0 0 0 0 0 1 0 0 1 0 1 0 0 1 0 0 0 0 0 0 0 0 
0 0 0 0 0 0 0 0 0 0 0 1 0 0 0 0 0 0 0 0 0 0 0 0 0 0 0 0 0 0 0 0 0 0 0 0 0 0 0 0 0 0 0 0 0 0 0 0 0 0 0 0 0 1 0 1 0 1 0 0 0 0 0 0 1 0 0 0 0 0 0 1 0 1 0 0 0 1 0 0 0 0 0 0 0 0 0 0 0 0 0 0 0 0 0 0 0 0 2 0 
0 0 0 0 0 0 1 1 0 0 0 0 0 0 0 0 0 0 0 0 0 0 0 1 0 0 0 0 1 0 0 0 0 0 0 0 0 0 0 1 0 0 0 0 0 0 0 0 0 0 0 0 0 0 0 1 0 0 0 0 0 0 0 0 0 0 1 0 1 0 0 0 0 0 0 0 1 0 0 0 0 0 0 0 0 0 0 0 0 0 0 0 0 0 0 0 0 0 0 0 
0 0 0 0 0 0 0 0 0 0 0 0 0 1 1 0 0 0 0 0 0 0 0 0 1 0 0 0 0 0 0 0 0 0 0 0 0 0 0 0 0 0 0 2 0 0 0 0 0 0 0 0 1 0 0 0 0 1 0 0 0 0 0 2 0 0 1 0 0 0 0 0 0 0 0 0 0 0 0 0 0 0 0 0 0 0 0 0 0 0 0 0 0 0 0 0 0 0 0 0 
0 0 0 0 0 0 0 0 0 0 0 0 0 0 0 0 0 0 0 0 0 0 1 0 0 0 1 0 0 0 0 0 0 1 0 0 1 0 0 0 1 0 0 0 1 0 0 0 0 0 0 0 0 1 0 0 0 0 0 0 0 0 0 1 0 0 0 0 0 0 0 0 0 0 0 0 0 0 0 1 0 0 0 0 0 0 0 0 0 0 0 0 0 0 0 0 1 1 0 0 
0 1 0 0 0 1 0 0 1 0 0 0 0 0 0 0 0 0 0 1 0 0 0 0 0 0 1 0 0 0 0 0 0 0 0 1 0 0 0 0 0 1 0 0 0 1 0 0 0 0 0 0 0 1 0 0 0 0 0 1 0 0 1 0 0 0 0 0 0 0 0 0 0 0 0 0 0 0 0 0 0 0 0 1 0 0 0 1 0 1 0 0 0 0 0 1 0 0 0 0 
0 0 0 0 0 0 0 0 1 0 0 1 0 0 0 0 0 0 0 0 0 0 0 0 0 0 0 0 1 0 0 0 1 0 0 0 0 0 0 0 0 0 0 0 1 0 0 1 0 1 0 0 0 0 0 0 0 0 0 0 0 0 0 0 0 0 0 0 0 0 0 0 0 0 0 0 0 0 0 0 1 0 0 0 0 0 0 0 0 0 0 0 0 0 0 0 0 0 0 0 
2 0 0 0 0 0 0 0 0 0 0 0 0 0 0 0 1 0 1 1 0 0 0 0 0 0 0 0 0 0 0 0 0 0 0 0 0 0 0 0 0 0 0 0 0 0 0 1 0 0 0 0 0 0 0 0 0 0 0 0 0 0 0 0 0 0 0 0 0 0 0 0 0 0 0 0 0 0 0 0 1 0 0 0 0 0 0 0 0 0 0 0 0 0 0 0 0 0 0 0 
1 0 0 0 0 0 0 0 0 0 0 0 0 2 0 0 0 0 0 0 0 0 1 0 1 0 0 0 0 0 0 0 0 0 0 0 1 0 0 0 0 0 0 0 0 0 0 0 0 0 0 0 0 0 0 0 0 2 0 0 0 0 2 1 0 1 0 0 0 0 0 0 0 0 0 0 0 1 1 1 0 1 0 0 0 2 0 0 0 0 0 0 0 0 0 0 0 0 0 0 
1 0 0 0 1 0 0 0 0 0 0 0 0 0 0 1 0 0 0 1 0 0 0 0 0 0 0 1 0 0 0 0 0 0 0 0 0 0 0 1 0 0 0 0 0 0 0 0 1 0 0 0 1 0 0 0 0 0 0 0 0 0 0 1 0 0 0 0 0 0 0 0 0 0 0 0 0 0 0 1 0 0 0 0 0 0 1 0 1 0 0 0 0 0 0 0 1 0 1 0 
0 0 0 0 1 0 0 0 0 0 0 0 0 0 0 0 0 0 0 0 0 0 1 0 1 0 0 0 0 0 0 0 0 0 0 0 0 0 0 0 0 0 0 0 0 0 0 0 0 0 0 0 0 0 0 0 0 0 0 0 0 1 0 1 0 2 0 0 0 0 0 0 0 1 0 0 0 0 0 0 0 0 0 0 0 0 0 0 0 0 0 0 0 0 0 1 1 0 1 0 
0 0 0 1 0 0 0 0 0 1 0 0 0 0 0 0 0 0 0 1 0 0 0 0 1 0 1 0 0 0 0 1 0 0 0 0 0 0 0 2 0 0 0 0 0 0 0 0 0 0 0 0 0 0 0 0 0 0 0 0 0 0 0 0 0 0 0 0 1 0 0 0 0 0 0 0 2 0 0 0 0 0 0 0 0 0 0 0 0 0 0 0 0 0 0 0 0 0 0 0 
0 0 0 0 0 0 0 1 0 1 0 0 0 0 0 0 0 0 0 0 0 0 0 0 0 0 0 1 0 0 0 1 1 0 0 0 0 0 0 0 0 0 0 0 1 0 0 0 0 0 0 0 0 0 0 0 0 0 1 0 0 0 0 0 0 0 0 0 0 0 1 0 0 0 0 0 0 0 1 0 0 1 0 1 0 0 0 0 0 0 0 0 0 0 1 0 1 0 0 1 
0 0 0 1 0 0 0 0 0 0 0 0 0 0 0 0 1 0 1 1 1 0 0 0 0 0 0 0 1 0 0 0 0 0 0 0 0 0 0 0 0 0 0 0 0 0 0 0 1 0 0 0 0 0 0 0 0 1 0 0 0 0 0 0 0 0 0 1 0 0 0 0 0 0 0 0 0 0 0 0 0 1 0 0 1 0 0 0 0 1 0 0 0 0 0 0 1 0 0 0 
0 0 0 0 0 0 0 0 1 0 0 0 0 0 0 0 0 0 0 0 1 0 0 0 0 0 0 0 0 0 0 0 0 0 0 0 1 1 0 0 1 0 0 0 1 1 0 0 0 0 0 0 1 0 0 0 1 0 0 0 0 0 0 1 0 0 0 1 0 1 0 0 0 0 2 0 0 1 0 1 0 0 1 0 0 0 0 0 0 0 0 0 0 0 0 0 1 0 0 0 
0 0 0 0 0 0 0 0 0 0 0 0 1 0 0 0 0 0 0 0 0 0 0 0 0 1 0 0 0 0 0 0 0 0 0 0 0 0 0 0 0 0 0 0 0 0 0 0 0 0 0 1 0 0 0 0 0 0 0 1 0 0 0 0 0 0 0 0 0 0 1 0 0 0 0 0 0 0 0 0 0 0 0 0 0 0 0 0 0 1 0 0 0 0 1 0 0 2 0 1 
0 0 0 0 1 0 0 0 0 0 0 0 0 0 0 0 0 0 0 1 0 0 0 0 0 0 0 0 0 0 0 0 0 0 0 0 1 0 0 0 0 0 1 0 0 0 0 0 0 0 0 0 0 0 0 0 0 0 0 0 0 0 0 0 0 0 0 0 0 0 0 0 0 0 0 1 0 0 1 0 0 0 0 0 0 0 1 0 0 0 0 0 0 0 0 1 0 0 0 0 
0 1 0 0 0 0 0 1 0 0 0 0 0 0 1 1 0 0 1 0 0 0 0 0 0 0 0 0 0 0 0 0 0 0 0 0 0 0 1 0 0 0 0 0 0 0 0 0 0 0 0 0 0 0 1 0 0 1 0 0 1 0 0 0 0 0 0 1 1 0 0 0 1 0 0 0 0 0 0 0 1 0 0 0 0 0 0 0 0 0 0 0 0 0 0 0 1 0 0 0 
0 0 0 0 0 0 0 1 0 0 2 0 0 0 0 1 0 0 1 1 0 1 0 1 0 0 0 0 0 0 1 0 0 0 1 0 0 0 0 0 0 0 1 0 0 0 0 0 1 0 0 0 1 0 0 0 0 0 1 0 0 0 1 0 0 0 0 0 0 0 0 0 0 0 0 0 1 0 0 0 0 0 0 0 0 0 0 0 1 0 0 0 0 0 1 0 1 0 0 0 
0 0 0 0 0 0 0 0 0 0 0 0 0 0 0 0 0 0 0 0 0 0 0 0 0 0 0 0 0 0 0 0 0 0 0 1 0 1 0 0 1 0 0 0 0 0 1 0 1 0 0 1 1 0 0 0 1 0 0 0 0 1 0 0 0 0 0 0 0 0 0 0 0 0 0 0 0 0 0 0 0 0 0 0 0 0 0 0 0 0 0 0 0 2 0 0 0 1 0 0 
0 0 1 0 0 0 0 1 1 0 0 0 0 0 0 0 0 0 0 0 0 0 0 1 0 0 1 1 0 0 0 0 0 0 0 0 0 1 0 0 0 0 0 0 1 1 0 0 0 0 0 0 0 0 0 1 0 0 2 0 0 0 1 0 0 0 0 1 0 0 0 0 1 0 0 0 1 0 0 0 0 1 0 0 1 0 0 1 0 0 0 0 0 1 0 0 0 0 0 1 
1 0 0 0 0 1 0 0 0 0 0 0 0 0 1 1 1 1 0 0 0 0 0 0 0 0 0 1 0 0 0 1 1 1 0 0 0 0 0 0 0 0 0 0 0 0 1 0 1 0 0 0 0 0 0 0 0 0 0 0 0 0 0 0 0 0 0 0 0 0 1 0 0 1 0 0 0 0 0 0 0 0 0 0 0 0 0 0 0 0 0 0 0 0 0 0 0 0 0 0 
0 0 0 0 0 0 0 0 0 0 0 1 0 0 0 0 0 0 0 1 0 0 0 0 0 0 0 1 0 1 0 0 0 0 0 0 0 0 0 0 0 0 0 0 0 0 0 0 0 0 0 1 0 0 0 0 0 0 0 0 0 0 0 2 0 1 0 0 0 0 0 0 0 0 0 0 0 0 1 0 0 0 0 0 0 0 0 0 0 0 1 0 0 0 0 0 0 1 0 0 
0 0 0 0 0 0 0 0 1 0 0 0 0 0 0 0 1 0 0 0 0 0 0 0 0 0 1 0 0 0 0 0 0 0 0 0 0 0 1 0 1 0 0 1 0 0 0 0 0 0 0 0 0 0 0 0 0 0 0 0 0 0 0 0 0 0 0 0 0 0 0 0 0 0 0 0 0 0 0 0 0 0 0 0 0 1 0 0 0 0 0 0 1 0 0 0 1 0 0 1 
0 0 0 0 0 0 0 0 0 0 0 0 0 0 0 1 0 0 0 0 1 0 0 0 0 0 0 0 0 0 0 0 0 0 0 0 0 1 1 0 1 0 0 0 1 0 0 0 0 0 0 1 0 0 0 0 0 0 0 1 0 0 0 0 0 0 0 0 0 0 0 0 0 0 0 1 0 0 0 0 0 0 0 0 0 0 0 0 0 0 0 0 0 0 0 0 0 0 0 0 
1 0 0 0 0 0 0 1 1 0 0 0 0 0 0 0 0 0 0 0 0 0 0 0 0 0 0 0 0 0 0 1 0 0 1 0 0 0 1 0 0 0 2 0 0 0 0 0 0 1 1 0 0 0 0 0 0 0 0 0 0 0 0 0 0 1 0 0 0 0 0 0 0 0 0 0 0 0 0 0 1 0 0 0 0 0 0 1 0 1 0 0 3 0 0 0 0 0 0 0 
0 1 0 0 0 1 1 0 0 0 0 0 0 0 0 0 0 1 0 0 0 0 0 0 0 0 0 1 0 0 0 0 0 0 0 0 1 0 0 0 0 2 0 0 1 0 0 1 0 0 0 0 0 0 0 0 0 0 0 0 0 0 0 0 0 0 1 0 0 0 1 0 0 0 0 0 0 0 0 1 1 0 0 0 0 0 0 0 0 0 0 0 1 0 0 1 1 0 0 0 
0 1 0 0 1 0 0 0 0 0 0 0 0 0 0 1 0 0 1 0 0 0 0 0 0 1 0 0 0 0 0 0 0 0 0 0 1 0 0 0 0 0 0 0 0 0 0 0 1 0 1 0 0 0 1 1 0 0 0 0 0 0 0 0 0 0 0 0 0 0 0 1 0 0 0 0 1 0 0 0 0 0 0 0 0 0 0 0 0 0 0 1 0 0 1 0 0 1 0 1 
0 0 0 1 2 0 0 0 0 0 0 0 1 0 1 0 0 0 0 0 0 1 1 1 0 0 1 0 0 0 0 0 0 0 0 0 0 0 0 0 0 0 0 0 1 0 0 0 0 0 0 0 0 0 1 0 0 0 0 0 0 0 1 0 0 0 0 0 0 1 0 0 0 0 0 0 0 0 0 0 0 0 0 2 0 0 1 0 0 0 0 0 0 0 0 1 0 0 0 0 
0 1 0 0 0 0 0 0 0 1 0 0 0 0 0 0 0 1 0 0 0 0 0 1 0 0 0 1 1 0 0 0 1 0 0 0 0 0 0 0 0 0 1 0 0 0 0 0 1 0 0 0 0 0 1 0 0 0 1 0 0 0 0 0 1 0 0 1 0 0 0 0 1 0 0 0 0 0 0 0 0 0 0 0 0 0 1 1 0 0 0 0 0 0 0 1 0 0 0 0 
0 1 0 1 1 0 0 0 0 0 0 0 0 1 0 0 0 0 1 0 0 0 1 1 0 0 0 1 0 0 0 0 0 1 1 0 0 0 0 0 0 0 0 0 0 0 0 0 0 0 0 0 0 0 1 1 0 0 0 0 0 0 0 0 0 0 0 0 0 0 0 0 0 0 0 1 0 0 0 1 0 0 1 0 0 1 0 0 0 0 0 1 0 1 0 0 0 0 0 0 
0 0 0 0 0 0 0 0 0 0 0 1 0 0 0 0 1 1 1 0 1 0 0 0 0 0 1 0 0 1 0 0 0 0 0 0 0 0 0 1 0 0 1 0 0 0 1 0 0 0 0 0 0 0 0 0 0 0 0 0 0 0 0 0 0 0 0 0 0 1 0 0 1 0 0 0 0 0 1 0 1 0 0 0 0 0 0 0 1 0 0 0 0 0 0 0 0 0 0 0 
0 1 0 0 0 0 0 0 0 0 0 0 0 0 0 1 0 0 0 0 0 0 0 0 0 0 0 0 0 0 0 0 1 0 0 0 0 0 0 0 0 0 1 0 0 0 1 0 1 0 0 0 0 0 0 0 0 0 0 0 0 1 0 0 1 0 0 0 0 0 0 1 0 0 0 0 0 0 0 0 0 0 0 0 0 1 0 0 0 0 0 0 0 0 0 0 0 0 0 0 
1 0 0 0 0 0 0 0 0 0 0 0 0 0 0 0 1 0 0 0 0 0 0 0 0 0 0 0 0 0 1 0 0 0 0 0 0 0 0 0 1 0 0 0 0 1 0 0 1 0 0 1 0 0 0 0 0 0 0 0 1 0 0 0 0 0 0 1 0 0 0 0 0 0 0 0 0 0 0 0 1 0 0 0 0 0 0 0 0 0 0 0 0 1 0 1 0 0 0 0 
1 0 0 0 0 0 1 0 0 0 0 0 0 0 0 0 1 0 0 0 0 0 0 0 0 0 0 0 1 0 0 0 0 0 0 0 0 1 0 0 0 1 0 0 0 0 0 0 0 0 0 1 1 0 0 0 0 0 0 0 1 0 0 0 0 0 0 0 0 1 0 0 0 0 0 0 1 0 0 0 0 0 0 0 0 0 0 0 0 0 0 0 0 0 0 0 0 0 0 0 
0 0 0 1 1 0 0 0 0 0 0 0 0 0 0 0 1 0 0 0 0 0 0 1 0 0 0 0 1 1 0 0 0 0 0 0 0 0 0 0 0 0 0 0 0 0 0 1 0 0 0 0 0 0 0 1 0 0 0 0 0 0 0 0 0 0 0 1 0 0 0 1 0 0 1 0 0 0 0 0 0 0 0 0 0 0 0 1 1 0 0 0 0 0 0 0 1 0 0 0 
0 0 0 0 0 0 0 0 0 1 0 0 1 0 0 0 0 0 0 0 0 0 0 0 0 0 0 0 0 0 0 0 0 0 0 0 0 0 0 0 0 1 0 0 1 0 0 0 0 0 0 0 0 0 0 1 0 0 0 0 0 0 0 0 0 0 0 0 0 0 0 0 0 0 0 0 0 0 0 0 0 0 0 0 0 0 0 0 1 0 0 0 0 0 0 0 1 0 0 0 
0 0 0 0 1 0 0 0 0 0 0 0 0 0 0 0 0 0 0 0 0 0 0 0 0 0 0 0 0 0 0 0 0 1 0 0 0 0 0 1 0 0 0 0 0 0 0 0 0 0 0 0 0 0 0 0 0 0 0 0 0 0 0 0 0 0 0 0 1 0 0 0 0 0 0 0 0 0 1 0 0 0 0 0 0 0 1 0 0 0 1 0 1 0 1 0 0 0 0 0 
0 1 0 0 0 0 0 0 0 0 0 0 0 0 0 0 1 0 0 0 0 0 0 0 0 0 0 0 0 0 0 1 0 0 0 0 0 0 0 0 1 0 0 1 0 0 0 0 0 0 0 0 0 0 0 0 0 0 0 0 0 0 0 0 0 1 0 0 0 0 0 0 0 1 0 0 1 0 0 1 1 1 0 0 0 0 0 0 0 0 0 0 0 0 0 0 2 0 0 0 
0 1 0 1 0 0 0 0 1 0 2 0 0 0 0 0 0 0 0 0 0 0 0 0 0 0 0 0 1 0 0 0 1 0 1 0 1 0 0 1 0 0 0 0 0 0 0 0 0 0 0 0 0 0 1 0 1 1 0 0 0 0 0 0 0 0 0 0 0 0 0 0 0 0 1 0 1 0 0 0 0 0 0 0 0 0 0 0 0 0 0 0 0 1 0 1 0 0 0 0 
0 0 0 0 0 0 0 0 0 0 0 0 0 0 0 0 1 0 0 0 0 0 0 1 0 0 0 0 0 0 0 1 0 0 0 0 0 0 0 0 1 0 0 0 0 0 1 0 1 0 0 0 0 0 1 0 0 0 0 0 0 0 0 0 0 0 0 0 1 0 0 0 0 0 0 1 0 0 0 0 1 0 0 0 0 0 0 1 0 1 0 0 0 0 1 0 0 0 0 0 
0 0 0 0 0 0 0 0 0 0 0 0 0 0 0 0 0 0 0 0 0 0 0 0 0 0 0 1 0 0 0 0 0 0 1 0 0 0 0 0 0 0 0 0 0 0 0 1 0 1 0 0 1 0 0 0 0 0 0 0 1 0 0 0 1 1 0 0 0 0 0 0 1 0 0 0 0 1 0 0 0 0 1 0 1 1 0 0 0 0 1 1 0 0 0 1 0 0 0 0 
0 0 0 0 0 0 0 0 0 0 0 2 0 1 0 0 0 0 1 0 1 1 0 0 0 0 0 0 0 0 1 0 0 0 0 0 0 0 0 0 0 0 0 0 0 0 0 0 0 0 2 0 1 0 0 0 1 1 0 0 0 0 0 0 1 0 0 0 0 0 0 0 0 0 0 0 0 0 0 0 0 0 0 0 0 0 0 0 0 0 0 0 0 0 1 0 0 0 0 0 
1 0 0 0 0 0 0 0 1 0 0 0 0 0 0 0 0 0 0 0 0 0 0 0 0 0 0 0 0 0 0 0 0 0 0 0 1 0 1 0 0 0 0 1 0 0 1 0 0 0 0 0 0 1 0 0 0 0 1 0 1 0 0 0 0 0 1 0 0 0 0 0 0 0 0 0 0 2 0 0 0 0 0 0 0 0 0 0 0 0 0 0 0 0 0 0 0 1 0 0 
0 0 0 0 0 2 0 0 0 0 0 0 1 0 0 0 0 0 0 0 0 0 0 0 0 0 0 0 0 0 0 0 1 0 0 1 0 0 0 0 0 0 0 0 0 0 0 0 0 0 0 0 0 0 0 0 0 0 0 0 1 0 0 0 0 0 0 0 0 0 0 0 0 1 0 0 0 0 0 1 0 0 0 0 0 0 0 0 0 0 0 0 0 0 0 0 0 0 0 0 
0 0 1 0 0 0 0 0 1 0 0 0 0 0 0 0 0 0 0 0 0 0 0 0 0 0 0 0 0 0 1 0 0 0 0 0 0 0 0 0 0 0 0 0 0 0 0 0 0 1 0 0 0 0 0 0 0 0 0 0 0 0 1 0 0 0 0 0 0 0 0 0 0 0 0 0 0 0 1 0 0 0 0 1 0 0 0 0 0 0 0 0 0 0 1 0 0 0 0 0 
0 0 0 0 0 0 0 1 0 0 1 0 0 0 1 0 0 0 0 0 0 0 0 0 0 1 0 0 0 0 0 0 0 0 1 0 0 0 0 0 0 0 0 2 0 2 0 0 0 0 0 1 0 0 0 0 0 0 0 0 0 0 0 0 0 1 0 0 0 0 0 0 1 0 0 0 0 0 0 0 0 0 0 1 0 0 0 0 0 0 0 1 0 2 1 0 0 0 0 0 
0 0 0 0 0 0 0 1 0 0 0 0 1 0 0 0 0 2 0 0 0 0 0 0 0 0 0 1 0 0 1 0 1 0 0 1 0 0 0 1 0 0 0 0 0 0 0 0 0 0 0 0 0 0 0 0 0 0 0 0 0 1 0 0 0 0 0 0 0 0 0 0 0 0 0 0 0 0 0 0 0 0 0 0 0 0 0 0 0 0 1 0 0 0 1 0 0 0 1 0 
0 1 0 0 0 0 0 0 0 0 0 0 0 0 0 0 0 0 0 0 0 0 0 0 0 0 0 0 0 0 0 0 0 0 0 1 0 0 0 1 1 1 0 0 0 1 0 0 0 0 0 0 0 0 0 0 0 0 0 0 1 0 0 0 0 0 0 0 0 0 0 0 0 0 1 0 0 1 0 0 1 0 1 0 0 0 0 0 0 0 0 0 1 0 0 0 0 0 0 0 
0 0 0 0 1 0 0 0 0 1 0 0 0 0 0 0 0 0 0 0 1 1 0 0 0 0 0 0 0 0 0 0 1 0 0 0 0 1 0 0 0 0 0 1 0 0 0 0 0 0 0 1 0 0 0 0 0 0 0 0 1 0 0 0 0 0 1 0 0 0 1 0 0 1 0 1 0 0 0 1 0 0 0 0 1 0 0 0 0 0 0 0 0 0 0 0 0 0 0 0 
0 0 0 1 0 0 0 0 0 0 0 0 0 0 0 0 0 0 0 0 0 0 1 1 0 0 1 0 0 0 0 0 0 1 1 0 0 0 0 0 2 0 0 0 0 0 0 1 0 0 0 0 0 0 0 0 0 0 0 0 0 0 1 0 1 0 0 0 1 0 0 1 0 1 0 0 0 0 0 0 0 0 0 0 0 0 0 1 0 0 0 0 0 0 1 0 0 0 0 0 
0 0 0 0 0 0 0 0 1 0 0 0 0 0 0 0 0 0 0 0 0 0 0 0 0 0 0 0 0 0 0 0 0 0 0 0 0 0 0 0 0 0 0 0 0 0 0 1 0 1 0 2 0 0 0 0 0 0 0 1 0 0 0 0 0 0 0 1 0 1 0 1 2 0 0 0 0 0 0 0 0 0 0 0 0 0 0 0 0 0 0 0 0 1 0 0 1 0 1 0 
0 0 0 0 0 1 0 0 0 0 0 0 0 0 0 0 0 0 0 0 0 0 0 0 0 0 2 1 0 0 0 0 0 0 0 0 0 1 0 0 0 0 0 0 0 1 0 0 0 1 0 1 1 0 0 0 1 0 0 0 1 0 0 0 0 0 0 0 1 0 0 0 0 0 0 0 0 0 1 0 0 0 0 0 0 1 0 0 1 1 1 0 0 0 0 0 0 0 0 0 
0 0 0 0 0 0 0 0 0 0 0 0 0 0 0 0 0 0 0 0 0 0 0 0 0 1 0 0 1 0 0 0 0 0 0 0 0 0 0 0 0 0 0 0 0 0 0 0 0 1 0 0 1 0 0 0 2 0 0 0 0 0 1 0 0 0 0 0 0 0 0 0 0 0 0 0 1 0 0 1 0 0 0 0 0 0 0 0 0 0 0 0 0 0 0 0 0 1 0 0 
1 0 0 0 2 0 0 0 0 0 0 0 0 0 0 0 0 0 0 0 0 0 1 0 0 0 0 0 1 0 0 0 0 0 0 1 1 0 1 0 0 0 0 1 0 0 0 0 0 0 0 0 0 0 0 0 0 0 0 0 1 0 0 1 0 0 1 0 0 0 0 0 0 0 0 0 0 0 0 0 0 0 0 1 0 1 0 0 0 0 0 0 0 0 0 0 0 0 0 0 
